model = {
  file = str:"data\models\units\savagebrute\brute.nif";
  animation = {
    loop = fixp:"0";
    duration = fixp:"16";
  }
  #0 = {
    scale = fixp:"1";
    name = str:"Brute_New";
    translation = xpoint3:"0,-8.6279430389404296875,0";
    rotation = {
      0 = xpoint3:"1,0,0";
      1 = xpoint3:"0,1,0";
      2 = xpoint3:"0,0,1";
    }
  }
  #1 = {
    scale = fixp:"1";
    name = str:"ROOT";
    translation = xpoint3:"0,0,0";
    rotation = {
      0 = xpoint3:"1,0,0";
      1 = xpoint3:"0,1,0";
      2 = xpoint3:"0,0,1";
    }
    #3 = {
      scale = fixp:"1";
      name = str:"ROOT NonAccum";
      translation = xpoint3:"0,0,0";
      rotation = {
        0 = xpoint3:"1,0,0";
        1 = xpoint3:"0,1,0";
        2 = xpoint3:"0,0,1";
      }
      #0 = {
        scale = fixp:"1";
        name = str:"Bip01";
        translation = xpoint3:"6.77959918975830078125,3.958897113800048828125,123.08208465576171875";
        rotation = {
          0 = xpoint3:"-0.43739235401153564453125,0.892970383167266845703125,-0.095947600901126861572265625";
          1 = xpoint3:"-0.896910846233367919921875,-0.4398185908794403076171875,-0.004587285220623016357421875";
          2 = xpoint3:"-0.046399138867855072021484375,0.084107704460620880126953125,0.99537241458892822265625";
        }
        #0 = {
          scale = fixp:"1";
          name = str:"Bip01 Pelvis";
          translation = xpoint3:"0,0,0";
          rotation = {
            0 = xpoint3:"0.005783379077911376953125,0.99408626556396484375,0.1015684902667999267578125";
            1 = xpoint3:"0.1092166602611541748046875,-0.10078561305999755859375,0.98808729648590087890625";
            2 = xpoint3:"0.993275165557861328125,0.006099879741668701171875,-0.108437836170196533203125";
          }
          #0 = {
            scale = fixp:"1";
            name = str:"Bip01 Spine";
            translation = xpoint3:"13.64679813385009765625,-0.253513813018798828125,-1.5605280399322509765625";
            rotation = {
              0 = xpoint3:"0.990687549114227294921875,-0.1316830217838287353515625,-0.0344134382903575897216796875";
              1 = xpoint3:"0.1299565732479095458984375,0.9903347492218017578125,-0.048314549028873443603515625";
              2 = xpoint3:"0.0404474101960659027099609375,0.04338879883289337158203125,0.998237907886505126953125";
            }
            #0 = {
              scale = fixp:"1";
              name = str:"Bip01 Spine1";
              translation = xpoint3:"16.0507144927978515625,-0.01923270337283611297607421875,0";
              rotation = {
                0 = xpoint3:"0.999930083751678466796875,-0.0117406658828258514404296875,-0.00137657090090215206146240234375";
                1 = xpoint3:"0.01177042536437511444091796875,0.999640762805938720703125,0.02406942285597324371337890625";
                2 = xpoint3:"0.00109327980317175388336181640625,-0.02408395148813724517822265625,0.99970912933349609375";
              }
              #0 = {
                scale = fixp:"1";
                name = str:"Bip01 Spine2";
                translation = xpoint3:"24.1614532470703125,-0.02058017812669277191162109375,-0.0045887245796620845794677734375";
                rotation = {
                  0 = xpoint3:"0.99162447452545166015625,-0.09565810859203338623046875,-0.0867078006267547607421875";
                  1 = xpoint3:"0.0740487575531005859375,0.971561729907989501953125,-0.224818527698516845703125";
                  2 = xpoint3:"0.10576151311397552490234375,0.216508924961090087890625,0.970513045787811279296875";
                }
                #0 = {
                  scale = fixp:"1";
                  name = str:"Bip01 Neck";
                  translation = xpoint3:"26.604190826416015625,-0.011408604681491851806640625,0";
                  rotation = {
                    0 = xpoint3:"0.971420228481292724609375,-0.23698197305202484130859375,0.011865206062793731689453125";
                    1 = xpoint3:"0.23725165426731109619140625,0.97085106372833251953125,-0.033430159091949462890625";
                    2 = xpoint3:"-0.00359099917113780975341796875,0.03529112040996551513671875,0.999370157718658447265625";
                  }
                  #0 = {
                    scale = fixp:"1";
                    name = str:"Bip01 Head";
                    translation = xpoint3:"14.7507839202880859375,0,0";
                    rotation = {
                      0 = xpoint3:"0.94768619537353515625,0.30646610260009765625,-0.088845424354076385498046875";
                      1 = xpoint3:"-0.318895399570465087890625,0.919278919696807861328125,-0.2304665744304656982421875";
                      2 = xpoint3:"0.010987035930156707763671875,0.2467541992664337158203125,0.96899259090423583984375";
                    }
                    #0 = {
                      scale = fixp:"1";
                      name = str:"Bip01 HeadNub";
                      translation = xpoint3:"31.2332859039306640625,0,0";
                      rotation = {
                        0 = xpoint3:"1,0,0";
                        1 = xpoint3:"0,1,0";
                        2 = xpoint3:"0,0,1";
                      }
                    }
                    #1 = {
                      scale = fixp:"1";
                      name = str:"pt_head";
                      translation = xpoint3:"29.7799968719482421875,0.675305545330047607421875,0.00256318249739706516265869140625";
                      rotation = {
                        0 = xpoint3:"-0.01023648492991924285888671875,0.022653929889202117919921875,0.999690949916839599609375";
                        1 = xpoint3:"-0.0430195294320583343505859375,-0.9988276958465576171875,0.02219386212527751922607421875";
                        2 = xpoint3:"0.9990217685699462890625,-0.0427790470421314239501953125,0.0111990459263324737548828125";
                      }
                    }
                  }
                  #1 = {
                    scale = fixp:"1";
                    name = str:"Bip01 L Clavicle";
                    translation = xpoint3:"1.2215936183929443359375,-5.8102245330810546875,16.809207916259765625";
                    rotation = {
                      0 = xpoint3:"-0.22141553461551666259765625,-0.23762293159961700439453125,0.94484817981719970703125";
                      1 = xpoint3:"0.04287846386432647705078125,-0.969817101955413818359375,-0.2340038716793060302734375";
                      2 = xpoint3:"0.97332632541656494140625,-0.011476553976535797119140625,0.22667579352855682373046875";
                    }
                    #0 = {
                      scale = fixp:"1";
                      name = str:"Bip01 L UpperArm";
                      translation = xpoint3:"25.960239410400390625,0,0";
                      rotation = {
                        0 = xpoint3:"0.81917965412139892578125,0.490050494670867919921875,0.2975445687770843505859375";
                        1 = xpoint3:"-0.30871808528900146484375,0.81445419788360595703125,-0.491007328033447265625";
                        2 = xpoint3:"-0.4830894768238067626953125,0.31023466587066650390625,0.81860601902008056640625";
                      }
                      #0 = {
                        scale = fixp:"1";
                        name = str:"Bip01 L Forearm";
                        translation = xpoint3:"43.231372833251953125,0,0";
                        rotation = {
                          0 = xpoint3:"0.95254647731781005859375,0.304280102252960205078125,0";
                          1 = xpoint3:"-0.304280102252960205078125,0.95254647731781005859375,0";
                          2 = xpoint3:"0,0,1";
                        }
                        #0 = {
                          scale = fixp:"1";
                          name = str:"Bip01 L Hand";
                          translation = xpoint3:"31.4561920166015625,0,0";
                          rotation = {
                            0 = xpoint3:"0.949688613414764404296875,0.2933909595012664794921875,-0.10927140712738037109375";
                            1 = xpoint3:"0.2194261848926544189453125,-0.373770177364349365234375,0.900085628032684326171875";
                            2 = xpoint3:"0.2233173847198486328125,-0.878762662410736083984375,-0.4193395078182220458984375";
                          }
                          #0 = {
                            scale = fixp:"1";
                            name = str:"Bip01 L Finger0";
                            translation = xpoint3:"12.05213069915771484375,-0.57080137729644775390625,-11.5753269195556640625";
                            rotation = {
                              0 = xpoint3:"0.3886210918426513671875,0.124640949070453643798828125,0.912442386150360107421875";
                              1 = xpoint3:"0.3415213525295257568359375,0.90073621273040771484375,-0.268129527568817138671875";
                              2 = xpoint3:"-0.855248272418975830078125,0.41592657566070556640625,0.30749070644378662109375";
                            }
                            #0 = {
                              scale = fixp:"1";
                              name = str:"Bip01 L Finger01";
                              translation = xpoint3:"6.873130321502685546875,0,0";
                              rotation = {
                                0 = xpoint3:"0.9988696575164794921875,0.0475159622728824615478515625,0";
                                1 = xpoint3:"-0.0475159622728824615478515625,0.9988696575164794921875,0";
                                2 = xpoint3:"0,0,1";
                              }
                              #0 = {
                                scale = fixp:"1";
                                name = str:"Bip01 L Finger0Nub";
                                translation = xpoint3:"9.6286163330078125,0,0";
                                rotation = {
                                  0 = xpoint3:"1,0,0";
                                  1 = xpoint3:"0,1,0";
                                  2 = xpoint3:"0,0,1";
                                }
                              }
                            }
                          }
                          #1 = {
                            scale = fixp:"1";
                            name = str:"Bip01 L Finger1";
                            translation = xpoint3:"24.29337310791015625,-1.335051059722900390625,-8.584743499755859375";
                            rotation = {
                              0 = xpoint3:"0.9473741054534912109375,-0.315238416194915771484375,0.055051989853382110595703125";
                              1 = xpoint3:"0.29516947269439697265625,0.92728126049041748046875,0.2300410568714141845703125";
                              2 = xpoint3:"-0.123616211116313934326171875,-0.2016646862030029296875,0.97160136699676513671875";
                            }
                            #0 = {
                              scale = fixp:"1";
                              name = str:"Bip01 L Finger11";
                              translation = xpoint3:"10.2710819244384765625,0,0";
                              rotation = {
                                0 = xpoint3:"0.947685539722442626953125,-0.319086551666259765625,0";
                                1 = xpoint3:"0.319086551666259765625,0.947685539722442626953125,0";
                                2 = xpoint3:"0,0,1";
                              }
                              #0 = {
                                scale = fixp:"1";
                                name = str:"Bip01 L Finger1Nub";
                                translation = xpoint3:"10.3440227508544921875,0,0";
                                rotation = {
                                  0 = xpoint3:"1,0,0";
                                  1 = xpoint3:"0,1,0";
                                  2 = xpoint3:"0,0,1";
                                }
                              }
                            }
                          }
                          #2 = {
                            scale = fixp:"1";
                            name = str:"Bip01 L Finger2";
                            translation = xpoint3:"25.2284564971923828125,0.4560102522373199462890625,-0.656160891056060791015625";
                            rotation = {
                              0 = xpoint3:"0.821048259735107421875,-0.5499064922332763671875,-0.1523909866809844970703125";
                              1 = xpoint3:"0.5702965259552001953125,0.781650841236114501953125,0.251926600933074951171875";
                              2 = xpoint3:"-0.0195442736148834228515625,-0.293782293796539306640625,0.955638825893402099609375";
                            }
                            #0 = {
                              scale = fixp:"1";
                              name = str:"Bip01 L Finger21";
                              translation = xpoint3:"11.46103191375732421875,0,0";
                              rotation = {
                                0 = xpoint3:"0.877499043941497802734375,-0.479393064975738525390625,0";
                                1 = xpoint3:"0.479393064975738525390625,0.877499043941497802734375,0";
                                2 = xpoint3:"0,0,1";
                              }
                              #0 = {
                                scale = fixp:"1";
                                name = str:"Bip01 L Finger2Nub";
                                translation = xpoint3:"11.09077930450439453125,0,0";
                                rotation = {
                                  0 = xpoint3:"1,0,0";
                                  1 = xpoint3:"0,1,0";
                                  2 = xpoint3:"0,0,1";
                                }
                              }
                            }
                          }
                          #3 = {
                            scale = fixp:"1";
                            name = str:"Bip01 L Finger3";
                            translation = xpoint3:"24.8693599700927734375,2.1743381023406982421875,7.127091884613037109375";
                            rotation = {
                              0 = xpoint3:"0.7633228302001953125,-0.54280626773834228515625,-0.3497944176197052001953125";
                              1 = xpoint3:"0.5913569927215576171875,0.805198252201080322265625,0.04086537659168243408203125";
                              2 = xpoint3:"0.2594062983989715576171875,-0.23819003999233245849609375,0.93588507175445556640625";
                            }
                            #0 = {
                              scale = fixp:"1";
                              name = str:"Bip01 L Finger31";
                              translation = xpoint3:"9.0093021392822265625,0,0";
                              rotation = {
                                0 = xpoint3:"0.883928000926971435546875,-0.4674428403377532958984375,0";
                                1 = xpoint3:"0.4674428403377532958984375,0.883928000926971435546875,0";
                                2 = xpoint3:"0,0,1";
                              }
                              #0 = {
                                scale = fixp:"1";
                                name = str:"Bip01 L Finger3Nub";
                                translation = xpoint3:"9.97180938720703125,0,0";
                                rotation = {
                                  0 = xpoint3:"1,0,0";
                                  1 = xpoint3:"0,1,0";
                                  2 = xpoint3:"0,0,1";
                                }
                              }
                            }
                          }
                          #4 = {
                            scale = fixp:"1";
                            name = str:"pt_hand";
                            translation = xpoint3:"10.21190357208251953125,5.4789791107177734375,0";
                            rotation = {
                              0 = xpoint3:"1,0,0";
                              1 = xpoint3:"0,1,0";
                              2 = xpoint3:"0,0,1";
                            }
                          }
                        }
                      }
                    }
                  }
                  #2 = {
                    scale = fixp:"1";
                    name = str:"Bip01 R Clavicle";
                    translation = xpoint3:"1.34084165096282958984375,-6.981838226318359375,-16.3471355438232421875";
                    rotation = {
                      0 = xpoint3:"-0.2144063413143157958984375,-0.2379455864429473876953125,-0.9463875293731689453125";
                      1 = xpoint3:"-0.0259857475757598876953125,-0.9666464328765869140625,0.24912871420383453369140625";
                      2 = xpoint3:"-0.975495815277099609375,0.07824493944644927978515625,0.2028018534183502197265625";
                    }
                    #0 = {
                      scale = fixp:"1";
                      name = str:"Bip01 R UpperArm";
                      translation = xpoint3:"25.960235595703125,0,0";
                      rotation = {
                        0 = xpoint3:"0.881996333599090576171875,0.0220544636249542236328125,-0.4705579578876495361328125";
                        1 = xpoint3:"-0.04623757302761077880859375,0.99813401699066162109375,-0.0398474037647247314453125";
                        2 = xpoint3:"0.4687997996807098388671875,0.056915111839771270751953125,0.881371200084686279296875";
                      }
                      #0 = {
                        scale = fixp:"1";
                        name = str:"Bip01 R Forearm";
                        translation = xpoint3:"39.627429962158203125,0,0";
                        rotation = {
                          0 = xpoint3:"0.72528302669525146484375,0.688161194324493408203125,0";
                          1 = xpoint3:"-0.688161194324493408203125,0.72528302669525146484375,0";
                          2 = xpoint3:"0,0,1";
                        }
                        #0 = {
                          scale = fixp:"1";
                          name = str:"Bip01 R Hand";
                          translation = xpoint3:"36.4746856689453125,0,0";
                          rotation = {
                            0 = xpoint3:"0.797924518585205078125,0.60094583034515380859375,0.043441712856292724609375";
                            1 = xpoint3:"0.2357183396816253662109375,-0.2440405786037445068359375,-0.939720928668975830078125";
                            2 = xpoint3:"-0.554490745067596435546875,0.759935915470123291015625,-0.33630025386810302734375";
                          }
                          #0 = {
                            scale = fixp:"1";
                            name = str:"Bip01 R Finger0";
                            translation = xpoint3:"9.71228885650634765625,-0.1679082214832305908203125,10.872280120849609375";
                            rotation = {
                              0 = xpoint3:"0.3271727859973907470703125,0.09819693863391876220703125,-0.93932902812957763671875";
                              1 = xpoint3:"0.360000073909759521484375,0.906612813472747802734375,0.2198126316070556640625";
                              2 = xpoint3:"0.873144626617431640625,-0.41021335124969482421875,0.261288106441497802734375";
                            }
                            #0 = {
                              scale = fixp:"1";
                              name = str:"Bip01 R Finger01";
                              translation = xpoint3:"8.49671268463134765625,0,0";
                              rotation = {
                                0 = xpoint3:"0.9988696575164794921875,0.047515936195850372314453125,0";
                                1 = xpoint3:"-0.047515936195850372314453125,0.9988696575164794921875,0";
                                2 = xpoint3:"0,0,1";
                              }
                              #0 = {
                                scale = fixp:"1";
                                name = str:"Bip01 R Finger0Nub";
                                translation = xpoint3:"9.51332569122314453125,0,0";
                                rotation = {
                                  0 = xpoint3:"-0.9985487461090087890625,0,0";
                                  1 = xpoint3:"0,-0.9985487461090087890625,0";
                                  2 = xpoint3:"0,0,1";
                                }
                              }
                            }
                          }
                          #1 = {
                            scale = fixp:"1";
                            name = str:"Bip01 R Finger1";
                            translation = xpoint3:"22.626453399658203125,-1.32323849201202392578125,9.503223419189453125";
                            rotation = {
                              0 = xpoint3:"0.932571828365325927734375,-0.3576381504535675048828125,-0.0480300821363925933837890625";
                              1 = xpoint3:"0.3340295851230621337890625,0.9059574604034423828125,-0.2598630487918853759765625";
                              2 = xpoint3:"0.13651435077190399169921875,0.226273119449615478515625,0.964423477649688720703125";
                            }
                            #0 = {
                              scale = fixp:"1";
                              name = str:"Bip01 R Finger11";
                              translation = xpoint3:"10.42508029937744140625,0,0";
                              rotation = {
                                0 = xpoint3:"0.947685539722442626953125,-0.3190865814685821533203125,0";
                                1 = xpoint3:"0.3190865814685821533203125,0.947685539722442626953125,0";
                                2 = xpoint3:"0,0,1";
                              }
                              #0 = {
                                scale = fixp:"1";
                                name = str:"Bip01 R Finger1Nub";
                                translation = xpoint3:"9.22001743316650390625,0,0";
                                rotation = {
                                  0 = xpoint3:"-0.9985487461090087890625,0,0";
                                  1 = xpoint3:"0,-0.9985487461090087890625,0";
                                  2 = xpoint3:"0,0,1";
                                }
                              }
                            }
                          }
                          #2 = {
                            scale = fixp:"1";
                            name = str:"Bip01 R Finger2";
                            translation = xpoint3:"22.622585296630859375,0.676539361476898193359375,1.30087912082672119140625";
                            rotation = {
                              0 = xpoint3:"0.791166782379150390625,-0.590311706066131591796875,0.1590097844600677490234375";
                              1 = xpoint3:"0.610829532146453857421875,0.75255930423736572265625,-0.2453215420246124267578125";
                              2 = xpoint3:"0.025285623967647552490234375,0.2912514507770538330078125,0.956279098987579345703125";
                            }
                            #0 = {
                              scale = fixp:"1";
                              name = str:"Bip01 R Finger21";
                              translation = xpoint3:"9.88867950439453125,0,0";
                              rotation = {
                                0 = xpoint3:"0.877499043941497802734375,-0.479393064975738525390625,0";
                                1 = xpoint3:"0.479393064975738525390625,0.877499043941497802734375,0";
                                2 = xpoint3:"0,0,1";
                              }
                              #0 = {
                                scale = fixp:"1";
                                name = str:"Bip01 R Finger2Nub";
                                translation = xpoint3:"12.61436939239501953125,0,0";
                                rotation = {
                                  0 = xpoint3:"-0.9985487461090087890625,0,0";
                                  1 = xpoint3:"0,-0.9985487461090087890625,0";
                                  2 = xpoint3:"0,0,1";
                                }
                              }
                            }
                          }
                          #3 = {
                            scale = fixp:"1";
                            name = str:"Bip01 R Finger3";
                            translation = xpoint3:"22.1221866607666015625,1.87551081180572509765625,-6.041343212127685546875";
                            rotation = {
                              0 = xpoint3:"0.67070376873016357421875,-0.533698499202728271484375,0.51463043689727783203125";
                              1 = xpoint3:"0.611672341823577880859375,0.79058992862701416015625,0.0228169262409210205078125";
                              2 = xpoint3:"-0.4189696013927459716796875,0.299715816974639892578125,0.85698735713958740234375";
                            }
                            #0 = {
                              scale = fixp:"1";
                              name = str:"Bip01 R Finger31";
                              translation = xpoint3:"8.00522136688232421875,0,0";
                              rotation = {
                                0 = xpoint3:"0.883928000926971435546875,-0.4674428999423980712890625,0";
                                1 = xpoint3:"0.4674428999423980712890625,0.883928000926971435546875,0";
                                2 = xpoint3:"0,0,1";
                              }
                              #0 = {
                                scale = fixp:"1";
                                name = str:"Bip01 R Finger3Nub";
                                translation = xpoint3:"9.87033748626708984375,0,0";
                                rotation = {
                                  0 = xpoint3:"-0.9985487461090087890625,0,0";
                                  1 = xpoint3:"0,-0.9985487461090087890625,0";
                                  2 = xpoint3:"0,0,1";
                                }
                              }
                            }
                          }
                          #4 = {
                            scale = fixp:"1";
                            name = str:"pt_hand@#0";
                            translation = xpoint3:"11.25345516204833984375,4.5234317779541015625,0.383675634860992431640625";
                            rotation = {
                              0 = xpoint3:"-0.99878180027008056640625,-0.031831800937652587890625,0.0377051830291748046875";
                              1 = xpoint3:"0.0307534672319889068603515625,-0.999110758304595947265625,-0.028841964900493621826171875";
                              2 = xpoint3:"0.0385897457599639892578125,-0.02764726243913173675537109375,0.998872578144073486328125";
                            }
                          }
                        }
                      }
                    }
                  }
                }
                #1 = {
                  scale = fixp:"1";
                  name = str:"pt_chest";
                  translation = xpoint3:"10.7991313934326171875,4.787021160125732421875,0.116655342280864715576171875";
                  rotation = {
                    0 = xpoint3:"0,0.026681043207645416259765625,0.999643981456756591796875";
                    1 = xpoint3:"0,-0.999643981456756591796875,0.026681043207645416259765625";
                    2 = xpoint3:"1,0,0";
                  }
                }
              }
              #1 = {
                scale = fixp:"1";
                name = str:"Bip01 R UpperArm02";
                translation = xpoint3:"16.5330047607421875,2.040105342864990234375,-34.755825042724609375";
                rotation = {
                  0 = xpoint3:"0.944148719310760498046875,0.1362488269805908203125,-0.2998973429203033447265625";
                  1 = xpoint3:"0.0136605016887187957763671875,0.89354336261749267578125,0.44859683513641357421875";
                  2 = xpoint3:"0.3291132748126983642578125,-0.42762362957000732421875,0.84177958965301513671875";
                }
                #0 = {
                  scale = fixp:"1";
                  name = str:"Bip01 R Forearm02";
                  translation = xpoint3:"-43.23139190673828125,0,0";
                  rotation = {
                    0 = xpoint3:"0.7474918365478515625,0.663005053997039794921875,-0.036247007548809051513671875";
                    1 = xpoint3:"-0.626463353633880615234375,0.68615090847015380859375,-0.3691681921482086181640625";
                    2 = xpoint3:"-0.220075428485870361328125,0.2986064255237579345703125,0.92859971523284912109375";
                  }
                  #0 = {
                    scale = fixp:"1";
                    name = str:"Bip01 R Hand02";
                    translation = xpoint3:"-31.456180572509765625,0,0";
                    rotation = {
                      0 = xpoint3:"0.698255598545074462890625,-0.17133660614490509033203125,0.694726526737213134765625";
                      1 = xpoint3:"-0.60522711277008056640625,-0.658106327056884765625,0.445185244083404541015625";
                      2 = xpoint3:"0.381708443164825439453125,-0.731528222560882568359375,-0.562936007976531982421875";
                    }
                    #0 = {
                      scale = fixp:"1";
                      name = str:"Bip01 R Finger32";
                      translation = xpoint3:"-15.14652347564697265625,-1.859511852264404296875,11.05615520477294921875";
                      rotation = {
                        0 = xpoint3:"0.419142425060272216796875,-0.015920221805572509765625,0.9077808856964111328125";
                        1 = xpoint3:"0.878657639026641845703125,0.2589123249053955078125,-0.40115487575531005859375";
                        2 = xpoint3:"-0.2286492288112640380859375,0.96576964855194091796875,0.122509539127349853515625";
                      }
                      #0 = {
                        scale = fixp:"1";
                        name = str:"Bip01 R Finger33";
                        translation = xpoint3:"-6.845837116241455078125,0.15788687765598297119140625,0.16142928600311279296875";
                        rotation = {
                          0 = xpoint3:"0.8856799602508544921875,-0.46429622173309326171875,0";
                          1 = xpoint3:"0.46429622173309326171875,0.8856799602508544921875,0";
                          2 = xpoint3:"0,0,1";
                        }
                      }
                    }
                    #1 = {
                      scale = fixp:"1";
                      name = str:"Bip01 R Finger34";
                      translation = xpoint3:"-26.3225345611572265625,1.62175881862640380859375,8.47398090362548828125";
                      rotation = {
                        0 = xpoint3:"0.28342473506927490234375,-0.95782935619354248046875,-0.047259606420993804931640625";
                        1 = xpoint3:"0.95197069644927978515625,0.275053560733795166015625,0.1345264017581939697265625";
                        2 = xpoint3:"-0.115854404866695404052734375,-0.0831178724765777587890625,0.989782392978668212890625";
                      }
                      #0 = {
                        scale = fixp:"1";
                        name = str:"Bip01 R Finger35";
                        translation = xpoint3:"-10.35141277313232421875,-0.4603830277919769287109375,0.0191722102463245391845703125";
                        rotation = {
                          0 = xpoint3:"0.18114745616912841796875,-0.983455955982208251953125,0";
                          1 = xpoint3:"0.983455955982208251953125,0.18114745616912841796875,0";
                          2 = xpoint3:"0,0,1";
                        }
                      }
                    }
                    #2 = {
                      scale = fixp:"1";
                      name = str:"Bip01 R Finger36";
                      translation = xpoint3:"-27.3368129730224609375,-0.20896817743778228759765625,0.551639139652252197265625";
                      rotation = {
                        0 = xpoint3:"0.19174428284168243408203125,-0.9809894561767578125,0.029898382723331451416015625";
                        1 = xpoint3:"0.96069347858428955078125,0.19383428990840911865234375,0.19873718917369842529296875";
                        2 = xpoint3:"-0.2007544040679931640625,-0.00938355922698974609375,0.979596674442291259765625";
                      }
                      #0 = {
                        scale = fixp:"1";
                        name = str:"Bip01 R Finger37";
                        translation = xpoint3:"-11.48790740966796875,-0.437293946743011474609375,0.0041839904151856899261474609375";
                        rotation = {
                          0 = xpoint3:"0.0771996974945068359375,-0.997015655040740966796875,0";
                          1 = xpoint3:"0.997015655040740966796875,0.0771996974945068359375,0";
                          2 = xpoint3:"0,0,1";
                        }
                      }
                    }
                    #3 = {
                      scale = fixp:"1";
                      name = str:"Bip01 R Finger38";
                      translation = xpoint3:"-26.917179107666015625,-0.18216706812381744384765625,-7.95762348175048828125";
                      rotation = {
                        0 = xpoint3:"0.0566029213368892669677734375,-0.9923202991485595703125,-0.109984673559665679931640625";
                        1 = xpoint3:"0.9536297321319580078125,0.0211185328662395477294921875,0.300240695476531982421875";
                        2 = xpoint3:"-0.29561221599578857421875,-0.121879160404205322265625,0.9475014209747314453125";
                      }
                      #0 = {
                        scale = fixp:"1";
                        name = str:"Bip01 R Finger39";
                        translation = xpoint3:"-8.9951648712158203125,-0.254916250705718994140625,0.00358421052806079387664794921875";
                        rotation = {
                          0 = xpoint3:"0.064259953796863555908203125,-0.9969227313995361328125,0.044896878302097320556640625";
                          1 = xpoint3:"0.99689185619354248046875,0.0620732009410858154296875,-0.048512212932109832763671875";
                          2 = xpoint3:"0.045576035976409912109375,0.047874726355075836181640625,0.997813045978546142578125";
                        }
                      }
                    }
                  }
                }
              }
              #2 = {
                scale = fixp:"1";
                name = str:"Bip01 L UpperArm01";
                translation = xpoint3:"15.79831600189208984375,3.8234822750091552734375,35.041713714599609375";
                rotation = {
                  0 = xpoint3:"-0.289955914020538330078125,-0.529235899448394775390625,0.79621779918670654296875";
                  1 = xpoint3:"0.867816030979156494140625,-0.494543373584747314453125,-0.01237857341766357421875";
                  2 = xpoint3:"0.4011843204498291015625,0.687871515750885009765625,0.60440862178802490234375";
                }
                #0 = {
                  scale = fixp:"1";
                  name = str:"Bip01 L Forearm01";
                  translation = xpoint3:"43.23138427734375,0,0";
                  rotation = {
                    0 = xpoint3:"0.570286571979522705078125,0.78745806217193603515625,0.23250679671764373779296875";
                    1 = xpoint3:"-0.58926022052764892578125,0.58980929851531982421875,-0.551635921001434326171875";
                    2 = xpoint3:"-0.571770966053009033203125,0.17731197178363800048828125,0.800842940807342529296875";
                  }
                  #0 = {
                    scale = fixp:"1";
                    name = str:"Bip01 L Hand01";
                    translation = xpoint3:"31.4561672210693359375,0,0";
                    rotation = {
                      0 = xpoint3:"0.79458558559417724609375,-0.4861352145671844482421875,0.36332929134368896484375";
                      1 = xpoint3:"-0.600804269313812255859375,-0.544146597385406494140625,0.583693087100982666015625";
                      2 = xpoint3:"-0.08584795892238616943359375,-0.682155311107635498046875,-0.724424839019775390625";
                    }
                    #0 = {
                      scale = fixp:"1";
                      name = str:"Bip01 L Finger04";
                      translation = xpoint3:"13.9872074127197265625,1.80923748016357421875,-11.21254634857177734375";
                      rotation = {
                        0 = xpoint3:"0.22288595139980316162109375,0.771824657917022705078125,0.5954902172088623046875";
                        1 = xpoint3:"0.974840581417083740234375,-0.17821718752384185791015625,-0.1338829696178436279296875";
                        2 = xpoint3:"0.0027923285961151123046875,0.61034858226776123046875,-0.79212820529937744140625";
                      }
                      #0 = {
                        scale = fixp:"1";
                        name = str:"Bip01 L Finger05";
                        translation = xpoint3:"6.809531688690185546875,-0.26242387294769287109375,0.1222414672374725341796875";
                        rotation = {
                          0 = xpoint3:"0.727693855762481689453125,-0.68590199947357177734375,0";
                          1 = xpoint3:"0.68590199947357177734375,0.727693855762481689453125,0";
                          2 = xpoint3:"0,0,1";
                        }
                      }
                    }
                    #1 = {
                      scale = fixp:"1";
                      name = str:"Bip01 L Finger06";
                      translation = xpoint3:"26.3225345611572265625,-1.62175643444061279296875,-8.47396183013916015625";
                      rotation = {
                        0 = xpoint3:"0.340532600879669189453125,-0.928996264934539794921875,0.144925296306610107421875";
                        1 = xpoint3:"0.932848393917083740234375,0.353100478649139404296875,0.0715107619762420654296875";
                        2 = xpoint3:"-0.117606423795223236083984375,0.1108416020870208740234375,0.986855030059814453125";
                      }
                      #0 = {
                        scale = fixp:"1";
                        name = str:"Bip01 L Finger07";
                        translation = xpoint3:"10.39088535308837890625,0.50976979732513427734375,0.033411495387554168701171875";
                        rotation = {
                          0 = xpoint3:"0.679857730865478515625,-0.73334407806396484375,0";
                          1 = xpoint3:"0.73334407806396484375,0.679857730865478515625,0";
                          2 = xpoint3:"0,0,1";
                        }
                      }
                    }
                    #2 = {
                      scale = fixp:"1";
                      name = str:"Bip01 L Finger08";
                      translation = xpoint3:"27.3368091583251953125,0.20897315442562103271484375,-0.551631629467010498046875";
                      rotation = {
                        0 = xpoint3:"-0.01370557583868503570556640625,-0.999703228473663330078125,0.0201384127140045166015625";
                        1 = xpoint3:"0.980555832386016845703125,-0.009494558908045291900634765625,0.196010529994964599609375";
                        2 = xpoint3:"-0.19576115906238555908203125,0.02243328094482421875,0.98039495944976806640625";
                      }
                      #0 = {
                        scale = fixp:"1";
                        name = str:"Bip01 L Finger09";
                        translation = xpoint3:"11.451297760009765625,0.2587989270687103271484375,0";
                        rotation = {
