model = {
  file = str:"data\models\units\savagebrute\yellowsavage.nif";
  animation = {
    loop = fixp:"0";
    duration = fixp:"15.66666698455810546875";
  }
  #1 = {
    scale = fixp:"1";
    name = str:"ROOT";
    translation = xpoint3:"0,0,0";
    rotation = {
      0 = xpoint3:"1,0,0";
      1 = xpoint3:"0,1,0";
      2 = xpoint3:"0,0,1";
    }
    #2 = {
      scale = fixp:"1";
      name = str:"ROOT NonAccum";
      translation = xpoint3:"0,0,0";
      rotation = {
        0 = xpoint3:"1,0,0";
        1 = xpoint3:"0,1,0";
        2 = xpoint3:"0,0,1";
      }
      #0 = {
        scale = fixp:"1";
        name = str:"Bip01";
        translation = xpoint3:"6.77959918975830078125,3.958897113800048828125,123.08208465576171875";
        rotation = {
          0 = xpoint3:"-0.43739235401153564453125,0.892970383167266845703125,-0.095947600901126861572265625";
          1 = xpoint3:"-0.896910846233367919921875,-0.4398185908794403076171875,-0.004587285220623016357421875";
          2 = xpoint3:"-0.046399138867855072021484375,0.084107704460620880126953125,0.99537241458892822265625";
        }
        #0 = {
          scale = fixp:"1";
          name = str:"Bip01 Pelvis";
          translation = xpoint3:"0,0,0";
          rotation = {
            0 = xpoint3:"0.005783379077911376953125,0.99408626556396484375,0.1015684902667999267578125";
            1 = xpoint3:"0.1092166602611541748046875,-0.10078561305999755859375,0.98808729648590087890625";
            2 = xpoint3:"0.993275165557861328125,0.006099879741668701171875,-0.108437836170196533203125";
          }
          #0 = {
            scale = fixp:"1";
            name = str:"Bip01 Spine";
            translation = xpoint3:"13.64679813385009765625,-0.253513813018798828125,-1.5605280399322509765625";
            rotation = {
              0 = xpoint3:"0.990687549114227294921875,-0.1316830217838287353515625,-0.03441344201564788818359375";
              1 = xpoint3:"0.1299565732479095458984375,0.9903347492218017578125,-0.0483145527541637420654296875";
              2 = xpoint3:"0.040447413921356201171875,0.0433887951076030731201171875,0.998237907886505126953125";
            }
            #0 = {
              scale = fixp:"1";
              name = str:"Bip01 Spine1";
              translation = xpoint3:"16.0507144927978515625,-0.01923197321593761444091796875,0";
              rotation = {
                0 = xpoint3:"0.999930083751678466796875,-0.011740689165890216827392578125,-0.00137656903825700283050537109375";
                1 = xpoint3:"0.011770448647439479827880859375,0.999640762805938720703125,0.0240693800151348114013671875";
                2 = xpoint3:"0.00109327794052660465240478515625,-0.0240839086472988128662109375,0.99970912933349609375";
              }
              #0 = {
                scale = fixp:"1";
                name = str:"Bip01 Spine2";
                translation = xpoint3:"24.1614551544189453125,-0.02057893574237823486328125,-0.004588221199810504913330078125";
                rotation = {
                  0 = xpoint3:"0.99162447452545166015625,-0.095658116042613983154296875,-0.0867078006267547607421875";
                  1 = xpoint3:"0.074048765003681182861328125,0.971561729907989501953125,-0.2248184978961944580078125";
                  2 = xpoint3:"0.10576151311397552490234375,0.2165088951587677001953125,0.970513045787811279296875";
                }
                #0 = {
                  scale = fixp:"1";
                  name = str:"Bip01 Neck";
                  translation = xpoint3:"26.604190826416015625,-0.0114085376262664794921875,0";
                  rotation = {
                    0 = xpoint3:"0.971420228481292724609375,-0.2369819581508636474609375,0.01186518371105194091796875";
                    1 = xpoint3:"0.23725163936614990234375,0.97085106372833251953125,-0.033430151641368865966796875";
                    2 = xpoint3:"-0.0035909800790250301361083984375,0.035291112959384918212890625,0.999370157718658447265625";
                  }
                  #0 = {
                    scale = fixp:"1";
                    name = str:"Bip01 Head";
                    translation = xpoint3:"14.75078487396240234375,0,0";
                    rotation = {
                      0 = xpoint3:"0.94768619537353515625,0.3064661324024200439453125,-0.08884544670581817626953125";
                      1 = xpoint3:"-0.3188954293727874755859375,0.919278919696807861328125,-0.23046658933162689208984375";
                      2 = xpoint3:"0.0109870433807373046875,0.24675421416759490966796875,0.96899259090423583984375";
                    }
                    #0 = {
                      scale = fixp:"1";
                      name = str:"pt_head";
                      translation = xpoint3:"29.7799930572509765625,0.67530906200408935546875,0.00256400252692401409149169921875";
                      rotation = {
                        0 = xpoint3:"-0.010236353613436222076416015625,0.0226539783179759979248046875,0.99969089031219482421875";
                        1 = xpoint3:"-0.0430195964872837066650390625,-0.99882757663726806640625,0.0221939124166965484619140625";
                        2 = xpoint3:"0.9990217685699462890625,-0.0427791140973567962646484375,0.011199026368558406829833984375";
                      }
                    }
                  }
                  #1 = {
                    scale = fixp:"1";
                    name = str:"Bip01 L Clavicle";
                    translation = xpoint3:"1.22159397602081298828125,-5.810223102569580078125,16.80921173095703125";
                    rotation = {
                      0 = xpoint3:"-0.22141551971435546875,-0.23762293159961700439453125,0.94484817981719970703125";
                      1 = xpoint3:"0.04287852346897125244140625,-0.969817101955413818359375,-0.234003841876983642578125";
                      2 = xpoint3:"0.97332632541656494140625,-0.01147650182247161865234375,0.226675808429718017578125";
                    }
                    #0 = {
                      scale = fixp:"1";
                      name = str:"Bip01 L UpperArm";
                      translation = xpoint3:"25.96024322509765625,0,0";
                      rotation = {
                        0 = xpoint3:"0.819179594516754150390625,0.4900505840778350830078125,0.29754459857940673828125";
                        1 = xpoint3:"-0.3087181746959686279296875,0.81445419788360595703125,-0.491007328033447265625";
                        2 = xpoint3:"-0.483089506626129150390625,0.310234606266021728515625,0.81860601902008056640625";
                      }
                      #0 = {
                        scale = fixp:"1";
                        name = str:"Bip01 L Forearm";
                        translation = xpoint3:"43.23138427734375,0,0";
                        rotation = {
                          0 = xpoint3:"0.95254647731781005859375,0.304280102252960205078125,0";
                          1 = xpoint3:"-0.304280102252960205078125,0.95254647731781005859375,0";
                          2 = xpoint3:"0,0,1";
                        }
                        #0 = {
                          scale = fixp:"1";
                          name = str:"Bip01 L Hand";
                          translation = xpoint3:"31.4561920166015625,0,0";
                          rotation = {
                            0 = xpoint3:"0.949688613414764404296875,0.2933910191059112548828125,-0.109271466732025146484375";
                            1 = xpoint3:"0.21942625939846038818359375,-0.373770177364349365234375,0.900085628032684326171875";
                            2 = xpoint3:"0.2233173847198486328125,-0.878762662410736083984375,-0.41933953762054443359375";
                          }
                          #0 = {
                            scale = fixp:"1";
                            name = str:"Bip01 L Finger0";
                            translation = xpoint3:"12.05212879180908203125,-0.57079982757568359375,-11.57532501220703125";
                            rotation = {
                              0 = xpoint3:"0.3886210918426513671875,0.124640874564647674560546875,0.912442386150360107421875";
                              1 = xpoint3:"0.341521322727203369140625,0.90073621273040771484375,-0.26812946796417236328125";
                              2 = xpoint3:"-0.855248272418975830078125,0.415926516056060791015625,0.30749070644378662109375";
                            }
                            #0 = {
                              scale = fixp:"1";
                              name = str:"Bip01 L Finger01";
                              translation = xpoint3:"6.8731288909912109375,0,0";
                              rotation = {
                                0 = xpoint3:"0.9988696575164794921875,0.0475159548223018646240234375,0";
                                1 = xpoint3:"-0.0475159548223018646240234375,0.9988696575164794921875,0";
                                2 = xpoint3:"0,0,1";
                              }
                            }
                          }
                          #1 = {
                            scale = fixp:"1";
                            name = str:"Bip01 L Finger1";
                            translation = xpoint3:"24.293369293212890625,-1.335047245025634765625,-8.5847415924072265625";
                            rotation = {
                              0 = xpoint3:"0.9473741054534912109375,-0.31523835659027099609375,0.05505199730396270751953125";
                              1 = xpoint3:"0.295169413089752197265625,0.927281320095062255859375,0.23004104197025299072265625";
                              2 = xpoint3:"-0.12361620366573333740234375,-0.20166467130184173583984375,0.97160136699676513671875";
                            }
                            #0 = {
                              scale = fixp:"1";
                              name = str:"Bip01 L Finger11";
                              translation = xpoint3:"10.2710819244384765625,0,0";
                              rotation = {
                                0 = xpoint3:"0.947685539722442626953125,-0.3190865814685821533203125,0";
                                1 = xpoint3:"0.3190865814685821533203125,0.947685539722442626953125,0";
                                2 = xpoint3:"0,0,1";
                              }
                            }
                          }
                          #2 = {
                            scale = fixp:"1";
                            name = str:"Bip01 L Finger2";
                            translation = xpoint3:"25.228450775146484375,0.456013619899749755859375,-0.656161010265350341796875";
                            rotation = {
                              0 = xpoint3:"0.821048259735107421875,-0.5499064922332763671875,-0.1523909866809844970703125";
                              1 = xpoint3:"0.5702965259552001953125,0.781650841236114501953125,0.251926600933074951171875";
                              2 = xpoint3:"-0.019544281065464019775390625,-0.293782293796539306640625,0.955638825893402099609375";
                            }
                            #0 = {
                              scale = fixp:"1";
                              name = str:"Bip01 L Finger21";
                              translation = xpoint3:"11.46103382110595703125,0,0";
                              rotation = {
                                0 = xpoint3:"0.877499043941497802734375,-0.4793930947780609130859375,0";
                                1 = xpoint3:"0.4793930947780609130859375,0.877499043941497802734375,0";
                                2 = xpoint3:"0,0,1";
                              }
                            }
                          }
                          #3 = {
                            scale = fixp:"1";
                            name = str:"Bip01 L Finger3";
                            translation = xpoint3:"24.8693561553955078125,2.1743404865264892578125,7.1270904541015625";
                            rotation = {
                              0 = xpoint3:"0.7633228302001953125,-0.54280626773834228515625,-0.3497944772243499755859375";
                              1 = xpoint3:"0.5913569927215576171875,0.805198252201080322265625,0.040865324437618255615234375";
                              2 = xpoint3:"0.2594063580036163330078125,-0.2381900250911712646484375,0.935885012149810791015625";
                            }
                            #0 = {
                              scale = fixp:"1";
                              name = str:"Bip01 L Finger31";
                              translation = xpoint3:"9.00930023193359375,0,0";
                              rotation = {
                                0 = xpoint3:"0.883928000926971435546875,-0.46744287014007568359375,0";
                                1 = xpoint3:"0.46744287014007568359375,0.883928000926971435546875,0";
                                2 = xpoint3:"0,0,1";
                              }
                            }
                          }
                          #4 = {
                            scale = fixp:"1";
                            name = str:"pt_hand";
                            translation = xpoint3:"10.211902618408203125,5.478979587554931640625,0";
                            rotation = {
                              0 = xpoint3:"1,0,0";
                              1 = xpoint3:"0,1,0";
                              2 = xpoint3:"0,0,1";
                            }
                          }
                        }
                      }
                    }
                  }
                  #2 = {
                    scale = fixp:"1";
                    name = str:"Bip01 R Clavicle";
                    translation = xpoint3:"1.34084093570709228515625,-6.981836795806884765625,-16.347137451171875";
                    rotation = {
                      0 = xpoint3:"-0.21440659463405609130859375,-0.23794560134410858154296875,-0.946387588977813720703125";
                      1 = xpoint3:"-0.02598576247692108154296875,-0.966646671295166015625,0.2491287291049957275390625";
                      2 = xpoint3:"-0.975495874881744384765625,0.078244976699352264404296875,0.20280183851718902587890625";
                    }
                    #0 = {
                      scale = fixp:"1";
                      name = str:"Bip01 R UpperArm";
                      translation = xpoint3:"25.96024322509765625,0,0";
                      rotation = {
                        0 = xpoint3:"0.88199627399444580078125,0.0220544673502445220947265625,-0.4705580770969390869140625";
                        1 = xpoint3:"-0.0462375991046428680419921875,0.99813401699066162109375,-0.0398474223911762237548828125";
                        2 = xpoint3:"0.4687999188899993896484375,0.0569151379168033599853515625,0.881371200084686279296875";
                      }
                      #0 = {
                        scale = fixp:"1";
                        name = str:"Bip01 R Forearm";
                        translation = xpoint3:"39.62744140625,0,0";
                        rotation = {
                          0 = xpoint3:"0.7252829074859619140625,0.688161313533782958984375,0";
                          1 = xpoint3:"-0.688161313533782958984375,0.7252829074859619140625,0";
                          2 = xpoint3:"0,0,1";
                        }
                        #0 = {
                          scale = fixp:"1";
                          name = str:"Bip01 R Hand";
                          translation = xpoint3:"36.47469329833984375,0,0";
                          rotation = {
                            0 = xpoint3:"0.797924518585205078125,0.600945949554443359375,0.0434417426586151123046875";
                            1 = xpoint3:"0.2357183396816253662109375,-0.2440406978130340576171875,-0.93972110748291015625";
                            2 = xpoint3:"-0.5544908046722412109375,0.7599360942840576171875,-0.336300373077392578125";
                          }
                          #0 = {
                            scale = fixp:"1";
                            name = str:"Bip01 R Finger0";
                            translation = xpoint3:"9.71229076385498046875,-0.1679131984710693359375,10.8722782135009765625";
                            rotation = {
                              0 = xpoint3:"0.3271727859973907470703125,0.0981969535350799560546875,-0.93932902812957763671875";
                              1 = xpoint3:"0.3600000441074371337890625,0.906612813472747802734375,0.2198126316070556640625";
                              2 = xpoint3:"0.873144626617431640625,-0.41021335124969482421875,0.261288106441497802734375";
                            }
                            #0 = {
                              scale = fixp:"1";
                              name = str:"Bip01 R Finger01";
                              translation = xpoint3:"8.496707916259765625,0,0";
                              rotation = {
                                0 = xpoint3:"0.9988696575164794921875,0.047515928745269775390625,0";
                                1 = xpoint3:"-0.047515928745269775390625,0.9988696575164794921875,0";
                                2 = xpoint3:"0,0,1";
                              }
                            }
                          }
                          #1 = {
                            scale = fixp:"1";
                            name = str:"Bip01 R Finger1";
                            translation = xpoint3:"22.62645721435546875,-1.323246002197265625,9.5032215118408203125";
                            rotation = {
                              0 = xpoint3:"0.932571887969970703125,-0.357638061046600341796875,-0.0480301082134246826171875";
                              1 = xpoint3:"0.334029495716094970703125,0.905957520008087158203125,-0.2598630487918853759765625";
                              2 = xpoint3:"0.13651435077190399169921875,0.226273119449615478515625,0.964423477649688720703125";
                            }
                            #0 = {
                              scale = fixp:"1";
                              name = str:"Bip01 R Finger11";
                              translation = xpoint3:"10.42508411407470703125,0,0";
                              rotation = {
                                0 = xpoint3:"0.947685539722442626953125,-0.319086551666259765625,0";
                                1 = xpoint3:"0.319086551666259765625,0.947685539722442626953125,0";
                                2 = xpoint3:"0,0,1";
                              }
                            }
                          }
                          #2 = {
                            scale = fixp:"1";
                            name = str:"Bip01 R Finger2";
                            translation = xpoint3:"22.6225910186767578125,0.67653453350067138671875,1.3008782863616943359375";
                            rotation = {
                              0 = xpoint3:"0.791166782379150390625,-0.590311706066131591796875,0.1590097844600677490234375";
                              1 = xpoint3:"0.610829532146453857421875,0.75255930423736572265625,-0.2453215122222900390625";
                              2 = xpoint3:"0.02528561651706695556640625,0.2912514209747314453125,0.95627915859222412109375";
                            }
                            #0 = {
                              scale = fixp:"1";
                              name = str:"Bip01 R Finger21";
                              translation = xpoint3:"9.88868045806884765625,0,0";
                              rotation = {
                                0 = xpoint3:"0.877499043941497802734375,-0.4793930947780609130859375,0";
                                1 = xpoint3:"0.4793930947780609130859375,0.877499043941497802734375,0";
                                2 = xpoint3:"0,0,1";
                              }
                            }
                          }
                          #3 = {
                            scale = fixp:"1";
                            name = str:"Bip01 R Finger3";
                            translation = xpoint3:"22.1221923828125,1.875509738922119140625,-6.04134273529052734375";
                            rotation = {
                              0 = xpoint3:"0.67070376873016357421875,-0.533698499202728271484375,0.51463043689727783203125";
                              1 = xpoint3:"0.611672341823577880859375,0.79058992862701416015625,0.0228169262409210205078125";
                              2 = xpoint3:"-0.4189696013927459716796875,0.299715816974639892578125,0.85698735713958740234375";
                            }
                            #0 = {
                              scale = fixp:"1";
                              name = str:"Bip01 R Finger31";
                              translation = xpoint3:"8.0052204132080078125,0,0";
                              rotation = {
                                0 = xpoint3:"0.883928000926971435546875,-0.4674428403377532958984375,0";
                                1 = xpoint3:"0.4674428403377532958984375,0.883928000926971435546875,0";
                                2 = xpoint3:"0,0,1";
                              }
                            }
                          }
                          #4 = {
                            scale = fixp:"1";
                            name = str:"pt_hand@#0";
                            translation = xpoint3:"11.25345706939697265625,4.52343082427978515625,0.383673965930938720703125";
                            rotation = {
                              0 = xpoint3:"-0.9987819194793701171875,-0.03183181583881378173828125,0.037705190479755401611328125";
                              1 = xpoint3:"0.03075348399579524993896484375,-0.999110877513885498046875,-0.02884198725223541259765625";
                              2 = xpoint3:"0.038589753210544586181640625,-0.0276472866535186767578125,0.998872578144073486328125";
                            }
                          }
                        }
                      }
                    }
                  }
                }
                #1 = {
                  scale = fixp:"1";
                  name = str:"pt_chest";
                  translation = xpoint3:"10.79913234710693359375,4.787020206451416015625,0.11665423214435577392578125";
                  rotation = {
                    0 = xpoint3:"0,0.0266810394823551177978515625,0.9996440410614013671875";
                    1 = xpoint3:"0,-0.9996440410614013671875,0.0266810394823551177978515625";
                    2 = xpoint3:"1,0,0";
                  }
                }
              }
              #1 = {
                scale = fixp:"1";
                name = str:"Bip01 R UpperArm02";
                translation = xpoint3:"16.5330028533935546875,2.0401051044464111328125,-34.755825042724609375";
                rotation = {
                  0 = xpoint3:"0.84619796276092529296875,0.4467534720897674560546875,-0.29006397724151611328125";
                  1 = xpoint3:"-0.3732438385486602783203125,0.885843575000762939453125,0.275326192378997802734375";
                  2 = xpoint3:"0.380019485950469970703125,-0.124606527388095855712890625,0.91648089885711669921875";
                }
                #0 = {
                  scale = fixp:"1";
                  name = str:"Bip01 R Forearm02";
                  translation = xpoint3:"-43.231395721435546875,0,0";
                  rotation = {
                    0 = xpoint3:"-0.222536027431488037109375,0.9000072479248046875,-0.3724120557308197021484375";
                    1 = xpoint3:"-0.91548120975494384765625,-0.3236271440982818603515625,-0.23503001034259796142578125";
                    2 = xpoint3:"-0.3325628340244293212890625,0.288672506809234619140625,0.89773142337799072265625";
                  }
                  #0 = {
                    scale = fixp:"1";
                    name = str:"Bip01 R Hand02";
                    translation = xpoint3:"-31.4561824798583984375,0,0";
                    rotation = {
                      0 = xpoint3:"0.99038088321685791015625,-0.115214608609676361083984375,0.07653318345546722412109375";
                      1 = xpoint3:"-0.133447706699371337890625,-0.940028965473175048828125,0.3093892037868499755859375";
                      2 = xpoint3:"0.0363791920244693756103515625,-0.3166315853595733642578125,-0.946359455585479736328125";
                    }
                    #0 = {
                      scale = fixp:"1";
                      name = str:"Bip01 R Finger32";
                      translation = xpoint3:"-15.1465301513671875,-1.85951626300811767578125,11.056156158447265625";
                      rotation = {
                        0 = xpoint3:"0.419142425060272216796875,-0.015920221805572509765625,0.9077808856964111328125";
                        1 = xpoint3:"0.878657639026641845703125,0.2589123249053955078125,-0.40115487575531005859375";
                        2 = xpoint3:"-0.2286492288112640380859375,0.96576964855194091796875,0.122509539127349853515625";
                      }
                      #0 = {
                        scale = fixp:"1";
                        name = str:"Bip01 R Finger33";
                        translation = xpoint3:"-6.844405651092529296875,0.16033340990543365478515625,0.1598686277866363525390625";
                        rotation = {
                          0 = xpoint3:"0.8856799602508544921875,-0.46429622173309326171875,0";
                          1 = xpoint3:"0.46429622173309326171875,0.8856799602508544921875,0";
                          2 = xpoint3:"0,0,1";
                        }
                      }
                    }
                    #1 = {
                      scale = fixp:"1";
                      name = str:"Bip01 R Finger34";
                      translation = xpoint3:"-26.322540283203125,1.621755123138427734375,8.473972320556640625";
                      rotation = {
                        0 = xpoint3:"0.28342473506927490234375,-0.95782935619354248046875,-0.047259606420993804931640625";
                        1 = xpoint3:"0.95197069644927978515625,0.275053560733795166015625,0.1345264017581939697265625";
                        2 = xpoint3:"-0.115854404866695404052734375,-0.0831178724765777587890625,0.989782392978668212890625";
                      }
                      #0 = {
                        scale = fixp:"1";
                        name = str:"Bip01 R Finger35";
                        translation = xpoint3:"-10.35538578033447265625,-0.46692287921905517578125,0.010230417363345623016357421875";
                        rotation = {
                          0 = xpoint3:"0.18114745616912841796875,-0.983455955982208251953125,0";
                          1 = xpoint3:"0.983455955982208251953125,0.18114745616912841796875,0";
                          2 = xpoint3:"0,0,1";
                        }
                      }
                    }
                    #2 = {
                      scale = fixp:"1";
                      name = str:"Bip01 R Finger36";
                      translation = xpoint3:"-27.33681488037109375,-0.208975970745086669921875,0.55163395404815673828125";
                      rotation = {
                        0 = xpoint3:"0.19174428284168243408203125,-0.9809894561767578125,0.029898382723331451416015625";
                        1 = xpoint3:"0.96069347858428955078125,0.19383428990840911865234375,0.19873718917369842529296875";
                        2 = xpoint3:"-0.2007544040679931640625,-0.00938355922698974609375,0.979596674442291259765625";
                      }
                      #0 = {
                        scale = fixp:"1";
                        name = str:"Bip01 R Finger37";
                        translation = xpoint3:"-11.48008632659912109375,-0.4172996580600738525390625,-0.01590894162654876708984375";
                        rotation = {
                          0 = xpoint3:"0.0771996974945068359375,-0.997015655040740966796875,0";
                          1 = xpoint3:"0.997015655040740966796875,0.0771996974945068359375,0";
                          2 = xpoint3:"0,0,1";
                        }
                      }
                    }
                    #3 = {
                      scale = fixp:"1";
                      name = str:"Bip01 R Finger38";
                      translation = xpoint3:"-26.9171810150146484375,-0.18217162787914276123046875,-7.957624912261962890625";
                      rotation = {
                        0 = xpoint3:"0.0566029213368892669677734375,-0.9923202991485595703125,-0.109984673559665679931640625";
                        1 = xpoint3:"0.9536297321319580078125,0.0211185328662395477294921875,0.300240695476531982421875";
                        2 = xpoint3:"-0.29561221599578857421875,-0.121879160404205322265625,0.9475014209747314453125";
                      }
                      #0 = {
                        scale = fixp:"1";
                        name = str:"Bip01 R Finger39";
                        translation = xpoint3:"-9.00373363494873046875,-0.313616454601287841796875,0.006107910536229610443115234375";
                        rotation = {
                          0 = xpoint3:"0.064259953796863555908203125,-0.9969227313995361328125,0.044896878302097320556640625";
                          1 = xpoint3:"0.99689185619354248046875,0.0620732009410858154296875,-0.048512212932109832763671875";
                          2 = xpoint3:"0.045576035976409912109375,0.047874726355075836181640625,0.997813045978546142578125";
                        }
                      }
                    }
                  }
                }
              }
              #2 = {
                scale = fixp:"1";
                name = str:"Bip01 L UpperArm01";
                translation = xpoint3:"15.7983188629150390625,3.823482036590576171875,35.041713714599609375";
                rotation = {
                  0 = xpoint3:"-0.61568868160247802734375,-0.765649616718292236328125,0.17989851534366607666015625";
                  1 = xpoint3:"0.409860193729400634765625,-0.50706183910369873046875,-0.756779968738555908203125";
                  2 = xpoint3:"0.67126560211181640625,-0.393041908740997314453125,0.62799739837646484375";
                }
                #0 = {
                  scale = fixp:"1";
                  name = str:"Bip01 L Forearm01";
                  translation = xpoint3:"43.2313690185546875,0,0";
                  rotation = {
                    0 = xpoint3:"-0.075755126774311065673828125,0.946664750576019287109375,-0.3106861412525177001953125";
                    1 = xpoint3:"-0.608020603656768798828125,-0.2904716432094573974609375,-0.737607181072235107421875";
                    2 = xpoint3:"-0.789310455322265625,0.132587015628814697265625,0.599022388458251953125";
                  }
                  #0 = {
                    scale = fixp:"1";
                    name = str:"Bip01 L Hand01";
                    translation = xpoint3:"31.4561767578125,0,0";
                    rotation = {
                      0 = xpoint3:"0.920257627964019775390625,-0.381315708160400390625,0.087226532399654388427734375";
                      1 = xpoint3:"-0.31770074367523193359375,-0.597307860851287841796875,0.73482763767242431640625";
                      2 = xpoint3:"-0.2282024919986724853515625,-0.70392024517059326171875,-0.670816898345947265625";
                    }
                    #0 = {
                      scale = fixp:"1";
                      name = str:"Bip01 L Finger04";
                      translation = xpoint3:"13.987213134765625,1.8092396259307861328125,-11.2125492095947265625";
                      rotation = {
                        0 = xpoint3:"0.22288595139980316162109375,0.771824657917022705078125,0.5954902172088623046875";
                        1 = xpoint3:"0.974840581417083740234375,-0.17821718752384185791015625,-0.1338829696178436279296875";
                        2 = xpoint3:"0.0027923285961151123046875,0.61034858226776123046875,-0.79212820529937744140625";
                      }
                      #0 = {
                        scale = fixp:"1";
                        name = str:"Bip01 L Finger05";
                        translation = xpoint3:"6.777439117431640625,-0.21165876090526580810546875,0.09028302133083343505859375";
                        rotation = {
                          0 = xpoint3:"0.727693855762481689453125,-0.68590199947357177734375,0";
                          1 = xpoint3:"0.68590199947357177734375,0.727693855762481689453125,0";
                          2 = xpoint3:"0,0,1";
                        }
                      }
                    }
                    #1 = {
                      scale = fixp:"1";
                      name = str:"Bip01 L Finger06";
                      translation = xpoint3:"26.3225383758544921875,-1.62174808979034423828125,-8.4739704132080078125";
                      rotation = {
                        0 = xpoint3:"0.340532600879669189453125,-0.928996264934539794921875,0.144925296306610107421875";
                        1 = xpoint3:"0.932848393917083740234375,0.353100478649139404296875,0.0715107619762420654296875";
                        2 = xpoint3:"-0.117606423795223236083984375,0.1108416020870208740234375,0.986855030059814453125";
                      }
                      #0 = {
                        scale = fixp:"1";
                        name = str:"Bip01 L Finger07";
                        translation = xpoint3:"10.39991664886474609375,0.52109110355377197265625,0.012509875930845737457275390625";
                        rotation = {
                          0 = xpoint3:"0.679857730865478515625,-0.73334407806396484375,0";
                          1 = xpoint3:"0.73334407806396484375,0.679857730865478515625,0";
                          2 = xpoint3:"0,0,1";
                        }
                      }
                    }
                    #2 = {
                      scale = fixp:"1";
                      name = str:"Bip01 L Finger08";
                      translation = xpoint3:"27.3368167877197265625,0.20897792279720306396484375,-0.55164086818695068359375";
                      rotation = {
                        0 = xpoint3:"-0.01370557583868503570556640625,-0.999703228473663330078125,0.0201384127140045166015625";
                        1 = xpoint3:"0.980555832386016845703125,-0.009494558908045291900634765625,0.196010529994964599609375";
                        2 = xpoint3:"-0.19576115906238555908203125,0.02243328094482421875,0.98039495944976806640625";
                      }
                      #0 = {
                        scale = fixp:"1";
                        name = str:"Bip01 L Finger09";
                        translation = xpoint3:"11.45129489898681640625,0.2631048262119293212890625,0";
                        rotation = {
                          0 = xpoint3:"0.775293290615081787109375,-0.631601393222808837890625,0";
                          1 = xpoint3:"0.631601393222808837890625,0.775293290615081787109375,0";
                          2 = xpoint3:"0,0,1";
                        }
                      }
                    }
                    #3 = {
                      scale = fixp:"1";
                      name = str:"Bip01 L Finger10";
                      translation = xpoint3:"26.9445285797119140625,1.84833204746246337890625,7.255674839019775390625";
                      rotation = {
                        0 = xpoint3:"0.029802799224853515625,-0.967986643314361572265625,-0.24922578036785125732421875";
                        1 = xpoint3:"0.964117109775543212890625,-0.03796570003032684326171875,0.262748420238494873046875";
                        2 = xpoint3:"-0.263799011707305908203125,-0.24811346828937530517578125,0.932121098041534423828125";
                      }
                      #0 = {
                        scale = fixp:"1";
                        name = str:"Bip01 L Finger12";
                        translation = xpoint3:"8.9967555999755859375,0.19614808261394500732421875,0.0074052060954272747039794921875";
                        rotation = {
                          0 = xpoint3:"0.915412604808807373046875,-0.4025168120861053466796875,0";
                          1 = xpoint3:"0.4025168120861053466796875,0.915412604808807373046875,0";
                          2 = xpoint3:"0,0,1";
                        }
                      }
                    }
                  }
                }
              }
            }
            #1 = {
              scale = fixp:"1";
              name = str:"Bip01 L Thigh";
              translation = xpoint3:"-12.46190357208251953125,3.14876461029052734375,25.7307586669921875";
              rotation = {
                0 = xpoint3:"-0.81603717803955078125,0.56969344615936279296875,0.08304996788501739501953125";
                1 = xpoint3:"0.38618791103363037109375,0.435968875885009765625,0.8123862743377685546875";
                2 = xpoint3:"0.4269740581512451171875,0.69610488414764404296875,-0.575191497802734375";
              }
              #0 = {
                scale = fixp:"1";
                name = str:"Bip01 L Calf";
                translation = xpoint3:"63.202823638916015625,0,0";
                rotation = {
                  0 = xpoint3:"0.8727834224700927734375,0.4879184663295745849609375,0";
                  1 = xpoint3:"-0.4879184663295745849609375,0.8727834224700927734375,0";
                  2 = xpoint3:"0,0,1";
                }
                #0 = {
                  scale = fixp:"1";
                  name = str:"Bip01 L Foot";
                  translation = xpoint3:"43.651210784912109375,0,0";
                  rotation = {
                    0 = xpoint3:"0.999496519565582275390625,-0.031277477741241455078125,0.00526613555848598480224609375";
                    1 = xpoint3:"0.031250141561031341552734375,0.99949777126312255859375,0.0051920400001108646392822265625";
                    2 = xpoint3:"-0.0054260008037090301513671875,-0.0050247372128069400787353515625,0.999972641468048095703125";
                  }
                  #0 = {
                    scale = fixp:"1";
                    name = str:"Bip01 L Toe0";
                    translation = xpoint3:"21.5830745697021484375,28.1277713775634765625,0";
                    rotation = {
                      0 = xpoint3:"-0.0065565225668251514434814453125,-0.999196469783782958984375,-0.010140788741409778594970703125";
                      1 = xpoint3:"0.998689591884613037109375,-0.0068910303525626659393310546875,0.03332383930683135986328125";
                      2 = xpoint3:"-0.0333985351026058197021484375,-0.00989201106131076812744140625,0.999392688274383544921875";
                    }
                  }
                  #1 = {
                    scale = fixp:"1";
                    name = str:"pt_foot";
                    translation = xpoint3:"9.06154727935791015625,2.686820507049560546875,1.13661682605743408203125";
                    rotation = {
                      0 = xpoint3:"-0.0424370951950550079345703125,-0.0100731365382671356201171875,-0.9990484714508056640625";
                      1 = xpoint3:"-0.0272016264498233795166015625,-0.999566972255706787109375,0.01123381964862346649169921875";
                      2 = xpoint3:"-0.99872887134552001953125,0.02765247039496898651123046875,0.0421445779502391815185546875";
                    }
                    #0 = {
                      scale = fixp:"1";
                      name = str:"pt_footprint01";
                      translation = xpoint3:"-1.00613033771514892578125,-11.28569316864013671875,-12.78768157958984375";
                      rotation = {
                        0 = xpoint3:"1,0,0";
                        1 = xpoint3:"0,1,0";
