model = {
  file = str:"data\models\lifeforms\tundraplant1\tundraplant1.nif";
  animation = {
    loop = fixp:"0";
    duration = fixp:"38.33333587646484375";
  }
  #0 = {
    scale = fixp:"1";
    name = str:"Flower_ROOT";
    translation = xpoint3:"0,0,0";
    rotation = {
      0 = xpoint3:"1,0,0";
      1 = xpoint3:"0,1,0";
      2 = xpoint3:"0,0,1";
    }
    #17 = {
      scale = fixp:"1";
      name = str:"Flower_ROOT NonAccum";
      translation = xpoint3:"0,0,0";
      rotation = {
        0 = xpoint3:"1,0,0";
        1 = xpoint3:"0,1,0";
        2 = xpoint3:"0,0,1";
      }
      #0 = {
        scale = fixp:"1";
        name = str:"Bone_Steblo";
        translation = xpoint3:"0,0,-0.14433453977108001708984375";
        rotation = {
          0 = xpoint3:"0,0,1";
          1 = xpoint3:"0.0029495474882423877716064453125,-0.999995648860931396484375,0";
          2 = xpoint3:"0.999995648860931396484375,0.0029495474882423877716064453125,0";
        }
        #0 = {
          scale = fixp:"1";
          name = str:"Dummy_Middle";
          translation = xpoint3:"119.5053558349609375,61.956615447998046875,0";
          rotation = {
            0 = xpoint3:"0,0.0029496229253709316253662109375,0.999995648860931396484375";
            1 = xpoint3:"0,-0.999995648860931396484375,0.0029496229253709316253662109375";
            2 = xpoint3:"1,0,0";
          }
          #0 = {
            scale = fixp:"1";
            name = str:"Bone_Mid_01";
            translation = xpoint3:"0,0,0";
            rotation = {
              0 = xpoint3:"0,0,-1";
              1 = xpoint3:"-0.844935834407806396484375,0.53486764430999755859375,0";
              2 = xpoint3:"0.53486764430999755859375,0.844935834407806396484375,0";
            }
            #0 = {
              scale = fixp:"1";
              name = str:"Bone_Mid_02";
              translation = xpoint3:"51.514141082763671875,0,0";
              rotation = {
                0 = xpoint3:"0.5097620487213134765625,0.86031544208526611328125,0";
                1 = xpoint3:"-0.86031544208526611328125,0.5097620487213134765625,0";
                2 = xpoint3:"0,0,1";
              }
            }
          }
        }
        #1 = {
          scale = fixp:"1";
          name = str:"Dummy_Low";
          translation = xpoint3:"10.78109264373779296875,32.246364593505859375,0";
          rotation = {
            0 = xpoint3:"0,0.0029496229253709316253662109375,0.999995648860931396484375";
            1 = xpoint3:"0,-0.999995648860931396484375,0.0029496229253709316253662109375";
            2 = xpoint3:"1,0,0";
          }
          #0 = {
            scale = fixp:"1";
            name = str:"Bone_Low_01";
            translation = xpoint3:"0,0,0";
            rotation = {
              0 = xpoint3:"0,0,1";
              1 = xpoint3:"-0.999999940395355224609375,0,0";
              2 = xpoint3:"0,-0.999999940395355224609375,0";
            }
            #0 = {
              scale = fixp:"1";
              name = str:"Bone_Low_02";
              translation = xpoint3:"214.3524169921875,0,0";
              rotation = {
                0 = xpoint3:"0.99892532825469970703125,-0.0336208827793598175048828125,-0.03190304338932037353515625";
                1 = xpoint3:"0.04410292208194732666015625,0.901161491870880126953125,0.4312341511249542236328125";
                2 = xpoint3:"0.01425131969153881072998046875,-0.4321777522563934326171875,0.90167582035064697265625";
              }
            }
          }
        }
        #2 = {
          scale = fixp:"1";
          name = str:"Dummy_High";
          translation = xpoint3:"166.793853759765625,30.2546062469482421875,0";
          rotation = {
            0 = xpoint3:"0,0.0029496229253709316253662109375,0.999995648860931396484375";
            1 = xpoint3:"0,-0.999995648860931396484375,0.0029496229253709316253662109375";
            2 = xpoint3:"1,0,0";
          }
          #0 = {
            scale = fixp:"1";
            name = str:"Bone_High_01";
            translation = xpoint3:"0,1.21846807003021240234375,0";
            rotation = {
              0 = xpoint3:"0,0,-1.00000011920928955078125";
              1 = xpoint3:"-0.33327758312225341796875,0.94282877445220947265625,0";
              2 = xpoint3:"0.942828834056854248046875,0.33327758312225341796875,0";
            }
            #0 = {
              scale = fixp:"1";
              name = str:"Bone_High_02";
              translation = xpoint3:"108.94140625,0,0";
              rotation = {
                0 = xpoint3:"0.618789494037628173828125,0.785556852817535400390625,0";
                1 = xpoint3:"-0.785556852817535400390625,0.618789494037628173828125,0";
                2 = xpoint3:"0,0,1";
              }
              #0 = {
                scale = fixp:"1";
                name = str:"Bone_High_03";
                translation = xpoint3:"126.479736328125,0,0";
                rotation = {
                  0 = xpoint3:"0.543520390987396240234375,0.839395999908447265625,0";
                  1 = xpoint3:"-0.839395999908447265625,0.543520390987396240234375,0";
                  2 = xpoint3:"0,0,1";
                }
              }
            }
          }
        }
      }
    }
  }
}