model = {
  file = str:"data\models\lifeforms\trogloc\trogloc.nif";
  animation = {
    loop = fixp:"0";
    duration = fixp:"15.3333339691162109375";
  }
  #1 = {
    scale = fixp:"1";
    name = str:"ROOT";
    translation = xpoint3:"0,0,0";
    rotation = {
      0 = xpoint3:"1,0,0";
      1 = xpoint3:"0,1,0";
      2 = xpoint3:"0,0,1";
    }
    #0 = {
      scale = fixp:"1";
      name = str:"Bip_01";
      translation = xpoint3:"0,5.9423007965087890625,125.016357421875";
      rotation = {
        0 = xpoint3:"0,0,-0.99999988079071044921875";
        1 = xpoint3:"-0.997541904449462890625,-0.07007086277008056640625,0";
        2 = xpoint3:"-0.0700709819793701171875,0.997541904449462890625,0";
      }
      #0 = {
        scale = fixp:"1";
        name = str:"Bone01";
        translation = xpoint3:"1.323848724365234375,2.11815929412841796875,26.351043701171875";
        rotation = {
          0 = xpoint3:"0.93215656280517578125,0.3598554134368896484375,-0.0385976694524288177490234375";
          1 = xpoint3:"-0.357262909412384033203125,0.931968986988067626953125,0.0608134381473064422607421875";
          2 = xpoint3:"0.0578698627650737762451171875,-0.0428851209580898284912109375,0.997400701045989990234375";
        }
        #0 = {
          scale = fixp:"1";
          name = str:"Bone02";
          translation = xpoint3:"59.492950439453125,0,0";
          rotation = {
            0 = xpoint3:"-0.539437592029571533203125,0.83240664005279541015625,0.117780737578868865966796875";
            1 = xpoint3:"-0.81540143489837646484375,-0.55210125446319580078125,0.1674886047840118408203125";
            2 = xpoint3:"0.2046794891357421875,-0.005571432411670684814453125,0.978797495365142822265625";
          }
          #0 = {
            scale = fixp:"1";
            name = str:"Bone03";
            translation = xpoint3:"102.135284423828125,0,0";
            rotation = {
              0 = xpoint3:"0.008255682885646820068359375,-0.99924314022064208984375,-0.00242070853710174560546875";
              1 = xpoint3:"0.99081134796142578125,0.008505969308316707611083984375,-0.129544317722320556640625";
              2 = xpoint3:"0.12955911457538604736328125,-0.001424007117748260498046875,0.9915645122528076171875";
            }
            #0 = {
              scale = fixp:"1";
              name = str:"Bone04";
              translation = xpoint3:"50.88871002197265625,0,0";
              rotation = {
                0 = xpoint3:"0.69607245922088623046875,-0.717652499675750732421875,0.0041193854995071887969970703125";
                1 = xpoint3:"0.717494785785675048828125,0.6957721710205078125,-0.0257069803774356842041015625";
                2 = xpoint3:"0.015596829354763031005859375,0.020846031606197357177734375,0.999660789966583251953125";
              }
              #0 = {
                scale = fixp:"1";
                name = str:"pt_footprint01";
                translation = xpoint3:"9.446163177490234375,-5.85781097412109375,-3.9881312847137451171875";
                rotation = {
                  0 = xpoint3:"0,-0.960039556026458740234375,-0.279864370822906494140625";
                  1 = xpoint3:"0.26182544231414794921875,-0.27008831501007080078125,0.926552593708038330078125";
                  2 = xpoint3:"-0.965115249156951904296875,-0.073323659598827362060546875,0.251348793506622314453125";
                }
              }
              #1 = {
                scale = fixp:"1";
                name = str:"pt_foot";
                translation = xpoint3:"7.122677326202392578125,1.8282949924468994140625,-1.895445346832275390625";
                rotation = {
                  0 = xpoint3:"0,-0.960039675235748291015625,-0.2798638641834259033203125";
                  1 = xpoint3:"0.2618253231048583984375,-0.2700878679752349853515625,0.92655277252197265625";
                  2 = xpoint3:"-0.9651153087615966796875,-0.07332359254360198974609375,0.251348674297332763671875";
                }
              }
            }
          }
        }
      }
      #1 = {
        scale = fixp:"1";
        name = str:"Bone06";
        translation = xpoint3:"0.9654366970062255859375,2.93316555023193359375,-25.5548858642578125";
        rotation = {
          0 = xpoint3:"0.9397220611572265625,0.33910334110260009765625,0.042940698564052581787109375";
          1 = xpoint3:"-0.336303174495697021484375,0.9397170543670654296875,-0.0611930191516876220703125";
          2 = xpoint3:"-0.06111605465412139892578125,0.043050177395343780517578125,0.9971997737884521484375";
        }
        #0 = {
          scale = fixp:"1";
          name = str:"Bone07";
          translation = xpoint3:"59.45833587646484375,0,0";
          rotation = {
            0 = xpoint3:"-0.557936489582061767578125,0.818876326084136962890625,-0.12604664266109466552734375";
            1 = xpoint3:"-0.801215469837188720703125,-0.57194340229034423828125,-0.1692734062671661376953125";
            2 = xpoint3:"-0.21095003187656402587890625,0.006428562104701995849609375,0.977458953857421875";
          }
          #0 = {
            scale = fixp:"1";
            name = str:"Bone08";
            translation = xpoint3:"103.42768096923828125,0,0";
            rotation = {
              0 = xpoint3:"-0.03002845309674739837646484375,-0.998790562152862548828125,-0.0045714080333709716796875";
              1 = xpoint3:"0.987933695316314697265625,-0.030366353690624237060546875,0.146866142749786376953125";
              2 = xpoint3:"-0.14693726599216461181640625,0,0.989137828350067138671875";
            }
            #0 = {
              scale = fixp:"1";
              name = str:"Bone09";
              translation = xpoint3:"51.349536895751953125,0,0";
              rotation = {
                0 = xpoint3:"0.758683145046234130859375,-0.648934304714202880859375,-0.0541666112840175628662109375";
                1 = xpoint3:"0.645746529102325439453125,0.760467231273651123046875,-0.065980948507785797119140625";
                2 = xpoint3:"0.0840308964252471923828125,0.015043772757053375244140625,0.996346950531005859375";
              }
              #0 = {
                scale = fixp:"1";
                name = str:"pt_footprint02";
                translation = xpoint3:"9.55584716796875,-8.24554347991943359375,4.39876270294189453125";
                rotation = {
                  0 = xpoint3:"-0.062906794250011444091796875,-0.952953040599822998046875,-0.2965185344219207763671875";
                  1 = xpoint3:"-0.309042394161224365234375,-0.2639039456844329833984375,0.913699924945831298828125";
                  2 = xpoint3:"-0.948965489864349365234375,0.14911471307277679443359375,-0.2779015600681304931640625";
                }
              }
              #1 = {
                scale = fixp:"1";
                name = str:"pt_foot";
                translation = xpoint3:"7.009559154510498046875,-0.3619300425052642822265625,1.99433243274688720703125";
                rotation = {
                  0 = xpoint3:"-0.062906585633754730224609375,-0.952952921390533447265625,-0.29651892185211181640625";
                  1 = xpoint3:"-0.3090424835681915283203125,-0.263904392719268798828125,0.91369974613189697265625";
                  2 = xpoint3:"-0.948965489864349365234375,0.149114668369293212890625,-0.2779016196727752685546875";
                }
              }
            }
          }
        }
      }
      #2 = {
        scale = fixp:"1";
        name = str:"Bone11";
        translation = xpoint3:"-1.44765913486480712890625,15.55607700347900390625,0";
        rotation = {
          0 = xpoint3:"0.14640557765960693359375,-0.9892246723175048828125,0";
          1 = xpoint3:"0.9892246723175048828125,0.14640557765960693359375,0";
          2 = xpoint3:"0,0,1";
        }
        #0 = {
          scale = fixp:"1";
          name = str:"Bone12";
          translation = xpoint3:"46.912944793701171875,0,0";
          rotation = {
            0 = xpoint3:"0.670539379119873046875,0.741873919963836669921875,0";
            1 = xpoint3:"-0.741873919963836669921875,0.670539379119873046875,0";
            2 = xpoint3:"0,0,1";
          }
          #0 = {
            scale = fixp:"1";
            name = str:"Bone13";
            translation = xpoint3:"34.13417816162109375,0,0";
            rotation = {
              0 = xpoint3:"0.80472409725189208984375,0.59364902973175048828125,0";
              1 = xpoint3:"-0.59364902973175048828125,0.80472409725189208984375,0";
              2 = xpoint3:"0,0,1";
            }
            #0 = {
              scale = fixp:"1";
              name = str:"Bone14";
              translation = xpoint3:"21.66028594970703125,0,0";
              rotation = {
                0 = xpoint3:"0.9848077297210693359375,0.173648178577423095703125,0";
                1 = xpoint3:"-0.173648178577423095703125,0.9848077297210693359375,0";
                2 = xpoint3:"0,0,1";
              }
              #0 = {
                scale = fixp:"1";
                name = str:"Bone39";
                translation = xpoint3:"10.6086864471435546875,-15.2440242767333984375,0";
                rotation = {
                  0 = xpoint3:"0.966511905193328857421875,0.2566217482089996337890625,0";
                  1 = xpoint3:"-0.2566217482089996337890625,0.966511905193328857421875,0";
                  2 = xpoint3:"0,0,1";
                }
              }
              #1 = {
                scale = fixp:"1";
                name = str:"Bone37";
                translation = xpoint3:"14.7808208465576171875,11.82102489471435546875,0";
                rotation = {
                  0 = xpoint3:"0.9991245269775390625,0.041835017502307891845703125,0";
                  1 = xpoint3:"-0.041835017502307891845703125,0.9991245269775390625,0";
                  2 = xpoint3:"0,0,1";
                }
              }
              #2 = {
                scale = fixp:"1";
                name = str:"pt_head";
                translation = xpoint3:"25.483623504638671875,-1.11310350894927978515625,0.106088422238826751708984375";
                rotation = {
                  0 = xpoint3:"0,-0.95759928226470947265625,-0.28810346126556396484375";
                  1 = xpoint3:"0,-0.2881034910678863525390625,0.95759928226470947265625";
                  2 = xpoint3:"-1,0,0";
                }
              }
            }
          }
          #1 = {
            scale = fixp:"1";
            name = str:"Bone45";
            translation = xpoint3:"2.9290263652801513671875,27.821941375732421875,0";
            rotation = {
              0 = xpoint3:"-0.3266525566577911376953125,-0.94480407238006591796875,0.02536426670849323272705078125";
              1 = xpoint3:"0.9419686794281005859375,-0.327635824680328369140625,-0.073141984641551971435546875";
              2 = xpoint3:"0.07741509377956390380859375,0,0.996998965740203857421875";
            }
          }
          #2 = {
            scale = fixp:"1";
            name = str:"Bone47";
            translation = xpoint3:"23.240192413330078125,34.054412841796875,0";
            rotation = {
              0 = xpoint3:"0.075221307575702667236328125,-0.997041285037994384765625,-0.015823580324649810791015625";
              1 = xpoint3:"0.975685656070709228515625,0.076867617666721343994140625,-0.2052531540393829345703125";
              2 = xpoint3:"0.2058621942996978759765625,0,0.978581011295318603515625";
            }
          }
          #3 = {
            scale = fixp:"1";
            name = str:"Bone49";
            translation = xpoint3:"45.4990234375,26.931606292724609375,0";
            rotation = {
              0 = xpoint3:"0.078748025000095367431640625,-0.996671199798583984375,-0.021100379526615142822265625";
              1 = xpoint3:"0.96271049976348876953125,0.081525929272174835205078125,-0.2579573690891265869140625";
              2 = xpoint3:"0.258818924427032470703125,0,0.965925872325897216796875";
            }
          }
          #4 = {
            scale = fixp:"1";
            name = str:"pt_chest ";
            translation = xpoint3:"4.590820789337158203125,-7.744258403778076171875,0.20166015625";
            rotation = {
              0 = xpoint3:"0,-0.868874132633209228515625,0.4950330555438995361328125";
              1 = xpoint3:"0,0.495033085346221923828125,0.868874132633209228515625";
              2 = xpoint3:"-1,0,0";
            }
          }
        }
        #1 = {
          scale = fixp:"1";
          name = str:"Bone23";
          translation = xpoint3:"18.5813884735107421875,-22.455936431884765625,11.8754119873046875";
          rotation = {
            0 = xpoint3:"-0.2520881593227386474609375,0.95156681537628173828125,-0.170749127864837646484375";
            1 = xpoint3:"-0.51628077030181884765625,0.01705515384674072265625,0.85541629791259765625";
            2 = xpoint3:"0.817367017269134521484375,0.3046365082263946533203125,0.4882265627384185791015625";
          }
          #0 = {
            scale = fixp:"1";
            name = str:"Bone24";
            translation = xpoint3:"48.775211334228515625,0,0";
            rotation = {
              0 = xpoint3:"0.13339219987392425537109375,-0.03065435588359832763671875,0.9899542331695556640625";
              1 = xpoint3:"0.0040716826915740966796875,0.99952971935272216796875,0.0303827412426471710205078125";
              2 = xpoint3:"-0.99042034149169921875,0,0.13345468044281005859375";
            }
            #0 = {
              scale = fixp:"1";
              name = str:"Bone25";
              translation = xpoint3:"56.34502410888671875,0,0";
              rotation = {
                0 = xpoint3:"0.4082268774509429931640625,0.863922655582427978515625,-0.293478667736053466796875";
                1 = xpoint3:"-0.912153422832489013671875,0.378840982913970947265625,-0.1534737050533294677734375";
                2 = xpoint3:"-0.02163632214069366455078125,0.3304781019687652587890625,0.9435222148895263671875";
              }
              #0 = {
                scale = fixp:"1";
                name = str:"Bone26";
                translation = xpoint3:"38.100139617919921875,0,0";
                rotation = {
                  0 = xpoint3:"-0.624203622341156005859375,0.77304708957672119140625,-0.11299751698970794677734375";
                  1 = xpoint3:"-0.7301394939422607421875,-0.62868463993072509765625,-0.2676794230937957763671875";
                  2 = xpoint3:"-0.277968585491180419921875,-0.084582470357418060302734375,0.956859052181243896484375";
                }
              }
              #1 = {
                scale = fixp:"1";
                name = str:"Bone28";
                translation = xpoint3:"38.1001434326171875,0,0";
                rotation = {
                  0 = xpoint3:"-0.514472782611846923828125,0.3255913555622100830078125,0.79328954219818115234375";
                  1 = xpoint3:"-0.85503304004669189453125,-0.26499974727630615234375,-0.4457509219646453857421875";
                  2 = xpoint3:"0.065088808536529541015625,-0.90761530399322509765625,0.414726316928863525390625";
                }
              }
            }
          }
        }
        #2 = {
          scale = fixp:"1";
          name = str:"Bone30";
          translation = xpoint3:"19.107852935791015625,-20.8495616912841796875,-13.982177734375";
          rotation = {
            0 = xpoint3:"-0.2487247884273529052734375,0.95058357715606689453125,0.1808722317218780517578125";
            1 = xpoint3:"-0.525179386138916015625,0.024605251848697662353515625,-0.84980332851409912109375";
            2 = xpoint3:"-0.812717914581298828125,-0.3071970045566558837890625,0.49435389041900634765625";
          }
          #0 = {
            scale = fixp:"1";
            name = str:"Bone31";
            translation = xpoint3:"49.687530517578125,0,0";
            rotation = {
              0 = xpoint3:"0.1754862368106842041015625,-0.006219225935637950897216796875,-0.98385441303253173828125";
              1 = xpoint3:"0.00108512048609554767608642578125,0.999980628490447998046875,-0.0061238296329975128173828125";
              2 = xpoint3:"0.98387348651885986328125,0,0.175489604473114013671875";
            }
            #0 = {
              scale = fixp:"1";
              name = str:"Bone32";
              translation = xpoint3:"56.343814849853515625,0,0";
              rotation = {
                0 = xpoint3:"0.2526563107967376708984375,0.9461195468902587890625,0.19984509050846099853515625";
                1 = xpoint3:"-0.9604814052581787109375,0.2694874703884124755859375,-0.061578087508678436279296875";
                2 = xpoint3:"-0.11205227673053741455078125,-0.17656219005584716796875,0.977874219417572021484375";
              }
              #0 = {
                scale = fixp:"1";
                name = str:"Bone33";
                translation = xpoint3:"37.774810791015625,0,0";
                rotation = {
                  0 = xpoint3:"-0.631995141506195068359375,0.773184716701507568359375,0.05260880291461944580078125";
                  1 = xpoint3:"-0.723403751850128173828125,-0.6129291057586669921875,0.317812979221343994140625";
                  2 = xpoint3:"0.277973592281341552734375,0.16279883682727813720703125,0.946692764759063720703125";
                }
              }
              #1 = {
                scale = fixp:"1";
                name = str:"Bone35";
                translation = xpoint3:"37.775409698486328125,0,0";
                rotation = {
                  0 = xpoint3:"-0.6576817035675048828125,-0.25061428546905517578125,0.7103855609893798828125";
                  1 = xpoint3:"-0.74740684032440185546875,0.3347846567630767822265625,-0.57384884357452392578125";
                  2 = xpoint3:"-0.0940115153789520263671875,-0.90835666656494140625,-0.407492697238922119140625";
                }
              }
            }
          }
        }
        #3 = {
          scale = fixp:"1";
          name = str:"Bone19";
          translation = xpoint3:"43.255474090576171875,-1.11376190185546875,-30.572479248046875";
          rotation = {
            0 = xpoint3:"0.4842633306980133056640625,0.09233926236629486083984375,0.86960566043853759765625";
            1 = xpoint3:"0.429088890552520751953125,0.84151828289031982421875,-0.327871382236480712890625";
            2 = xpoint3:"-0.76198637485504150390625,0.53206241130828857421875,0.36792528629302978515625";
          }
          #0 = {
            scale = fixp:"1";
            name = str:"Bone20";
            translation = xpoint3:"78.35950469970703125,0,0";
            rotation = {
              0 = xpoint3:"-0.4086167812347412109375,0.911585509777069091796875,0";
              1 = xpoint3:"-0.911585509777069091796875,-0.4086167812347412109375,0";
              2 = xpoint3:"0,0,1";
            }
            #0 = {
              scale = fixp:"1";
              name = str:"Bone21";
              translation = xpoint3:"55.956150054931640625,0,0";
              rotation = {
                0 = xpoint3:"0.9133627414703369140625,0.4019397795200347900390625,0.0639309585094451904296875";
                1 = xpoint3:"-0.3397510349750518798828125,0.839545905590057373046875,-0.42367327213287353515625";
                2 = xpoint3:"-0.2240803241729736328125,0.365204334259033203125,0.903478682041168212890625";
              }
            }
          }
        }
        #4 = {
          scale = fixp:"1";
          name = str:"Bone15";
          translation = xpoint3:"44.38002777099609375,-2.358451366424560546875,30.1217041015625";
          rotation = {
            0 = xpoint3:"0.447229683399200439453125,-0.660965442657470703125,0.6019203662872314453125";
            1 = xpoint3:"0.44578659534454345703125,-0.4178550243377685546875,-0.790325224399566650390625";
            2 = xpoint3:"0.7748920917510986328125,0.621662557125091552734375,0.108555383980274200439453125";
          }
          #0 = {
            scale = fixp:"1";
            name = str:"Bone16";
            translation = xpoint3:"77.6875762939453125,0,0";
            rotation = {
              0 = xpoint3:"-0.362946212291717529296875,-0.849097311496734619140625,0.3812162578105926513671875";
              1 = xpoint3:"0.589347422122955322265625,-0.52613055706024169921875,-0.61126220226287841796875";
              2 = xpoint3:"0.72038996219635009765625,0.00237166881561279296875,0.693244159221649169921875";
            }
            #0 = {
              scale = fixp:"1";
              name = str:"Bone17";
              translation = xpoint3:"57.558551788330078125,0,0";
              rotation = {
                0 = xpoint3:"0.838739454746246337890625,-0.488422811031341552734375,0.24026072025299072265625";
                1 = xpoint3:"0.23046791553497314453125,0.718699932098388671875,0.655703127384185791015625";
                2 = xpoint3:"-0.49311923980712890625,-0.494474709033966064453125,0.7154824733734130859375";
              }
            }
          }
        }
        #5 = {
          scale = fixp:"1";
          name = str:"Bone41";
          translation = xpoint3:"24.7593441009521484375,24.2590312957763671875,0";
          rotation = {
            0 = xpoint3:"0.22649657726287841796875,-0.97284591197967529296875,0.04764790832996368408203125";
            1 = xpoint3:"0.95200836658477783203125,0.23145414888858795166015625,0.2002727687358856201171875";
            2 = xpoint3:"-0.20586283504962921142578125,0,0.97858083248138427734375";
          }
        }
        #6 = {
          scale = fixp:"1";
          name = str:"Bone43";
          translation = xpoint3:"47.3777008056640625,23.5500774383544921875,0";
          rotation = {
            0 = xpoint3:"0.19271373748779296875,-0.98114097118377685546875,0.0149639807641506195068359375";
            1 = xpoint3:"0.97819650173187255859375,0.1932938396930694580078125,0.075955264270305633544921875";
            2 = xpoint3:"-0.0774152576923370361328125,0,0.99699890613555908203125";
          }
        }
      }
      #3 = {
        scale = fixp:"1";
        name = str:"pt_center";
        translation = xpoint3:"15.0736560821533203125,33.309673309326171875,-0.8493194580078125";
        rotation = {
          0 = xpoint3:"0,-0.997541964054107666015625,-0.070071160793304443359375";
          1 = xpoint3:"0,-0.070071160793304443359375,0.99754202365875244140625";
          2 = xpoint3:"-1,0,0";
        }
      }
      #4 = {
        scale = fixp:"1";
        name = str:"pt_cast";
        translation = xpoint3:"65.912811279296875,31.4977874755859375,-2.5635528564453125";
        rotation = {
          0 = xpoint3:"0,-0.997541964054107666015625,-0.07007159292697906494140625";
          1 = xpoint3:"0,-0.070071600377559661865234375,0.997541964054107666015625";
          2 = xpoint3:"-1,0,0";
        }
      }
    }
    #1 = {
      scale = fixp:"1";
      name = str:"pt_top";
      translation = xpoint3:"0,0,272.8946533203125";
      rotation = {
        0 = xpoint3:"1,0,0";
        1 = xpoint3:"0,1,0";
        2 = xpoint3:"0,0,1";
      }
    }
    #2 = {
      scale = fixp:"1";
      name = str:"pt_ground";
      translation = xpoint3:"0,0,0";
      rotation = {
        0 = xpoint3:"1,0,0";
        1 = xpoint3:"0,1,0";
        2 = xpoint3:"0,0,1";
      }
    }
  }
}