model = {
  file = str:"data\models\lifeforms\mutantbird\mutant_bird.nif";
  animation = {
    loop = fixp:"0";
    duration = fixp:"3";
  }
  #1 = {
    scale = fixp:"1";
    name = str:"ROOT";
    translation = xpoint3:"0,0,0";
    rotation = {
      0 = xpoint3:"1,0,0";
      1 = xpoint3:"0,1,0";
      2 = xpoint3:"0,0,1";
    }
    #0 = {
      scale = fixp:"1";
      name = str:"ROOT NonAccum";
      translation = xpoint3:"0,0,0";
      rotation = {
        0 = xpoint3:"1,0,0";
        1 = xpoint3:"0,1,0";
        2 = xpoint3:"0,0,1";
      }
      #0 = {
        scale = fixp:"1";
        name = str:"Pivot";
        translation = xpoint3:"0,-0.0047426484525203704833984375,117.08271026611328125";
        rotation = {
          0 = xpoint3:"0.99998950958251953125,0,0.0045763538219034671783447265625";
          1 = xpoint3:"0,1,0";
          2 = xpoint3:"-0.0045763538219034671783447265625,0,0.99998950958251953125";
        }
        #0 = {
          scale = fixp:"1";
          name = str:"Bone_tail01";
          translation = xpoint3:"0,0.065707914531230926513671875,-0.0445216000080108642578125";
          rotation = {
            0 = xpoint3:"-0.0059162490069866180419921875,0,-0.9999825954437255859375";
            1 = xpoint3:"0.999964416027069091796875,0.0060228393413126468658447265625,-0.0059162578545510768890380859375";
            2 = xpoint3:"0.00602304935455322265625,-0.999981939792633056640625,0";
          }
          #0 = {
            scale = fixp:"1";
            name = str:"Bone_tail02";
            translation = xpoint3:"35.900318145751953125,0,0";
            rotation = {
              0 = xpoint3:"0.999398410320281982421875,-0.0302070416510105133056640625,0.01704115606844425201416015625";
              1 = xpoint3:"0.0302026532590389251708984375,0.999543666839599609375,0";
              2 = xpoint3:"-0.01704893447458744049072265625,0,0.99985468387603759765625";
            }
            #0 = {
              scale = fixp:"1";
              name = str:"Bone_tail03";
              translation = xpoint3:"26.8244686126708984375,0,0";
              rotation = {
                0 = xpoint3:"0.99859154224395751953125,-0.052329294383525848388671875,-0.008753961883485317230224609375";
                1 = xpoint3:"0.052327282726764678955078125,0.998629868030548095703125,0";
                2 = xpoint3:"0.008765972219407558441162109375,0,0.999961555004119873046875";
              }
              #0 = {
                scale = fixp:"1";
                name = str:"Bone_tail04";
                translation = xpoint3:"30.932415008544921875,0,0";
                rotation = {
                  0 = xpoint3:"0.99861705303192138671875,-0.051754675805568695068359375,-0.009244718588888645172119140625";
                  1 = xpoint3:"0.051752455532550811767578125,0.9986598491668701171875,0";
                  2 = xpoint3:"0.009257125668227672576904296875,0,0.999957144260406494140625";
                }
              }
            }
          }
        }
        #1 = {
          scale = fixp:"1";
          name = str:"Bone_body01";
          translation = xpoint3:"0,-1.6643631458282470703125,-0.0445292294025421142578125";
          rotation = {
            0 = xpoint3:"0,0,-1";
            1 = xpoint3:"-0.998617827892303466796875,0.0525590069591999053955078125,0";
            2 = xpoint3:"0.05255901813507080078125,0.998617827892303466796875,0";
          }
          #0 = {
            scale = fixp:"1";
            name = str:"Bone_body02";
            translation = xpoint3:"28.8029117584228515625,0,0";
            rotation = {
              0 = xpoint3:"0.997444570064544677734375,-0.071416206657886505126953125,0";
              1 = xpoint3:"0.071416445076465606689453125,0.997444629669189453125,0";
              2 = xpoint3:"0,0,0.9999997615814208984375";
            }
            #0 = {
              scale = fixp:"1";
              name = str:"Bone_body03";
              translation = xpoint3:"16.2124195098876953125,0,0";
              rotation = {
                0 = xpoint3:"0.85448551177978515625,0.51927196979522705078125,0";
                1 = xpoint3:"-0.51927196979522705078125,0.85448551177978515625,0";
                2 = xpoint3:"0,0,1";
              }
            }
          }
          #1 = {
            scale = fixp:"1";
            name = str:"D_body01";
            translation = xpoint3:"27.99249267578125,-0.0917975008487701416015625,0";
            rotation = {
              0 = xpoint3:"0,-0.99861776828765869140625,0.0525588691234588623046875";
              1 = xpoint3:"0,0.0525589473545551300048828125,0.998617708683013916015625";
              2 = xpoint3:"-0.99999988079071044921875,0,0";
            }
            #0 = {
              scale = fixp:"1";
              name = str:"D_body02";
              translation = xpoint3:"0,-33.502468109130859375,-2.1262722015380859375";
              rotation = {
                0 = xpoint3:"1,0,0";
                1 = xpoint3:"0,1,0";
                2 = xpoint3:"0,0,1";
              }
            }
            #1 = {
              scale = fixp:"1";
              name = str:"Bone_L_wing01";
              translation = xpoint3:"-5.180784702301025390625,1.51359188556671142578125,-1.570539951324462890625";
              rotation = {
                0 = xpoint3:"0.9953200817108154296875,0.096633084118366241455078125,0";
                1 = xpoint3:"0.096633084118366241455078125,-0.99531996250152587890625,0";
                2 = xpoint3:"0,0,-0.99999988079071044921875";
              }
              #0 = {
                scale = fixp:"1";
                name = str:"D_L_wing01";
                translation = xpoint3:"-22.379852294921875,0,0";
                rotation = {
                  0 = xpoint3:"0.951876103878021240234375,0.2595844268798828125,-0.162934958934783935546875";
                  1 = xpoint3:"-0.25586307048797607421875,0.9657204151153564453125,0.0437967069447040557861328125";
                  2 = xpoint3:"0.1687185466289520263671875,0,0.98566424846649169921875";
                }
                #0 = {
                  scale = fixp:"1";
                  name = str:"Bone_L_wing02";
                  translation = xpoint3:"0,0,0";
                  rotation = {
                    0 = xpoint3:"1,0,0";
                    1 = xpoint3:"0,1,0";
                    2 = xpoint3:"0,0,1";
                  }
                  #0 = {
                    scale = fixp:"1";
                    name = str:"D_L_wing02";
                    translation = xpoint3:"-41.81488800048828125,0,0";
                    rotation = {
                      0 = xpoint3:"0.6205575466156005859375,-0.763755619525909423828125,0.1777236461639404296875";
                      1 = xpoint3:"0.780988156795501708984375,0.62233126163482666015625,-0.0525485314428806304931640625";
                      2 = xpoint3:"-0.070468731224536895751953125,0.17140944302082061767578125,0.982676446437835693359375";
                    }
                    #0 = {
                      scale = fixp:"1";
                      name = str:"Bone_L_wing03";
                      translation = xpoint3:"0,0,0";
                      rotation = {
                        0 = xpoint3:"0.8692481517791748046875,0.494376003742218017578125,0";
                        1 = xpoint3:"-0.494376003742218017578125,0.8692481517791748046875,0";
                        2 = xpoint3:"0,0,1";
                      }
                    }
                    #1 = {
                      scale = fixp:"1";
                      name = str:"Bone_L_wing04";
                      translation = xpoint3:"0,0,0";
                      rotation = {
                        0 = xpoint3:"0.622946321964263916015625,-0.772294342517852783203125,-0.12449674308300018310546875";
                        1 = xpoint3:"0.781229674816131591796875,0.62237679958343505859375,0.0482429899275302886962890625";
                        2 = xpoint3:"0.0402261056005954742431640625,-0.12731333076953887939453125,0.991046488285064697265625";
                      }
                    }
                  }
                }
              }
            }
            #2 = {
              scale = fixp:"1";
              name = str:"Bone_R_wing01";
              translation = xpoint3:"4.649655818939208984375,1.5135920047760009765625,-1.57053625583648681640625";
              rotation = {
                0 = xpoint3:"0.9953200817108154296875,0.096633084118366241455078125,0";
                1 = xpoint3:"-0.096633084118366241455078125,0.9953200817108154296875,0";
                2 = xpoint3:"0,0,1";
              }
              #0 = {
                scale = fixp:"1";
                name = str:"D_R_wing01";
                translation = xpoint3:"22.3798542022705078125,0,0";
                rotation = {
                  0 = xpoint3:"0.951619446277618408203125,0.259619534015655517578125,-0.16437184810638427734375";
                  1 = xpoint3:"-0.26031911373138427734375,0.96536123752593994140625,0.01765431277453899383544921875";
                  2 = xpoint3:"0.1632616221904754638671875,0.02598894946277141571044921875,0.986240446567535400390625";
                }
                #0 = {
                  scale = fixp:"1";
                  name = str:"Bone_R_wing02";
                  translation = xpoint3:"0,0,0";
                  rotation = {
                    0 = xpoint3:"1,0,0";
                    1 = xpoint3:"0,1,0";
                    2 = xpoint3:"0,0,1";
                  }
                  #0 = {
                    scale = fixp:"1";
                    name = str:"D_R_wing02";
                    translation = xpoint3:"41.814929962158203125,0,0";
                    rotation = {
                      0 = xpoint3:"0.519209086894989013671875,-0.838370144367218017578125,0.1660044491291046142578125";
                      1 = xpoint3:"0.852025091648101806640625,0.522961676120758056640625,-0.02375644631683826446533203125";
                      2 = xpoint3:"-0.06689728796482086181640625,0.15377451479434967041015625,0.985838830471038818359375";
                    }
                    #0 = {
                      scale = fixp:"1";
                      name = str:"Bone_R_wing04";
                      translation = xpoint3:"0,0,0";
                      rotation = {
                        0 = xpoint3:"0.62417328357696533203125,-0.769642174243927001953125,-0.134382724761962890625";
                        1 = xpoint3:"0.780396282672882080078125,0.622376859188079833984375,0.0602388940751552581787109375";
                        2 = xpoint3:"0.0372743122279644012451171875,-0.1424712836742401123046875,0.989096820354461669921875";
                      }
                    }
                    #1 = {
                      scale = fixp:"1";
                      name = str:"Bone_R_wing03";
                      translation = xpoint3:"0,0,0";
                      rotation = {
                        0 = xpoint3:"0.811466693878173828125,0.584398686885833740234375,0";
                        1 = xpoint3:"-0.584398686885833740234375,0.811466693878173828125,0";
                        2 = xpoint3:"0,0,1";
                      }
                    }
                  }
                }
              }
            }
          }
        }
      }
    }
  }
}