model = {
  file = str:"data\models\effects\miscreacts\lifedrain.nif";
  animation = {
    loop = fixp:"3.333333492279052734375";
    duration = fixp:"0";
  }
  #0 = {
    scale = fixp:"1";
    name = str:"Dummy01";
    translation = xpoint3:"0,0,0";
    rotation = {
      0 = xpoint3:"1,0,0";
      1 = xpoint3:"0,1,0";
      2 = xpoint3:"0,0,1";
    }
    #0 = {
      scale = fixp:"1";
      name = str:"Path01";
      translation = xpoint3:"23.62807464599609375,-4.771899700164794921875,27.533962249755859375";
      rotation = {
        0 = xpoint3:"1,0,0";
        1 = xpoint3:"0,1,0";
        2 = xpoint3:"0,0,1";
      }
    }
    #1 = {
      scale = fixp:"1";
      name = str:"Path02";
      translation = xpoint3:"13.81857013702392578125,-33.707080841064453125,-1.43243372440338134765625";
      rotation = {
        0 = xpoint3:"1,0,0";
        1 = xpoint3:"0,1,0";
        2 = xpoint3:"0,0,1";
      }
    }
    #2 = {
      scale = fixp:"1";
      name = str:"Path03";
      translation = xpoint3:"-4.91847324371337890625,29.8621540069580078125,-9.51065921783447265625";
      rotation = {
        0 = xpoint3:"1,0,0";
        1 = xpoint3:"0,-0.480505466461181640625,0.876991808414459228515625";
        2 = xpoint3:"0,-0.876991808414459228515625,-0.480505466461181640625";
      }
    }
    #3 = {
      scale = fixp:"1";
      name = str:"Plane01";
      translation = xpoint3:"0,0,8.1109981536865234375";
      rotation = {
        0 = xpoint3:"0,-0.766044318675994873046875,0.64278757572174072265625";
        1 = xpoint3:"0.999999940395355224609375,0,0";
        2 = xpoint3:"0,0.64278757572174072265625,0.766044437885284423828125";
      }
    }
    #4 = {
      scale = fixp:"1";
      name = str:"Plane02";
      translation = xpoint3:"0,0,-14.2361583709716796875";
      rotation = {
        0 = xpoint3:"-0.90720593929290771484375,0.22798587381839752197265625,-0.3535532057285308837890625";
        1 = xpoint3:"-0.096046626567840576171875,-0.930470287799835205078125,-0.353553593158721923828125";
        2 = xpoint3:"-0.4095759689807891845703125,-0.2867883145809173583984375,0.866025388240814208984375";
      }
    }
    #5 = {
      scale = fixp:"1";
      name = str:"Plane03";
      translation = xpoint3:"0,0,8.1109981536865234375";
      rotation = {
        0 = xpoint3:"-0.2418446838855743408203125,0.939692676067352294921875,-0.241844713687896728515625";
        1 = xpoint3:"-0.664463102817535400390625,-0.3420200347900390625,-0.664463043212890625";
        2 = xpoint3:"-0.707106769084930419921875,0,0.707106769084930419921875";
      }
    }
    #6 = {
      scale = fixp:"1";
      name = str:"Plane04";
      translation = xpoint3:"0,0,8.1109981536865234375";
      rotation = {
        0 = xpoint3:"0.965925872325897216796875,0.2588188350200653076171875,0";
        1 = xpoint3:"-0.2588188350200653076171875,0.965925872325897216796875,0";
        2 = xpoint3:"0,0,1";
      }
    }
    #7 = {
      scale = fixp:"1";
      name = str:"Plane05";
      translation = xpoint3:"0,0,0";
      rotation = {
        0 = xpoint3:"1,0,0";
        1 = xpoint3:"0,1,0";
        2 = xpoint3:"0,0,1";
      }
    }
  }
}