model = {
  file = str:"data\models\units\trooper\townguard.nif";
  animation = {
    loop = fixp:"0";
    duration = fixp:"5.66666698455810546875";
  }
  #0 = {
    scale = fixp:"1";
    name = str:"ROOT";
    translation = xpoint3:"0,0,0";
    rotation = {
      0 = xpoint3:"1,0,0";
      1 = xpoint3:"0,1,0";
      2 = xpoint3:"0,0,1";
    }
    #4 = {
      scale = fixp:"1";
      name = str:"ROOT NonAccum";
      translation = xpoint3:"0,0,0";
      rotation = {
        0 = xpoint3:"1,0,0";
        1 = xpoint3:"0,1,0";
        2 = xpoint3:"0,0,1";
      }
      #0 = {
        scale = fixp:"1";
        name = str:"pt_top";
        translation = xpoint3:"0,0,215.364227294921875";
        rotation = {
          0 = xpoint3:"1,0,0";
          1 = xpoint3:"0,1,0";
          2 = xpoint3:"0,0,1";
        }
      }
      #1 = {
        scale = fixp:"1";
        name = str:"pt_ground";
        translation = xpoint3:"0,0,0";
        rotation = {
          0 = xpoint3:"1,0,0";
          1 = xpoint3:"0,1,0";
          2 = xpoint3:"0,0,1";
        }
      }
      #2 = {
        scale = fixp:"1";
        name = str:"Bip01";
        translation = xpoint3:"-0.4689618051052093505859375,-1.17610466480255126953125,97.415771484375";
        rotation = {
          0 = xpoint3:"0.00545259751379489898681640625,0.9992063045501708984375,-0.010666261427104473114013671875";
          1 = xpoint3:"-0.99900209903717041015625,0.005694918334484100341796875,0.0227909199893474578857421875";
          2 = xpoint3:"0.0228424072265625,0.010555543005466461181640625,0.9996831417083740234375";
        }
        #0 = {
          scale = fixp:"1";
          name = str:"Bip01 Footsteps";
          translation = xpoint3:"-2.215793609619140625,-1.02392494678497314453125,-96.9023895263671875";
          rotation = {
            0 = xpoint3:"0.0047302977181971073150634765625,-0.9997274875640869140625,0.02285899035632610321044921875";
            1 = xpoint3:"0.999931871891021728515625,0.0049727945588529109954833984375,0.010563208721578121185302734375";
            2 = xpoint3:"-0.010674002580344676971435546875,0.02280746586620807647705078125,0.999682903289794921875";
          }
        }
        #1 = {
          scale = fixp:"1";
          name = str:"Bip01 Pelvis";
          translation = xpoint3:"0,0,0";
          rotation = {
            0 = xpoint3:"0.0565186254680156707763671875,0.99771559238433837890625,0";
            1 = xpoint3:"0.0396662652492523193359375,-0.001491299830377101898193359375,0.9984843730926513671875";
            2 = xpoint3:"0.996926784515380859375,-0.0557489655911922454833984375,-0.0390025936067104339599609375";
          }
          #0 = {
            scale = fixp:"1";
            name = str:"Bip01 Spine";
            translation = xpoint3:"10.20866107940673828125,-0.586582839488983154296875,-0.4036214351654052734375";
            rotation = {
              0 = xpoint3:"0.989406526088714599609375,-0.09964756667613983154296875,0.10549758374691009521484375";
              1 = xpoint3:"0.07655043900012969970703125,0.975998818874359130859375,0.2037927210330963134765625";
              2 = xpoint3:"-0.12328587472438812255859375,-0.193550527095794677734375,0.97329342365264892578125";
            }
            #0 = {
              scale = fixp:"1";
              name = str:"Bip01 Spine1";
              translation = xpoint3:"20.3340549468994140625,-0.0256399214267730712890625,-0.004370379261672496795654296875";
              rotation = {
                0 = xpoint3:"0.982054054737091064453125,-0.17129729688167572021484375,0.07874667644500732421875";
                1 = xpoint3:"0.18175224959850311279296875,0.97120797634124755859375,-0.15388123691082000732421875";
                2 = xpoint3:"-0.0500991679728031158447265625,0.16544045507907867431640625,0.984935343265533447265625";
              }
              #0 = {
                scale = fixp:"1";
                name = str:"Bip01 Neck";
                translation = xpoint3:"33.15416717529296875,-0.0052568824030458927154541015625,0";
                rotation = {
                  0 = xpoint3:"0.991295039653778076171875,-0.12965647876262664794921875,-0.02259910106658935546875";
                  1 = xpoint3:"0.13082726299762725830078125,0.989470183849334716796875,0.0617876462638378143310546875";
                  2 = xpoint3:"0.0143439769744873046875,-0.0642081201076507568359375,0.997831881046295166015625";
                }
                #0 = {
                  scale = fixp:"1";
                  name = str:"Bip01 Head";
                  translation = xpoint3:"6.672454833984375,0,0";
                  rotation = {
                    0 = xpoint3:"0.894985616207122802734375,0.4157452881336212158203125,-0.16125805675983428955078125";
                    1 = xpoint3:"-0.4255113303661346435546875,0.90438115596771240234375,-0.02993484772741794586181640625";
                    2 = xpoint3:"0.13337324559688568115234375,0.095455937087535858154296875,0.986448228359222412109375";
                  }
                  #0 = {
                    scale = fixp:"1";
                    name = str:"pt_head";
                    translation = xpoint3:"9.69745540618896484375,1.35076868534088134765625,0";
                    rotation = {
                      0 = xpoint3:"1,0,0";
                      1 = xpoint3:"0,1,0";
                      2 = xpoint3:"0,0,1";
                    }
                  }
                }
                #1 = {
                  scale = fixp:"1";
                  name = str:"Bip01 L Clavicle";
                  translation = xpoint3:"-7.497681140899658203125,0.2574650943279266357421875,11.9396228790283203125";
                  rotation = {
                    0 = xpoint3:"-0.21563826501369476318359375,-0.13116359710693359375,0.96671211719512939453125";
                    1 = xpoint3:"-0.0047105252742767333984375,-0.989324152469635009765625,-0.1353843212127685546875";
                    2 = xpoint3:"0.97555828094482421875,-0.03387056291103363037109375,0.214473664760589599609375";
                  }
                  #0 = {
                    scale = fixp:"1";
                    name = str:"Bip01 L UpperArm";
                    translation = xpoint3:"13.4427013397216796875,0,0";
                    rotation = {
                      0 = xpoint3:"0.352044165134429931640625,0.19055895507335662841796875,0.915866672992706298828125";
                      1 = xpoint3:"-0.26849019527435302734375,0.958427965641021728515625,-0.096272937953472137451171875";
                      2 = xpoint3:"-0.896123588085174560546875,-0.21223278343677520751953125,0.3886289298534393310546875";
                    }
                    #0 = {
                      scale = fixp:"1";
                      name = str:"Bip01 L Forearm";
                      translation = xpoint3:"34.81034088134765625,0,0";
                      rotation = {
                        0 = xpoint3:"0.2043514251708984375,0.978307664394378662109375,0";
                        1 = xpoint3:"-0.978307664394378662109375,0.2043514251708984375,0";
                        2 = xpoint3:"0,0,1";
                      }
                      #0 = {
                        scale = fixp:"1";
                        name = str:"Bip01 L Hand";
                        translation = xpoint3:"30.838451385498046875,0,0";
                        rotation = {
                          0 = xpoint3:"0.83605849742889404296875,-0.47502505779266357421875,-0.274079382419586181640625";
                          1 = xpoint3:"-0.501408398151397705078125,-0.86308848857879638671875,-0.03104778937995433807373046875";
                          2 = xpoint3:"-0.22216637432575225830078125,0.1634795665740966796875,-0.9597251415252685546875";
                        }
                        #0 = {
                          scale = fixp:"1";
                          name = str:"Bip01 L Finger0";
                          translation = xpoint3:"2.612567901611328125,1.414512157440185546875,-3.28369903564453125";
                          rotation = {
                            0 = xpoint3:"0.753192722797393798828125,0.417796909809112548828125,0.50772857666015625";
                            1 = xpoint3:"-0.16761226952075958251953125,0.868731975555419921875,-0.4658544957637786865234375";
                            2 = xpoint3:"-0.63580548763275146484375,0.2656314074993133544921875,0.724424839019775390625";
                          }
                          #0 = {
                            scale = fixp:"1";
                            name = str:"Bip01 L Finger01";
                            translation = xpoint3:"3.953503131866455078125,0,0";
                            rotation = {
                              0 = xpoint3:"0.934014260768890380859375,-0.357101619243621826171875,0";
                              1 = xpoint3:"0.357101619243621826171875,0.934014260768890380859375,0";
                              2 = xpoint3:"0,0,1";
                            }
                            #0 = {
                              scale = fixp:"1";
                              name = str:"Bip01 L Finger02";
                              translation = xpoint3:"5.31869411468505859375,0,0";
                              rotation = {
                                0 = xpoint3:"0.744231283664703369140625,-0.667644083499908447265625,0";
                                1 = xpoint3:"0.667644083499908447265625,0.744231283664703369140625,0";
                                2 = xpoint3:"0,0,1";
                              }
                            }
                          }
                        }
                        #1 = {
                          scale = fixp:"1";
                          name = str:"Bip01 L Finger1";
                          translation = xpoint3:"9.9149837493896484375,1.60408604145050048828125,-4.78363323211669921875";
                          rotation = {
                            0 = xpoint3:"0.496677935123443603515625,-0.69048631191253662109375,0.525175511837005615234375";
                            1 = xpoint3:"0.8507297039031982421875,0.5062563419342041015625,-0.1387333571910858154296875";
                            2 = xpoint3:"-0.16982211172580718994140625,0.515961945056915283203125,0.839470565319061279296875";
                          }
                          #0 = {
                            scale = fixp:"1";
                            name = str:"Bip01 L Finger11";
                            translation = xpoint3:"3.7788255214691162109375,0,0";
                            rotation = {
                              0 = xpoint3:"0.8979141712188720703125,-0.44000232219696044921875,0";
                              1 = xpoint3:"0.44000232219696044921875,0.8979141712188720703125,0";
                              2 = xpoint3:"0,0,1";
                            }
                            #0 = {
                              scale = fixp:"1";
                              name = str:"Bip01 L Finger12";
                              translation = xpoint3:"3.85306453704833984375,0,0";
                              rotation = {
                                0 = xpoint3:"0.930966854095458984375,-0.3649664819240570068359375,0";
                                1 = xpoint3:"0.3649664819240570068359375,0.930966854095458984375,0";
                                2 = xpoint3:"0,0,1";
                              }
                            }
                          }
                        }
                        #2 = {
                          scale = fixp:"1";
                          name = str:"Bip01 L Finger2";
                          translation = xpoint3:"10.47158718109130859375,0.449594914913177490234375,0.901257097721099853515625";
                          rotation = {
                            0 = xpoint3:"0.525371015071868896484375,-0.849198400974273681640625,0.046460233628749847412109375";
                            1 = xpoint3:"0.850447356700897216796875,0.5241909027099609375,-0.035674102604389190673828125";
                            2 = xpoint3:"0.00597841106355190277099609375,0.058270521461963653564453125,0.998281657695770263671875";
                          }
                          #0 = {
                            scale = fixp:"1";
                            name = str:"Bip01 L Finger21";
                            translation = xpoint3:"5.0667171478271484375,0,0";
                            rotation = {
                              0 = xpoint3:"0.4809339940547943115234375,-0.87632715702056884765625,0";
                              1 = xpoint3:"0.87632715702056884765625,0.4809339940547943115234375,0";
                              2 = xpoint3:"0,0,1";
                            }
                            #0 = {
                              scale = fixp:"1";
                              name = str:"Bip01 L Finger22";
                              translation = xpoint3:"3.49791049957275390625,0,0";
                              rotation = {
                                0 = xpoint3:"0.789148747920989990234375,-0.613952934741973876953125,0";
                                1 = xpoint3:"0.613952934741973876953125,0.789148747920989990234375,0";
                                2 = xpoint3:"0,0,1";
                              }
                            }
                          }
                        }
                        #3 = {
                          scale = fixp:"1";
                          name = str:"pt_hand";
                          translation = xpoint3:"10.21186161041259765625,5.4790096282958984375,0";
                          rotation = {
                            0 = xpoint3:"1,0,0";
                            1 = xpoint3:"0,1,0";
                            2 = xpoint3:"0,0,1";
                          }
                          #0 = {
                            scale = fixp:"0.0011688931845128536224365234375";
                            name = str:"BoneGrenade";
                            translation = xpoint3:"2.1052210330963134765625,1.40546953678131103515625,-19.9196071624755859375";
                            rotation = {
                              0 = xpoint3:"-0.13808380067348480224609375,0.55107319355010986328125,0.822952747344970703125";
                              1 = xpoint3:"-0.057258665561676025390625,-0.83396446704864501953125,0.54883944988250732421875";
                              2 = xpoint3:"0.9887640476226806640625,0.02866466902196407318115234375,0.14671064913272857666015625";
                            }
                          }
                        }
                      }
                    }
                  }
                }
                #2 = {
                  scale = fixp:"1";
                  name = str:"Bip01 R Clavicle";
                  translation = xpoint3:"-7.83614826202392578125,1.77264297008514404296875,-11.5889949798583984375";
                  rotation = {
                    0 = xpoint3:"-0.0292773731052875518798828125,-0.1286990642547607421875,-0.9904978275299072265625";
                    1 = xpoint3:"0.40243589878082275390625,-0.90778386592864990234375,0.105855934321880340576171875";
                    2 = xpoint3:"-0.9141633510589599609375,-0.39572298526763916015625,0.0798339545726776123046875";
                  }
                  #0 = {
                    scale = fixp:"1";
                    name = str:"Bip01 R UpperArm";
                    translation = xpoint3:"13.442699432373046875,0,0";
                    rotation = {
                      0 = xpoint3:"0.64658391475677490234375,0.734321296215057373046875,0.20539872348308563232421875";
                      1 = xpoint3:"-0.658569395542144775390625,0.4022558629512786865234375,0.63530242443084716796875";
                      2 = xpoint3:"0.38432109355926513671875,-0.54598081111907958984375,0.744198262691497802734375";
                    }
                    #0 = {
                      scale = fixp:"1";
                      name = str:"Bip01 R Forearm";
                      translation = xpoint3:"34.81032562255859375,0,0";
                      rotation = {
                        0 = xpoint3:"0.21766377985477447509765625,0.975441992282867431640625,0";
                        1 = xpoint3:"-0.975441992282867431640625,0.21766377985477447509765625,0";
                        2 = xpoint3:"0,0,1";
                      }
                      #0 = {
                        scale = fixp:"1";
                        name = str:"Bip01 R Hand";
                        translation = xpoint3:"30.8384571075439453125,0,0";
                        rotation = {
                          0 = xpoint3:"0.916806280612945556640625,0.0687322318553924560546875,-0.3932192623615264892578125";
                          1 = xpoint3:"-0.2799707949161529541015625,-0.59029495716094970703125,-0.755552947521209716796875";
                          2 = xpoint3:"-0.2845380008220672607421875,0.802819907665252685546875,-0.521833002567291259765625";
                        }
                        #0 = {
                          scale = fixp:"1";
                          name = str:"Bip01 R Finger0";
                          translation = xpoint3:"2.6125710010528564453125,1.41451466083526611328125,3.283702373504638671875";
                          rotation = {
                            0 = xpoint3:"0.4713398516178131103515625,0.7114734649658203125,-0.520458519458770751953125";
                            1 = xpoint3:"0.3008549213409423828125,0.4256512224674224853515625,0.8529207706451416015625";
                            2 = xpoint3:"0.828587830066680908203125,-0.55838429927825927734375,-0.013358839787542819976806640625";
                          }
                          #0 = {
                            scale = fixp:"1";
                            name = str:"Bip01 R Finger01";
                            translation = xpoint3:"3.9535100460052490234375,0,0";
                            rotation = {
                              0 = xpoint3:"0.97807896137237548828125,-0.20815794169902801513671875,0";
                              1 = xpoint3:"0.20815794169902801513671875,0.97807896137237548828125,0";
                              2 = xpoint3:"0,0,1";
                            }
                            #0 = {
                              scale = fixp:"1";
                              name = str:"Bip01 R Finger02";
                              translation = xpoint3:"5.31869220733642578125,0,0";
                              rotation = {
                                0 = xpoint3:"0.9968111515045166015625,-0.079767860472202301025390625,0";
                                1 = xpoint3:"0.079767860472202301025390625,0.9968111515045166015625,0";
                                2 = xpoint3:"0,0,1";
                              }
                            }
                          }
                        }
                        #1 = {
                          scale = fixp:"1";
                          name = str:"Bip01 R Finger1";
                          translation = xpoint3:"9.91498470306396484375,1.604091167449951171875,4.783634185791015625";
                          rotation = {
                            0 = xpoint3:"0.988564074039459228515625,-0.08665101230144500732421875,-0.1233536303043365478515625";
                            1 = xpoint3:"0.08032159507274627685546875,0.9952266216278076171875,-0.055367298424243927001953125";
                            2 = xpoint3:"0.12756550312042236328125,0.04481850564479827880859375,0.99081027507781982421875";
                          }
                          #0 = {
                            scale = fixp:"1";
                            name = str:"Bip01 R Finger11";
                            translation = xpoint3:"3.778832912445068359375,0,0";
                            rotation = {
                              0 = xpoint3:"0.8980696201324462890625,-0.4396851360797882080078125,0";
                              1 = xpoint3:"0.4396851360797882080078125,0.8980696201324462890625,0";
                              2 = xpoint3:"0,0,1";
                            }
                            #0 = {
                              scale = fixp:"1";
                              name = str:"Bip01 R Finger12";
                              translation = xpoint3:"3.853059291839599609375,0,0";
                              rotation = {
                                0 = xpoint3:"0.930966854095458984375,-0.3649664819240570068359375,0";
                                1 = xpoint3:"0.3649664819240570068359375,0.930966854095458984375,0";
                                2 = xpoint3:"0,0,1";
                              }
                            }
                          }
                        }
                        #2 = {
                          scale = fixp:"1";
                          name = str:"Bip01 R Finger2";
                          translation = xpoint3:"10.47158908843994140625,0.449597775936126708984375,-0.901255190372467041015625";
                          rotation = {
                            0 = xpoint3:"0.84416103363037109375,-0.522265911102294921875,0.1200179159641265869140625";
                            1 = xpoint3:"0.53176987171173095703125,0.84409391880035400390625,-0.067081891000270843505859375";
                            2 = xpoint3:"-0.06623278558254241943359375,0.120488576591014862060546875,0.99049580097198486328125";
                          }
                          #0 = {
                            scale = fixp:"1";
                            name = str:"Bip01 R Finger21";
                            translation = xpoint3:"5.066720485687255859375,0,0";
                            rotation = {
                              0 = xpoint3:"0.4809339940547943115234375,-0.87632715702056884765625,0";
                              1 = xpoint3:"0.87632715702056884765625,0.4809339940547943115234375,0";
                              2 = xpoint3:"0,0,1";
                            }
                            #0 = {
                              scale = fixp:"1";
                              name = str:"Bip01 R Finger22";
                              translation = xpoint3:"3.49790668487548828125,0,0";
                              rotation = {
                                0 = xpoint3:"0.2454873025417327880859375,-0.96883487701416015625,0";
                                1 = xpoint3:"0.96883487701416015625,0.2454873025417327880859375,0";
                                2 = xpoint3:"0,0,1";
                              }
                            }
                          }
                        }
                        #3 = {
                          scale = fixp:"1";
                          name = str:"pt_weapon";
                          translation = xpoint3:"9.7799777984619140625,3.3869588375091552734375,13.8978023529052734375";
                          rotation = {
                            0 = xpoint3:"0.97951602935791015625,0.076380066573619842529296875,-0.18631811439990997314453125";
                            1 = xpoint3:"-0.079258404672145843505859375,0.996821701526641845703125,-0.0080376826226711273193359375";
                            2 = xpoint3:"0.18511201441287994384765625,0.0226403139531612396240234375,0.98245656490325927734375";
                          }
                          #0 = {
                            scale = fixp:"1";
                            name = str:"Bone_Gun";
                            translation = xpoint3:"0,0,0";
                            rotation = {
                              0 = xpoint3:"0.994626939296722412109375,0.10352437198162078857421875,0";
                              1 = xpoint3:"-0.10352437198162078857421875,0.994626939296722412109375,0";
                              2 = xpoint3:"0,0,1";
                            }
                            #0 = {
                              scale = fixp:"1";
                              name = str:"pt_shoot_1";
                              translation = xpoint3:"59.50457000732421875,0,1.1018946170806884765625";
                              rotation = {
                                0 = xpoint3:"0,-1,0";
                                1 = xpoint3:"1,0,0";
                                2 = xpoint3:"0,0,1";
                              }
                            }
                          }
                        }
                        #4 = {
                          scale = fixp:"1";
                          name = str:"pt_hand@#0";
                          translation = xpoint3:"6.118657588958740234375,2.9566497802734375,0";
                          rotation = {
                            0 = xpoint3:"1,0,0";
                            1 = xpoint3:"0,1,0";
                            2 = xpoint3:"0,0,1";
                          }
                        }
                      }
                    }
                  }
                }
              }
              #1 = {
                scale = fixp:"1";
                name = str:"pt_chest";
                translation = xpoint3:"13.99202632904052734375,18.6964893341064453125,0";
                rotation = {
                  0 = xpoint3:"0,0,0.999999701976776123046875";
                  1 = xpoint3:"0,-0.999999701976776123046875,0";
                  2 = xpoint3:"1,0,0";
                }
              }
              #2 = {
                scale = fixp:"1";
                name = str:"pt_cast";
                translation = xpoint3:"-14.34780120849609375,72.56465911865234375,0";
                rotation = {
                  0 = xpoint3:"0,0,0.999999701976776123046875";
                  1 = xpoint3:"0,-0.999999701976776123046875,0";
                  2 = xpoint3:"1,0,0";
                }
              }
            }
            #1 = {
              scale = fixp:"1";
              name = str:"Bip01 L Thigh";
              translation = xpoint3:"-11.54753971099853515625,-0.751854836940765380859375,10.81201457977294921875";
              rotation = {
                0 = xpoint3:"-0.94364988803863525390625,0.3266143798828125,0.00522620975971221923828125";
                1 = xpoint3:"0.290896832942962646484375,0.834338605403900146484375,0.4679932892322540283203125";
                2 = xpoint3:"0.1486045420169830322265625,0.4438036978244781494140625,-0.882169783115386962890625";
              }
              #0 = {
                scale = fixp:"1";
                name = str:"Bip01 L Calf";
                translation = xpoint3:"47.6349029541015625,0,0";
                rotation = {
                  0 = xpoint3:"0.94667160511016845703125,0.3220799267292022705078125,0";
                  1 = xpoint3:"-0.3220799267292022705078125,0.94667160511016845703125,0";
                  2 = xpoint3:"0,0,1";
                }
                #0 = {
                  scale = fixp:"1";
                  name = str:"Bip01 L Foot";
                  translation = xpoint3:"40.147068023681640625,0,0";
                  rotation = {
                    0 = xpoint3:"0.995838105678558349609375,-0.03381259739398956298828125,-0.0845997631549835205078125";
                    1 = xpoint3:"0.05512495338916778564453125,0.962965667247772216796875,0.26382696628570556640625";
                    2 = xpoint3:"0.072537243366241455078125,-0.267395079135894775390625,0.9608232975006103515625";
                  }
                  #0 = {
                    scale = fixp:"1";
                    name = str:"Bip01 L Toe0";
                    translation = xpoint3:"10.10378551483154296875,15.90392303466796875,0";
                    rotation = {
                      0 = xpoint3:"-0.0150390453636646270751953125,-0.999097764492034912109375,-0.010220372118055820465087890625";
                      1 = xpoint3:"0.998452484607696533203125,-0.015409111045300960540771484375,0.037171386182308197021484375";
                      2 = xpoint3:"-0.03732983767986297607421875,-0.009625547565519809722900390625,0.999256074428558349609375";
                    }
                  }
                  #1 = {
                    scale = fixp:"1";
                    name = str:"pt_footprint01";
                    translation = xpoint3:"10.93661403656005859375,5.58271884918212890625,0.02410091273486614227294921875";
                    rotation = {
                      0 = xpoint3:"1,0,0";
                      1 = xpoint3:"0,1,0";
                      2 = xpoint3:"0,0,1";
                    }
                  }
                  #2 = {
                    scale = fixp:"1";
                    name = str:"pt_foot";
                    translation = xpoint3:"4.103361606597900390625,5.582734584808349609375,0.02410315908491611480712890625";
                    rotation = {
                      0 = xpoint3:"1,0,0";
                      1 = xpoint3:"0,1,0";
                      2 = xpoint3:"0,0,1";
                    }
                  }
                }
              }
            }
            #2 = {
              scale = fixp:"1";
              name = str:"Bip01 R Thigh";
              translation = xpoint3:"-8.66306400299072265625,3.7765104770660400390625,-11.94263172149658203125";
              rotation = {
                0 = xpoint3:"-0.966217517852783203125,0.2513904571533203125,-0.01931514032185077667236328125";
                1 = xpoint3:"0.2426061928272247314453125,0.9075620174407958984375,-0.3425482213497161865234375";
                2 = xpoint3:"-0.068647496402263641357421875,-0.3361545503139495849609375,-0.9378035068511962890625";
              }
              #0 = {
                scale = fixp:"1";
                name = str:"Bip01 R Calf";
                translation = xpoint3:"47.634906768798828125,0,0";
                rotation = {
                  0 = xpoint3:"0.97576057910919189453125,0.21876038610935211181640625,0";
                  1 = xpoint3:"-0.21876038610935211181640625,0.97576057910919189453125,0";
                  2 = xpoint3:"0,0,1";
                }
                #0 = {
                  scale = fixp:"1";
                  name = str:"Bip01 R Foot";
                  translation = xpoint3:"40.1470794677734375,0,0";
                  rotation = {
                    0 = xpoint3:"0.99322032928466796875,-0.10535497963428497314453125,-0.0490289889276027679443359375";
                    1 = xpoint3:"0.0918855965137481689453125,0.970341503620147705078125,-0.22349809110164642333984375";
                    2 = xpoint3:"0.071137540042400360107421875,0.21747343242168426513671875,0.97345066070556640625";
                  }
                  #0 = {
                    scale = fixp:"1";
                    name = str:"Bip01 R Toe0";
                    translation = xpoint3:"10.103786468505859375,15.90392589569091796875,0";
                    rotation = {
                      0 = xpoint3:"-0.015039213933050632476806640625,-0.999097764492034912109375,0.010220379568636417388916015625";
                      1 = xpoint3:"0.998452484607696533203125,-0.015409280546009540557861328125,-0.037171356379985809326171875";
                      2 = xpoint3:"0.0373298116028308868408203125,0.009625549428164958953857421875,0.999256074428558349609375";
                    }
                  }
                  #1 = {
                    scale = fixp:"1";
                    name = str:"pt_footprint02";
                    translation = xpoint3:"10.337158203125,5.582733154296875,0.04524348676204681396484375";
                    rotation = {
                      0 = xpoint3:"1,0,0";
                      1 = xpoint3:"0,1,0";
                      2 = xpoint3:"0,0,1";
                    }
                  }
                  #2 = {
                    scale = fixp:"1";
                    name = str:"pt_foot@#1";
                    translation = xpoint3:"4.381340503692626953125,5.58272552490234375,0.0452445112168788909912109375";
                    rotation = {
                      0 = xpoint3:"1,0,0";
                      1 = xpoint3:"0,1,0";
                      2 = xpoint3:"0,0,1";
                    }
                  }
                }
              }
            }
          }
        }
        #2 = {
          scale = fixp:"1";
          name = str:"pt_center";
          translation = xpoint3:"-0.348416745662689208984375,0,15.1902599334716796875";
          rotation = {
            0 = xpoint3:"0,-1,0";
            1 = xpoint3:"1,0,0";
            2 = xpoint3:"0,0,1";
          }
        }
      }
      #3 = {
        scale = fixp:"1";
        name = str:"pt_aim";
        translation = xpoint3:"0,-119.07431793212890625,152.4462432861328125";
        rotation = {
          0 = xpoint3:"1,0,0";
          1 = xpoint3:"0,1,0";
          2 = xpoint3:"0,0,1";
        }
      }
    }
  }
}