model = {
  file = str:"data\models\units\trooper\trooper.nif";
  animation = {
    loop = fixp:"0";
    duration = fixp:"39.566669464111328125";
  }
  #0 = {
    scale = fixp:"1";
    name = str:"Trooper";
    translation = xpoint3:"0.03472137451171875,-31.3578586578369140625,94.41301727294921875";
    rotation = {
      0 = xpoint3:"1,0,0";
      1 = xpoint3:"0,1,0";
      2 = xpoint3:"0,0,1";
    }
  }
  #1 = {
    scale = fixp:"1";
    name = str:"ROOT";
    translation = xpoint3:"0,0,0";
    rotation = {
      0 = xpoint3:"1,0,0";
      1 = xpoint3:"0,1,0";
      2 = xpoint3:"0,0,1";
    }
    #2 = {
      scale = fixp:"1";
      name = str:"ROOT NonAccum";
      translation = xpoint3:"0,0,0";
      rotation = {
        0 = xpoint3:"1,0,0";
        1 = xpoint3:"0,1,0";
        2 = xpoint3:"0,0,1";
      }
      #0 = {
        scale = fixp:"1";
        name = str:"Bip02";
        translation = xpoint3:"0,-2.0716152191162109375,98.06211090087890625";
        rotation = {
          0 = xpoint3:"0,1,0";
          1 = xpoint3:"-1,0,0";
          2 = xpoint3:"0,0,1";
        }
        #0 = {
          scale = fixp:"1";
          name = str:"Bip01 Pelvis";
          translation = xpoint3:"0,0,0";
          rotation = {
            0 = xpoint3:"0,1,0";
            1 = xpoint3:"0,0,1";
            2 = xpoint3:"1,0,0";
          }
          #0 = {
            scale = fixp:"1";
            name = str:"Bip01 Spine";
            translation = xpoint3:"10.38487339019775390625,-0.01869081519544124603271484375,0";
            rotation = {
              0 = xpoint3:"0.999999701976776123046875,0,0";
              1 = xpoint3:"0,0.999999821186065673828125,0";
              2 = xpoint3:"0,0,0.999999821186065673828125";
            }
            #0 = {
              scale = fixp:"1";
              name = str:"Bip01 Spine01";
              translation = xpoint3:"23.4787998199462890625,0.0132229290902614593505859375,-0.013229361735284328460693359375";
              rotation = {
                0 = xpoint3:"0.996194660663604736328125,-0.087155915796756744384765625,0";
                1 = xpoint3:"0.081899799406528472900390625,0.93611681461334228515625,0.3420200347900390625";
                2 = xpoint3:"-0.0298090092837810516357421875,-0.340718567371368408203125,0.939692676067352294921875";
              }
              #0 = {
                scale = fixp:"1";
                name = str:"Bip01 Neck";
                translation = xpoint3:"23.4787807464599609375,0.02652185596525669097900390625,-0.013214089907705783843994140625";
                rotation = {
                  0 = xpoint3:"1,0,0";
                  1 = xpoint3:"0,1,0";
                  2 = xpoint3:"0,0,1";
                }
                #0 = {
                  scale = fixp:"1";
                  name = str:"Bip01 Head";
                  translation = xpoint3:"6.772737979888916015625,0.009205366484820842742919921875,-0.0038147284649312496185302734375";
                  rotation = {
                    0 = xpoint3:"0.97237598896026611328125,0.2327406406402587890625,-0.01779648847877979278564453125";
                    1 = xpoint3:"-0.233419954776763916015625,0.96961677074432373046875,-0.073201261460781097412109375";
                    2 = xpoint3:"0,0.075333200395107269287109375,0.99715840816497802734375";
                  }
                  #0 = {
                    scale = fixp:"1";
                    name = str:"pt_head";
                    translation = xpoint3:"10.26306247711181640625,0.9498927593231201171875,-0.038158021867275238037109375";
                    rotation = {
                      0 = xpoint3:"0,0,1";
                      1 = xpoint3:"0,-1,0";
                      2 = xpoint3:"1,0,0";
                    }
                  }
                }
                #1 = {
                  scale = fixp:"1";
                  name = str:"Bip01 L Clavicle";
                  translation = xpoint3:"0.00179148279130458831787109375,0.005385582335293292999267578125,3.1605985164642333984375";
                  rotation = {
                    0 = xpoint3:"-0.19845153391361236572265625,0,0.980110585689544677734375";
                    1 = xpoint3:"-0.17253135144710540771484375,-0.984400451183319091796875,-0.0344770960509777069091796875";
                    2 = xpoint3:"0.964805662631988525390625,-0.17594183981418609619140625,0.19543425738811492919921875";
                  }
                  #0 = {
                    scale = fixp:"1";
                    name = str:"Bip01 L UpperArm";
                    translation = xpoint3:"22.2212924957275390625,0,0";
                    rotation = {
                      0 = xpoint3:"0.381582796573638916015625,0.6783864498138427734375,0.62712752819061279296875";
                      1 = xpoint3:"-0.4022112786769866943359375,0.733149349689483642578125,-0.54802453517913818359375";
                      2 = xpoint3:"-0.83169901371002197265625,-0.0435502231121063232421875,0.552929818630218505859375";
                    }
                    #0 = {
                      scale = fixp:"1";
                      name = str:"Bip01 L Forearm";
                      translation = xpoint3:"27.09093475341796875,0,0";
                      rotation = {
                        0 = xpoint3:"0.6022579669952392578125,0.79793989658355712890625,0";
                        1 = xpoint3:"-0.79793989658355712890625,0.6022579669952392578125,0";
                        2 = xpoint3:"0,0,1";
                      }
                      #0 = {
                        scale = fixp:"1";
                        name = str:"Bip01 L Hand";
                        translation = xpoint3:"27.0909328460693359375,0,0";
                        rotation = {
                          0 = xpoint3:"0.943508148193359375,0.327861011028289794921875,-0.047091595828533172607421875";
                          1 = xpoint3:"0.282051861286163330078125,-0.8684222698211669921875,-0.4044479429721832275390625";
                          2 = xpoint3:"-0.17365825176239013671875,0.3682914078235626220703125,-0.9118278026580810546875";
                        }
                        #0 = {
                          scale = fixp:"1";
                          name = str:"Bip01 L Finger03";
                          translation = xpoint3:"0.2962471544742584228515625,2.9211442470550537109375,-6.001411914825439453125";
                          rotation = {
                            0 = xpoint3:"0.630215346813201904296875,0.3526051342487335205078125,0.691735684871673583984375";
                            1 = xpoint3:"0.1974402964115142822265625,0.788860142230987548828125,-0.581993997097015380859375";
                            2 = xpoint3:"-0.750896751880645751953125,0.503358066082000732421875,0.4275332987308502197265625";
                          }
                          #0 = {
                            scale = fixp:"1";
                            name = str:"Bip01 L Finger04";
                            translation = xpoint3:"3.4048306941986083984375,0,0";
                            rotation = {
                              0 = xpoint3:"0.45710003376007080078125,-0.889415323734283447265625,0";
                              1 = xpoint3:"0.889415323734283447265625,0.45710003376007080078125,0";
                              2 = xpoint3:"0,0,1";
                            }
                          }
                        }
                        #1 = {
                          scale = fixp:"1";
                          name = str:"Bip01 L Finger";
                          translation = xpoint3:"6.012535572052001953125,0.21068392693996429443359375,-5.596887111663818359375";
                          rotation = {
                            0 = xpoint3:"0.857654392719268798828125,-0.215310871601104736328125,0.46697986125946044921875";
                            1 = xpoint3:"0.2825859487056732177734375,0.956049978733062744140625,-0.07818996906280517578125";
                            2 = xpoint3:"-0.429620921611785888671875,0.1990219056606292724609375,0.8808043003082275390625";
                          }
                          #0 = {
                            scale = fixp:"1";
                            name = str:"Bip01 L Finger@#0";
                            translation = xpoint3:"4.92408466339111328125,0,0";
                            rotation = {
                              0 = xpoint3:"0.029480397701263427734375,-0.9995653629302978515625,0";
                              1 = xpoint3:"0.9995653629302978515625,0.029480397701263427734375,0";
                              2 = xpoint3:"0,0,1";
                            }
                          }
                        }
                        #2 = {
                          scale = fixp:"1";
                          name = str:"Bip01 L Finger@#1";
                          translation = xpoint3:"10.98044109344482421875,0,0.0414638929069042205810546875";
                          rotation = {
                            0 = xpoint3:"0.9918015003204345703125,0,-0.12778820097446441650390625";
                            1 = xpoint3:"0,0.999999701976776123046875,0";
                            2 = xpoint3:"0.12778817117214202880859375,0,0.99180114269256591796875";
                          }
                          #0 = {
                            scale = fixp:"1";
                            name = str:"Bip01 L Finger@#2";
                            translation = xpoint3:"3.747161865234375,0,0";
                            rotation = {
                              0 = xpoint3:"0,-0.999999582767486572265625,0";
                              1 = xpoint3:"0.999999582767486572265625,0,0";
                              2 = xpoint3:"0,0,1";
                            }
                          }
                        }
                        #3 = {
                          scale = fixp:"1";
                          name = str:"pt_hand";
                          translation = xpoint3:"0,0,0";
                          rotation = {
                            0 = xpoint3:"0.77456200122833251953125,0.10104648768901824951171875,-0.6243743896484375";
                            1 = xpoint3:"-0.63085329532623291015625,0.19456414878368377685546875,-0.751111805438995361328125";
                            2 = xpoint3:"0.0455836765468120574951171875,0.975671231746673583984375,0.214447498321533203125";
                          }
                        }
                      }
                    }
                  }
                  #1 = {
                    scale = fixp:"1";
                    name = str:"Bone07";
                    translation = xpoint3:"18.5851230621337890625,-4.91908740997314453125,10.0829715728759765625";
                    rotation = {
                      0 = xpoint3:"0.726507484912872314453125,0.57821953296661376953125,-0.371280252933502197265625";
                      1 = xpoint3:"-0.39299190044403076171875,-0.0936026275157928466796875,-0.9147655963897705078125";
                      2 = xpoint3:"-0.563688099384307861328125,0.8104941844940185546875,0.15923254191875457763671875";
                    }
                  }
                  #2 = {
                    scale = fixp:"1";
                    name = str:"IK Chain01";
                    translation = xpoint3:"24.076229095458984375,-33.324047088623046875,-35.1780853271484375";
                    rotation = {
                      0 = xpoint3:"0.964719593524932861328125,0.1722932755947113037109375,-0.19894714653491973876953125";
                      1 = xpoint3:"-0.1758129596710205078125,0.98441207408905029296875,0";
                      2 = xpoint3:"0.19584368169307708740234375,0.0350031889975070953369140625,0.979995429515838623046875";
                    }
                  }
                }
                #2 = {
                  scale = fixp:"1";
                  name = str:"Bip01 R Clavicle";
                  translation = xpoint3:"-0.00177446822635829448699951171875,0.0053998981602489948272705078125,-3.1606137752532958984375";
                  rotation = {
                    0 = xpoint3:"-0.19953785836696624755859375,0,-0.97988986968994140625";
                    1 = xpoint3:"-0.17252735793590545654296875,-0.984401226043701171875,0.0344758443534374237060546875";
                    2 = xpoint3:"-0.964582264423370361328125,0.17593705654144287109375,0.19653804600238800048828125";
                  }
                  #0 = {
                    scale = fixp:"1";
                    name = str:"Bip01 R UpperArm";
                    translation = xpoint3:"22.221263885498046875,0,0";
                    rotation = {
                      0 = xpoint3:"0.814810097217559814453125,0.5683791637420654296875,0.112964235246181488037109375";
                      1 = xpoint3:"-0.4621326923370361328125,0.519952118396759033203125,0.7179043292999267578125";
                      2 = xpoint3:"0.3496414721012115478515625,-0.63710153102874755859375,0.68658411502838134765625";
                    }
                    #0 = {
                      scale = fixp:"1";
                      name = str:"Bip01 R Forearm";
                      translation = xpoint3:"27.090923309326171875,0,0";
                      rotation = {
                        0 = xpoint3:"-0.1659405231475830078125,0.985277593135833740234375,0";
                        1 = xpoint3:"-0.985277593135833740234375,-0.1659405231475830078125,0";
                        2 = xpoint3:"0,0,1";
                      }
                      #0 = {
                        scale = fixp:"1";
                        name = str:"Bip01 R Hand";
                        translation = xpoint3:"27.0909328460693359375,0,0";
                        rotation = {
                          0 = xpoint3:"0.94350802898406982421875,0.01055656373500823974609375,0.3310576975345611572265625";
                          1 = xpoint3:"0.282052218914031982421875,-0.548503935337066650390625,-0.785711765289306640625";
                          2 = xpoint3:"0.1736582219600677490234375,0.83473646640777587890625,-0.520433962345123291015625";
                        }
                        #0 = {
                          scale = fixp:"1";
                          name = str:"Bip01 R Finger";
                          translation = xpoint3:"0.2962284386157989501953125,2.9211483001708984375,6.00140666961669921875";
                          rotation = {
                            0 = xpoint3:"0.630215167999267578125,0.35260486602783203125,-0.6917359828948974609375";
                            1 = xpoint3:"0.197440624237060546875,0.78886020183563232421875,0.5819938182830810546875";
                            2 = xpoint3:"0.75089681148529052734375,-0.5033581256866455078125,0.42753314971923828125";
                          }
                          #0 = {
                            scale = fixp:"1";
                            name = str:"Bip01 R Finger@#3";
                            translation = xpoint3:"3.4048235416412353515625,0,0";
                            rotation = {
                              0 = xpoint3:"0.896201312541961669921875,-0.4436475932598114013671875,0";
                              1 = xpoint3:"0.4436475932598114013671875,0.896201312541961669921875,0";
                              2 = xpoint3:"0,0,1";
                            }
                          }
                        }
                        #1 = {
                          scale = fixp:"1";
                          name = str:"Bip01 R Finger@#4";
                          translation = xpoint3:"6.0125179290771484375,0.2106850445270538330078125,5.596883296966552734375";
                          rotation = {
                            0 = xpoint3:"0.857635021209716796875,-0.21537272632122039794921875,-0.4669869244098663330078125";
                            1 = xpoint3:"0.2826564013957977294921875,0.9560291767120361328125,0.07818938791751861572265625";
                            2 = xpoint3:"0.4296132624149322509765625,-0.19905479252338409423828125,0.880800545215606689453125";
                          }
                          #0 = {
                            scale = fixp:"1";
                            name = str:"Bip01 R Finger@#5";
                            translation = xpoint3:"4.924093723297119140625,0,0";
                            rotation = {
                              0 = xpoint3:"0.98949897289276123046875,-0.1445399224758148193359375,0";
                              1 = xpoint3:"0.1445399224758148193359375,0.98949897289276123046875,0";
                              2 = xpoint3:"0,0,1";
                            }
                          }
                        }
                        #2 = {
                          scale = fixp:"1";
                          name = str:"Bip01 R Finger@#6";
                          translation = xpoint3:"10.98042011260986328125,0,-0.04146601259708404541015625";
                          rotation = {
                            0 = xpoint3:"0.9918015003204345703125,0,0.12778811156749725341796875";
                            1 = xpoint3:"0,0.999999701976776123046875,0";
                            2 = xpoint3:"-0.12778808176517486572265625,0,0.991801202297210693359375";
                          }
                          #0 = {
                            scale = fixp:"1";
                            name = str:"Bip01 R Finger@#7";
                            translation = xpoint3:"3.747155666351318359375,0,0";
                            rotation = {
                              0 = xpoint3:"-0.2380130290985107421875,-0.9712619781494140625,0";
                              1 = xpoint3:"0.9712619781494140625,-0.2380130290985107421875,0";
                              2 = xpoint3:"0,0,1";
                            }
                          }
                        }
                        #3 = {
                          scale = fixp:"1";
                          name = str:"Bone_Gun";
                          translation = xpoint3:"3.7735860347747802734375,3.982812404632568359375,18.6739044189453125";
                          rotation = {
                            0 = xpoint3:"0.850651800632476806640625,-0.16044788062572479248046875,-0.50064754486083984375";
                            1 = xpoint3:"0.14534492790699005126953125,0.98694813251495361328125,-0.06934182345867156982421875";
                            2 = xpoint3:"0.50523889064788818359375,-0.0137808360159397125244140625,0.8628695011138916015625";
                          }
                          #0 = {
                            scale = fixp:"1";
                            name = str:"Bone_Gun_2";
                            translation = xpoint3:"81.3187255859375,0,0";
                            rotation = {
                              0 = xpoint3:"1,0,0";
                              1 = xpoint3:"0,1,0";
                              2 = xpoint3:"0,0,1";
                            }
                          }
                          #1 = {
                            scale = fixp:"1";
                            name = str:"pt_shoot_1";
                            translation = xpoint3:"66.56206512451171875,0.0220205225050449371337890625,0.2678101360797882080078125";
                            rotation = {
                              0 = xpoint3:"0,-0.999745190143585205078125,0.022574208676815032958984375";
                              1 = xpoint3:"0.999989330768585205078125,0,-0.00461959652602672576904296875";
                              2 = xpoint3:"0.0046195951290428638458251953125,0.022574208676815032958984375,0.99973452091217041015625";
                            }
                          }
                        }
                        #4 = {
                          scale = fixp:"1";
                          name = str:"pt_hand@#8";
                          translation = xpoint3:"0,0,0";
                          rotation = {
                            0 = xpoint3:"-0.734790146350860595703125,0.101708829402923583984375,-0.670625627040863037109375";
                            1 = xpoint3:"0.676313459873199462890625,0.18536777794361114501953125,-0.71290874481201171875";
                            2 = xpoint3:"0.051803268492221832275390625,-0.9773914813995361328125,-0.20499347150325775146484375";
                          }
                        }
                      }
                    }
                  }
                  #1 = {
                    scale = fixp:"1";
                    name = str:"Bone05";
                    translation = xpoint3:"20.4089145660400390625,-3.9424598217010498046875,-10.338531494140625";
                    rotation = {
                      0 = xpoint3:"0.840662479400634765625,-0.437687575817108154296875,-0.31892979145050048828125";
                      1 = xpoint3:"-0.393372237682342529296875,-0.08875103294849395751953125,-0.9150855541229248046875";
                      2 = xpoint3:"0.37221622467041015625,0.89473617076873779296875,-0.246783792972564697265625";
                    }
                  }
                  #2 = {
                    scale = fixp:"1";
                    name = str:"IK Chain02";
                    translation = xpoint3:"25.417270660400390625,-24.31842803955078125,24.9283428192138671875";
                    rotation = {
                      0 = xpoint3:"-0.96326887607574462890625,0.1722910702228546142578125,-0.19894672930240631103515625";
                      1 = xpoint3:"0.1758106648921966552734375,0.984412491321563720703125,0";
                      2 = xpoint3:"0.19584338366985321044921875,-0.0350024588406085968017578125,-0.978544294834136962890625";
                    }
                  }
                }
              }
              #1 = {
                scale = fixp:"1";
                name = str:"Point02";
                translation = xpoint3:"-27.30047607421875,26.90546417236328125,-94.249847412109375";
                rotation = {
                  0 = xpoint3:"0,0,0.999999821186065673828125";
                  1 = xpoint3:"0,-0.99999964237213134765625,0";
                  2 = xpoint3:"0.999999821186065673828125,0,0";
                }
              }
              #2 = {
                scale = fixp:"1";
                name = str:"Point01";
                translation = xpoint3:"-41.976680755615234375,-47.043170928955078125,78.02442169189453125";
                rotation = {
                  0 = xpoint3:"0,0,0.999999821186065673828125";
                  1 = xpoint3:"0,-0.99999964237213134765625,0";
                  2 = xpoint3:"0.999999821186065673828125,0,0";
                }
              }
            }
            #1 = {
              scale = fixp:"1";
              name = str:"pt_chest ";
              translation = xpoint3:"22.5587940216064453125,0.07342694699764251708984375,0.02217101119458675384521484375";
              rotation = {
                0 = xpoint3:"0,0,0.999999701976776123046875";
                1 = xpoint3:"-0.077044986188411712646484375,-0.997027456760406494140625,0";
                2 = xpoint3:"0.997027456760406494140625,-0.077045299112796783447265625,0";
              }
            }
          }
          #1 = {
            scale = fixp:"1";
            name = str:"Bone03";
            translation = xpoint3:"8.64014148712158203125,0,22.7412433624267578125";
            rotation = {
              0 = xpoint3:"-0.883433401584625244140625,-0.450859606266021728515625,-0.12755919992923736572265625";
              1 = xpoint3:"0.092768132686614990234375,0.09854733943939208984375,-0.990799009799957275390625";
              2 = xpoint3:"0.459281861782073974609375,-0.887138187885284423828125,-0.0452347435057163238525390625";
            }
          }
          #2 = {
            scale = fixp:"1";
            name = str:"Bone01";
            translation = xpoint3:"8.31571102142333984375,0,-22.3114871978759765625";
            rotation = {
              0 = xpoint3:"-0.86063110828399658203125,0.493846476078033447265625,-0.124217569828033447265625";
              1 = xpoint3:"0.08867461979389190673828125,-0.094866931438446044921875,-0.991532742977142333984375";
              2 = xpoint3:"-0.501449048519134521484375,-0.864358723163604736328125,0.037853658199310302734375";
            }
          }
          #3 = {
            scale = fixp:"1";
            name = str:"Point04";
            translation = xpoint3:"-59.18842315673828125,39.51399993896484375,33.785755157470703125";
            rotation = {
              0 = xpoint3:"0,0,0.999999940395355224609375";
              1 = xpoint3:"0,-0.99999988079071044921875,0";
              2 = xpoint3:"0.999999940395355224609375,0,0";
            }
          }
          #4 = {
            scale = fixp:"1";
            name = str:"Point03";
            translation = xpoint3:"-44.686840057373046875,40.0955810546875,-33.970767974853515625";
            rotation = {
              0 = xpoint3:"0,0,0.999999940395355224609375";
              1 = xpoint3:"0,-0.99999988079071044921875,0";
              2 = xpoint3:"0.999999940395355224609375,0,0";
            }
          }
          #5 = {
            scale = fixp:"1";
            name = str:"Bip01 R Thigh";
            translation = xpoint3:"0,0,-13.67627429962158203125";
            rotation = {
              0 = xpoint3:"-0.97610604763031005859375,0.18489859998226165771484375,0.1008056700229644775390625";
              1 = xpoint3:"0.13784210383892059326171875,0.923723042011260986328125,-0.3572458922863006591796875";
              2 = xpoint3:"-0.1592131555080413818359375,-0.3353171050548553466796875,-0.927047550678253173828125";
            }
            #0 = {
              scale = fixp:"1";
              name = str:"Bip01 R Calf";
              translation = xpoint3:"45.15155029296875,0,0";
              rotation = {
                0 = xpoint3:"0.865735530853271484375,0.500307023525238037109375,0";
                1 = xpoint3:"-0.500307023525238037109375,0.865735530853271484375,0";
                2 = xpoint3:"0,0,1";
              }
              #0 = {
                scale = fixp:"1";
                name = str:"Bip01 R Foot";
                translation = xpoint3:"40.107086181640625,0,0";
                rotation = {
                  0 = xpoint3:"0.94351327419281005859375,-0.3279714882373809814453125,0.0462103784084320068359375";
                  1 = xpoint3:"0.3243273794651031494140625,0.9431660175323486328125,0.071882702410221099853515625";
                  2 = xpoint3:"-0.06717474758625030517578125,-0.052821166813373565673828125,0.996339380741119384765625";
                }
                #0 = {
                  scale = fixp:"1";
                  name = str:"Bip01 R Toe03";
                  translation = xpoint3:"15.51028919219970703125,19.96108245849609375,0";
                  rotation = {
                    0 = xpoint3:"0,-0.9992744922637939453125,0";
                    1 = xpoint3:"0.9992744922637939453125,0,0";
                    2 = xpoint3:"0,0,1";
                  }
                }
                #1 = {
                  scale = fixp:"1";
                  name = str:"pt_foot";
                  translation = xpoint3:"11.17416286468505859375,5.35510349273681640625,0.12308108806610107421875";
                  rotation = {
                    0 = xpoint3:"0.0047345175407826900482177734375,0.004793017171323299407958984375,-0.999977290630340576171875";
                    1 = xpoint3:"0,-0.999988496303558349609375,-0.0047930576838552951812744140625";
                    2 = xpoint3:"-0.9999887943267822265625,0,-0.00473447702825069427490234375";
                  }
                }
                #2 = {
                  scale = fixp:"1";
                  name = str:"pt_footprint02";
                  translation = xpoint3:"16.3383846282958984375,5.37861537933349609375,0.0564978756010532379150390625";
                  rotation = {
                    0 = xpoint3:"0.003781667910516262054443359375,-0.00278716417960822582244873046875,-0.999988973140716552734375";
                    1 = xpoint3:"0,-0.999996125698089599609375,0.0027871918864548206329345703125";
                    2 = xpoint3:"-0.999992847442626953125,0,-0.003781647421419620513916015625";
                  }
                }
              }
            }
          }
          #6 = {
            scale = fixp:"1";
            name = str:"Bip01 L Thigh";
            translation = xpoint3:"0,0,13.67627048492431640625";
            rotation = {
              0 = xpoint3:"-0.97873151302337646484375,0.17180033028125762939453125,-0.098478019237518310546875";
              1 = xpoint3:"0.13068364560604095458984375,0.934875071048736572265625,0.3299028575420379638671875";
              2 = xpoint3:"0.14877855777740478515625,0.3104815185070037841796875,-0.93736588954925537109375";
            }
            #0 = {
              scale = fixp:"1";
              name = str:"Bip01 L Calf";
              translation = xpoint3:"45.151561737060546875,0,0";
              rotation = {
                0 = xpoint3:"0.8888075351715087890625,0.4581045806407928466796875,0";
                1 = xpoint3:"-0.4581045806407928466796875,0.8888075351715087890625,0";
                2 = xpoint3:"0,0,1";
              }
              #0 = {
                scale = fixp:"1";
                name = str:"Bip01 L Foot";
                translation = xpoint3:"40.107097625732421875,0,0";
                rotation = {
                  0 = xpoint3:"0.94637143611907958984375,-0.3177717030048370361328125,-0.05765821039676666259765625";
                  1 = xpoint3:"0.3102307617664337158203125,0.944098174571990966796875,-0.11115019023418426513671875";
                  2 = xpoint3:"0.08977870643138885498046875,0.08728469908237457275390625,0.9921238422393798828125";
                }
                #0 = {
                  scale = fixp:"1";
                  name = str:"Bip01 L Toe03";
                  translation = xpoint3:"15.51026439666748046875,19.9635601043701171875,0";
                  rotation = {
                    0 = xpoint3:"0,-0.9992744922637939453125,0";
                    1 = xpoint3:"0.9992744922637939453125,0,0";
                    2 = xpoint3:"0,0,1";
                  }
                }
                #1 = {
                  scale = fixp:"1";
                  name = str:"pt_foot@#9";
                  translation = xpoint3:"11.18533802032470703125,5.453899860382080078125,-0.02950890362262725830078125";
                  rotation = {
                    0 = xpoint3:"0,0,-0.999999582767486572265625";
                    1 = xpoint3:"0,-0.99999916553497314453125,0";
                    2 = xpoint3:"-0.999999523162841796875,0,0";
                  }
                }
                #2 = {
                  scale = fixp:"1";
                  name = str:"pt_footprint01";
                  translation = xpoint3:"16.2877750396728515625,5.409615993499755859375,-0.0572061836719512939453125";
                  rotation = {
                    0 = xpoint3:"-0.00377753772772848606109619140625,0.0026965844444930553436279296875,-0.999989211559295654296875";
                    1 = xpoint3:"0,-0.999996364116668701171875,-0.00269661284983158111572265625";
                    2 = xpoint3:"-0.999992847442626953125,0,0.0037775174714624881744384765625";
                  }
                }
              }
            }
          }
        }
        #1 = {
          scale = fixp:"1";
          name = str:"pt_center";
          translation = xpoint3:"-1.26091015338897705078125,0,26.8959197998046875";
          rotation = {
            0 = xpoint3:"0,-1,0";
            1 = xpoint3:"1,0,0";
            2 = xpoint3:"0,0,1";
          }
        }
        #2 = {
          scale = fixp:"1";
          name = str:"pt_cast";
          translation = xpoint3:"15.064128875732421875,0.482662141323089599609375,26.45507049560546875";
          rotation = {
            0 = xpoint3:"0,-1,0";
            1 = xpoint3:"1,0,0";
            2 = xpoint3:"0,0,1";
          }
        }
      }
      #1 = {
        scale = fixp:"1";
        name = str:"pt_aim";
        translation = xpoint3:"-24.487499237060546875,-63.354183197021484375,129.7894744873046875";
        rotation = {
          0 = xpoint3:"1,0,0";
          1 = xpoint3:"0,1,0";
          2 = xpoint3:"0,0,1";
        }
      }
      #2 = {
        scale = fixp:"1";
        name = str:"pt_ground";
        translation = xpoint3:"0,0,0";
        rotation = {
          0 = xpoint3:"1,0,0";
          1 = xpoint3:"0,1,0";
          2 = xpoint3:"0,0,1";
        }
      }
    }
  }
  #2 = {
    scale = fixp:"1";
    name = str:"pt_top";
    translation = xpoint3:"-0.901786744594573974609375,-3.65560054779052734375,212.967620849609375";
    rotation = {
      0 = xpoint3:"1,0,0";
      1 = xpoint3:"0,1,0";
      2 = xpoint3:"0,0,1";
    }
  }
  #3 = {
    scale = fixp:"1";
    name = str:"Trooper 276";
    translation = xpoint3:"0,0,0";
    rotation = {
      0 = xpoint3:"1,0,0";
      1 = xpoint3:"0,1,0";
      2 = xpoint3:"0,0,1";
    }
  }
  #4 = {
    scale = fixp:"1";
    name = str:"Trooper_799";
    translation = xpoint3:"0,0,0";
    rotation = {
      0 = xpoint3:"1,0,0";
      1 = xpoint3:"0,0.9998099803924560546875,-0.019492588937282562255859375";
      2 = xpoint3:"0,0.019492588937282562255859375,0.9998099803924560546875";
    }
  }
}