model = {
  file = str:"data\models\units\trooper\trooper_lod.nif";
  animation = {
    loop = fixp:"0";
    duration = fixp:"39.566669464111328125";
  }
  #0 = {
    scale = fixp:"1";
    name = str:"ROOT";
    translation = xpoint3:"0,0,0";
    rotation = {
      0 = xpoint3:"1,0,0";
      1 = xpoint3:"0,1,0";
      2 = xpoint3:"0,0,1";
    }
    #2 = {
      scale = fixp:"1";
      name = str:"ROOT NonAccum";
      translation = xpoint3:"0,0,0";
      rotation = {
        0 = xpoint3:"1,0,0";
        1 = xpoint3:"0,1,0";
        2 = xpoint3:"0,0,1";
      }
      #0 = {
        scale = fixp:"1";
        name = str:"Bip02";
        translation = xpoint3:"0,-2.0716152191162109375,98.06211090087890625";
        rotation = {
          0 = xpoint3:"0,1,0";
          1 = xpoint3:"-1,0,0";
          2 = xpoint3:"0,0,1";
        }
        #0 = {
          scale = fixp:"1";
          name = str:"Bip01 Pelvis";
          translation = xpoint3:"0,0,0";
          rotation = {
            0 = xpoint3:"0,1,0";
            1 = xpoint3:"0,0,1";
            2 = xpoint3:"1,0,0";
          }
          #0 = {
            scale = fixp:"1";
            name = str:"Bip01 Spine";
            translation = xpoint3:"10.38487339019775390625,-0.0186907388269901275634765625,0";
            rotation = {
              0 = xpoint3:"0.999999701976776123046875,0,0";
              1 = xpoint3:"0,0.999999821186065673828125,0";
              2 = xpoint3:"0,0,0.999999821186065673828125";
            }
            #0 = {
              scale = fixp:"1";
              name = str:"Bip01 Spine01";
              translation = xpoint3:"23.4788036346435546875,0.013223039917647838592529296875,-0.013229365460574626922607421875";
              rotation = {
                0 = xpoint3:"0.996194660663604736328125,-0.087155915796756744384765625,0";
                1 = xpoint3:"0.081899799406528472900390625,0.93611681461334228515625,0.3420200347900390625";
                2 = xpoint3:"-0.0298090092837810516357421875,-0.340718567371368408203125,0.939692676067352294921875";
              }
              #0 = {
                scale = fixp:"1";
                name = str:"Bip01 Neck";
                translation = xpoint3:"23.4787769317626953125,0.026521913707256317138671875,-0.013214252889156341552734375";
                rotation = {
                  0 = xpoint3:"1,0,0";
                  1 = xpoint3:"0,1,0";
                  2 = xpoint3:"0,0,1";
                }
                #0 = {
                  scale = fixp:"1";
                  name = str:"Bip01 Head";
                  translation = xpoint3:"6.77273845672607421875,0.00920508615672588348388671875,-0.00381469749845564365386962890625";
                  rotation = {
                    0 = xpoint3:"0.97237598896026611328125,0.2327406406402587890625,-0.01779648847877979278564453125";
                    1 = xpoint3:"-0.233419954776763916015625,0.96961677074432373046875,-0.073201261460781097412109375";
                    2 = xpoint3:"0,0.075333200395107269287109375,0.99715840816497802734375";
                  }
                  #0 = {
                    scale = fixp:"1";
                    name = str:"pt_head";
                    translation = xpoint3:"10.26306819915771484375,0.94989454746246337890625,-0.038157939910888671875";
                    rotation = {
                      0 = xpoint3:"1,0,0";
                      1 = xpoint3:"0,1,0";
                      2 = xpoint3:"0,0,1";
                    }
                  }
                }
                #1 = {
                  scale = fixp:"1";
                  name = str:"Bip01 L Clavicle";
                  translation = xpoint3:"0.00178623758256435394287109375,0.00538594834506511688232421875,3.1605980396270751953125";
                  rotation = {
                    0 = xpoint3:"-0.19845153391361236572265625,0,0.980110585689544677734375";
                    1 = xpoint3:"-0.1725313663482666015625,-0.984400451183319091796875,-0.0344770811498165130615234375";
                    2 = xpoint3:"0.964805662631988525390625,-0.1759418547153472900390625,0.19543425738811492919921875";
                  }
                  #0 = {
                    scale = fixp:"1";
                    name = str:"Bip01 L UpperArm";
                    translation = xpoint3:"22.2212924957275390625,0,0";
                    rotation = {
                      0 = xpoint3:"0.381582796573638916015625,0.6783864498138427734375,0.62712752819061279296875";
                      1 = xpoint3:"-0.40221130847930908203125,0.733149349689483642578125,-0.54802453517913818359375";
                      2 = xpoint3:"-0.83169901371002197265625,-0.0435502827167510986328125,0.552929818630218505859375";
                    }
                    #0 = {
                      scale = fixp:"1";
                      name = str:"Bip01 L Forearm";
                      translation = xpoint3:"27.09093475341796875,0,0";
                      rotation = {
                        0 = xpoint3:"0.602257907390594482421875,0.79793989658355712890625,0";
                        1 = xpoint3:"-0.79793989658355712890625,0.602257907390594482421875,0";
                        2 = xpoint3:"0,0,1";
                      }
                      #0 = {
                        scale = fixp:"1";
                        name = str:"Bip01 L Hand";
                        translation = xpoint3:"27.0909271240234375,0,0";
                        rotation = {
                          0 = xpoint3:"0.943508148193359375,0.3278609812259674072265625,-0.04709160327911376953125";
                          1 = xpoint3:"0.2820518314838409423828125,-0.8684222698211669921875,-0.404447972774505615234375";
                          2 = xpoint3:"-0.17365826666355133056640625,0.368291437625885009765625,-0.9118278026580810546875";
                        }
                        #0 = {
                          scale = fixp:"1";
                          name = str:"Bip01 L Finger03";
                          translation = xpoint3:"0.2962481081485748291015625,2.921144962310791015625,-6.00141239166259765625";
                          rotation = {
                            0 = xpoint3:"0.630215346813201904296875,0.3526051342487335205078125,0.691735684871673583984375";
                            1 = xpoint3:"0.1974402964115142822265625,0.788860142230987548828125,-0.581993997097015380859375";
                            2 = xpoint3:"-0.750896751880645751953125,0.503358066082000732421875,0.4275332987308502197265625";
                          }
                          #0 = {
                            scale = fixp:"1";
                            name = str:"Bip01 L Finger04";
                            translation = xpoint3:"3.4048316478729248046875,0,0";
                            rotation = {
                              0 = xpoint3:"0.45710003376007080078125,-0.889415323734283447265625,0";
                              1 = xpoint3:"0.889415323734283447265625,0.45710003376007080078125,0";
                              2 = xpoint3:"0,0,1";
                            }
                          }
                        }
                        #1 = {
                          scale = fixp:"1";
                          name = str:"Bip01 L Finger";
                          translation = xpoint3:"6.012535572052001953125,0.21068489551544189453125,-5.596888065338134765625";
                          rotation = {
                            0 = xpoint3:"0.857654988765716552734375,-0.21530891954898834228515625,0.466979682445526123046875";
                            1 = xpoint3:"0.2825838029384613037109375,0.956050574779510498046875,-0.078190140426158905029296875";
                            2 = xpoint3:"-0.429621160030364990234375,0.199021041393280029296875,0.880804359912872314453125";
                          }
                          #0 = {
                            scale = fixp:"1";
                            name = str:"Bip01 L Finger@#0";
                            translation = xpoint3:"4.924083232879638671875,0,0";
                            rotation = {
                              0 = xpoint3:"0.029480397701263427734375,-0.9995653629302978515625,0";
                              1 = xpoint3:"0.9995653629302978515625,0.029480397701263427734375,0";
                              2 = xpoint3:"0,0,1";
                            }
                          }
                        }
                        #2 = {
                          scale = fixp:"1";
                          name = str:"Bip01 L Finger@#1";
                          translation = xpoint3:"10.98044109344482421875,0,0.04146347939968109130859375";
                          rotation = {
                            0 = xpoint3:"0.9918015003204345703125,0,-0.12778820097446441650390625";
                            1 = xpoint3:"0,0.999999701976776123046875,0";
                            2 = xpoint3:"0.12778817117214202880859375,0,0.99180114269256591796875";
                          }
                        }
                        #3 = {
                          scale = fixp:"1";
                          name = str:"pt_hand";
                          translation = xpoint3:"0,0,0";
                          rotation = {
                            0 = xpoint3:"0.774561941623687744140625,0.101046390831470489501953125,-0.624374449253082275390625";
                            1 = xpoint3:"-0.630853354930877685546875,0.19456408917903900146484375,-0.7511117458343505859375";
                            2 = xpoint3:"0.0455837137997150421142578125,0.975671291351318359375,0.2144474089145660400390625";
                          }
                        }
                      }
                    }
                  }
                  #1 = {
                    scale = fixp:"1";
                    name = str:"Bone07";
                    translation = xpoint3:"18.5851230621337890625,-4.91908740997314453125,10.08297252655029296875";
                    rotation = {
                      0 = xpoint3:"0.726507484912872314453125,0.57821953296661376953125,-0.371280252933502197265625";
                      1 = xpoint3:"-0.39299190044403076171875,-0.0936026275157928466796875,-0.9147655963897705078125";
                      2 = xpoint3:"-0.563688099384307861328125,0.8104941844940185546875,0.15923254191875457763671875";
                    }
                  }
                }
                #2 = {
                  scale = fixp:"1";
                  name = str:"Bip01 R Clavicle";
                  translation = xpoint3:"-0.00177045166492462158203125,0.0053998171351850032806396484375,-3.160613536834716796875";
                  rotation = {
                    0 = xpoint3:"-0.19953787326812744140625,0,-0.97988986968994140625";
                    1 = xpoint3:"-0.172527313232421875,-0.984401226043701171875,0.034475862979888916015625";
                    2 = xpoint3:"-0.964582264423370361328125,0.17593701183795928955078125,0.19653804600238800048828125";
                  }
                  #0 = {
                    scale = fixp:"1";
                    name = str:"Bip01 R UpperArm";
                    translation = xpoint3:"22.2212657928466796875,0,0";
                    rotation = {
                      0 = xpoint3:"0.814809858798980712890625,0.568379461765289306640625,0.112964354455471038818359375";
                      1 = xpoint3:"-0.462133109569549560546875,0.51995217800140380859375,0.71790397167205810546875";
                      2 = xpoint3:"0.3496414721012115478515625,-0.63710117340087890625,0.68658435344696044921875";
                    }
                    #0 = {
                      scale = fixp:"1";
                      name = str:"Bip01 R Forearm";
                      translation = xpoint3:"27.0909214019775390625,0,0";
                      rotation = {
                        0 = xpoint3:"-0.16593992710113525390625,0.98527753353118896484375,0";
                        1 = xpoint3:"-0.98527753353118896484375,-0.16593992710113525390625,0";
                        2 = xpoint3:"0,0,1";
                      }
                      #0 = {
                        scale = fixp:"1";
                        name = str:"Bip01 R Hand";
                        translation = xpoint3:"27.0909252166748046875,0,0";
                        rotation = {
                          0 = xpoint3:"0.94350802898406982421875,0.0105566084384918212890625,0.331057727336883544921875";
                          1 = xpoint3:"0.2820522785186767578125,-0.548503935337066650390625,-0.785711705684661865234375";
                          2 = xpoint3:"0.17365823686122894287109375,0.834736406803131103515625,-0.52043402194976806640625";
                        }
                        #0 = {
                          scale = fixp:"1";
                          name = str:"Bip01 R Finger";
                          translation = xpoint3:"6.0125217437744140625,0.21068896353244781494140625,5.596879482269287109375";
                          rotation = {
                            0 = xpoint3:"0.857635021209716796875,-0.21537272632122039794921875,-0.4669869244098663330078125";
                            1 = xpoint3:"0.2826564013957977294921875,0.9560291767120361328125,0.07818938791751861572265625";
                            2 = xpoint3:"0.4296132624149322509765625,-0.19905479252338409423828125,0.880800545215606689453125";
                          }
                          #0 = {
                            scale = fixp:"1";
                            name = str:"Bip01 R Finger@#2";
                            translation = xpoint3:"4.9240932464599609375,0,0";
                            rotation = {
                              0 = xpoint3:"0.98949897289276123046875,-0.1445399224758148193359375,0";
                              1 = xpoint3:"0.1445399224758148193359375,0.98949897289276123046875,0";
                              2 = xpoint3:"0,0,1";
                            }
                          }
                        }
                        #1 = {
                          scale = fixp:"1";
                          name = str:"Bone_Gun";
                          translation = xpoint3:"3.773587703704833984375,3.9828126430511474609375,18.6739044189453125";
                          rotation = {
                            0 = xpoint3:"0.850651800632476806640625,-0.16044788062572479248046875,-0.50064754486083984375";
                            1 = xpoint3:"0.14534492790699005126953125,0.98694813251495361328125,-0.06934182345867156982421875";
                            2 = xpoint3:"0.50523889064788818359375,-0.0137808360159397125244140625,0.8628695011138916015625";
                          }
                          #0 = {
                            scale = fixp:"1";
                            name = str:"pt_shoot_1";
                            translation = xpoint3:"66.56204986572265625,0.02202446758747100830078125,0.26782119274139404296875";
                            rotation = {
                              0 = xpoint3:"0,-0.999745190143585205078125,0.02257419563829898834228515625";
                              1 = xpoint3:"0.999989330768585205078125,0,-0.004619588144123554229736328125";
                              2 = xpoint3:"0.004619586281478404998779296875,0.0225741975009441375732421875,0.99973452091217041015625";
                            }
                          }
                        }
                        #2 = {
                          scale = fixp:"1";
                          name = str:"pt_hand@#3";
                          translation = xpoint3:"0,0,0";
                          rotation = {
                            0 = xpoint3:"-0.734790146350860595703125,0.10170881450176239013671875,-0.6706256866455078125";
                            1 = xpoint3:"0.676313459873199462890625,0.18536777794361114501953125,-0.71290874481201171875";
                            2 = xpoint3:"0.051803298294544219970703125,-0.9773914813995361328125,-0.20499347150325775146484375";
                          }
                        }
                      }
                    }
                  }
                  #1 = {
                    scale = fixp:"1";
                    name = str:"Bone05";
                    translation = xpoint3:"20.4089183807373046875,-3.9424602985382080078125,-10.338531494140625";
                    rotation = {
                      0 = xpoint3:"0.840662479400634765625,-0.437687575817108154296875,-0.31892979145050048828125";
                      1 = xpoint3:"-0.393372237682342529296875,-0.08875103294849395751953125,-0.9150855541229248046875";
                      2 = xpoint3:"0.37221622467041015625,0.89473617076873779296875,-0.246783792972564697265625";
                    }
                  }
                }
              }
            }
            #1 = {
              scale = fixp:"1";
              name = str:"pt_chest ";
              translation = xpoint3:"22.5587978363037109375,0.07342694699764251708984375,0.0221710093319416046142578125";
              rotation = {
                0 = xpoint3:"0.999999701976776123046875,0,0";
                1 = xpoint3:"0,0.997027456760406494140625,-0.077044643461704254150390625";
                2 = xpoint3:"0,0.077044956386089324951171875,0.997027456760406494140625";
              }
            }
          }
          #1 = {
            scale = fixp:"1";
            name = str:"Bone03";
            translation = xpoint3:"8.64014148712158203125,0,22.7412433624267578125";
            rotation = {
              0 = xpoint3:"-0.883433401584625244140625,-0.450859606266021728515625,-0.12755919992923736572265625";
              1 = xpoint3:"0.092768132686614990234375,0.09854733943939208984375,-0.990799009799957275390625";
              2 = xpoint3:"0.459281861782073974609375,-0.887138187885284423828125,-0.0452347435057163238525390625";
            }
          }
          #2 = {
            scale = fixp:"1";
            name = str:"Bone01";
            translation = xpoint3:"8.31571102142333984375,0,-22.3114871978759765625";
            rotation = {
              0 = xpoint3:"-0.86063110828399658203125,0.493846476078033447265625,-0.124217569828033447265625";
              1 = xpoint3:"0.08867461979389190673828125,-0.094866931438446044921875,-0.991532742977142333984375";
              2 = xpoint3:"-0.501449048519134521484375,-0.864358723163604736328125,0.037853658199310302734375";
            }
          }
          #3 = {
            scale = fixp:"1";
            name = str:"Bip01 R Thigh";
            translation = xpoint3:"0,0,-13.67627429962158203125";
            rotation = {
              0 = xpoint3:"-0.97610604763031005859375,0.18489859998226165771484375,0.1008056700229644775390625";
              1 = xpoint3:"0.13784210383892059326171875,0.923723042011260986328125,-0.3572458922863006591796875";
              2 = xpoint3:"-0.1592131555080413818359375,-0.3353171050548553466796875,-0.927047550678253173828125";
            }
            #0 = {
              scale = fixp:"1";
              name = str:"Bip01 R Calf";
              translation = xpoint3:"45.15155029296875,0,0";
              rotation = {
                0 = xpoint3:"0.865735530853271484375,0.500307023525238037109375,0";
                1 = xpoint3:"-0.500307023525238037109375,0.865735530853271484375,0";
                2 = xpoint3:"0,0,1";
              }
              #0 = {
                scale = fixp:"1";
                name = str:"Bip01 R Foot";
                translation = xpoint3:"40.107089996337890625,0,0";
                rotation = {
                  0 = xpoint3:"0.94351327419281005859375,-0.3279714882373809814453125,0.046210370957851409912109375";
                  1 = xpoint3:"0.3243273794651031494140625,0.9431660175323486328125,0.071882702410221099853515625";
                  2 = xpoint3:"-0.067174740135669708251953125,-0.0528211630880832672119140625,0.996339380741119384765625";
                }
                #0 = {
                  scale = fixp:"1";
                  name = str:"pt_foot";
                  translation = xpoint3:"11.17416286468505859375,5.355102062225341796875,0.1230809688568115234375";
                  rotation = {
                    0 = xpoint3:"0.999988615512847900390625,0,-0.004737186245620250701904296875";
                    1 = xpoint3:"0,0.99999105930328369140625,0.0041794436983764171600341796875";
                    2 = xpoint3:"0.004734673537313938140869140625,-0.0041822898201644420623779296875,0.999980032444000244140625";
                  }
                }
                #1 = {
                  scale = fixp:"1";
                  name = str:"pt_footprint02";
                  translation = xpoint3:"16.338382720947265625,5.378613948822021484375,0.0564973391592502593994140625";
                  rotation = {
                    0 = xpoint3:"0.99999272823333740234375,0,-0.00378360762260854244232177734375";
                    1 = xpoint3:"0,0.999994456768035888671875,0.0032934979535639286041259765625";
                    2 = xpoint3:"0.00378195359371602535247802734375,-0.00329539738595485687255859375,0.999987423419952392578125";
                  }
                }
              }
            }
          }
          #4 = {
            scale = fixp:"1";
            name = str:"Bip01 L Thigh";
            translation = xpoint3:"0,0,13.67627048492431640625";
            rotation = {
              0 = xpoint3:"-0.97873151302337646484375,0.17180033028125762939453125,-0.098478019237518310546875";
              1 = xpoint3:"0.13068364560604095458984375,0.934875071048736572265625,0.3299028575420379638671875";
              2 = xpoint3:"0.14877855777740478515625,0.3104815185070037841796875,-0.93736588954925537109375";
            }
            #0 = {
              scale = fixp:"1";
              name = str:"Bip01 L Calf";
              translation = xpoint3:"45.15155792236328125,0,0";
              rotation = {
                0 = xpoint3:"0.8888075351715087890625,0.458104610443115234375,0";
                1 = xpoint3:"-0.458104610443115234375,0.8888075351715087890625,0";
                2 = xpoint3:"0,0,1";
              }
              #0 = {
                scale = fixp:"1";
                name = str:"Bip01 L Foot";
                translation = xpoint3:"40.107105255126953125,0,0";
                rotation = {
                  0 = xpoint3:"0.94637143611907958984375,-0.317771613597869873046875,-0.057658173143863677978515625";
                  1 = xpoint3:"0.310230672359466552734375,0.9440982341766357421875,-0.111150182783603668212890625";
                  2 = xpoint3:"0.089778654277324676513671875,0.087284706532955169677734375,0.9921238422393798828125";
                }
                #0 = {
                  scale = fixp:"1";
                  name = str:"pt_foot@#4";
                  translation = xpoint3:"11.185337066650390625,5.453898906707763671875,-0.02950661815702915191650390625";
                  rotation = {
                    0 = xpoint3:"0.999999523162841796875,0,0";
                    1 = xpoint3:"0,0.999999582767486572265625,0";
                    2 = xpoint3:"0,0,0.99999916553497314453125";
                  }
                }
                #1 = {
                  scale = fixp:"1";
                  name = str:"pt_footprint01";
                  translation = xpoint3:"16.28777313232421875,5.409615993499755859375,-0.05720420181751251220703125";
                  rotation = {
                    0 = xpoint3:"0.999992668628692626953125,0,0.003775347955524921417236328125";
                    1 = xpoint3:"0,0.99999439716339111328125,-0.00329595454968512058258056640625";
                    2 = xpoint3:"-0.003777335397899150848388671875,0.00329367653466761112213134765625,0.999987423419952392578125";
                  }
                }
              }
            }
          }
        }
        #1 = {
          scale = fixp:"1";
          name = str:"pt_center";
          translation = xpoint3:"-1.2609100341796875,0,26.8959197998046875";
          rotation = {
            0 = xpoint3:"-1,0,0";
            1 = xpoint3:"0,-1,0";
            2 = xpoint3:"0,0,1";
          }
        }
        #2 = {
          scale = fixp:"1";
          name = str:"pt_cast";
          translation = xpoint3:"15.064128875732421875,0.482662141323089599609375,26.45507049560546875";
          rotation = {
            0 = xpoint3:"-1,0,0";
            1 = xpoint3:"0,-1,0";
            2 = xpoint3:"0,0,1";
          }
        }
      }
      #1 = {
        scale = fixp:"1";
        name = str:"pt_aim";
        translation = xpoint3:"-24.487499237060546875,-63.354183197021484375,129.7894744873046875";
        rotation = {
          0 = xpoint3:"1,0,0";
          1 = xpoint3:"0,1,0";
          2 = xpoint3:"0,0,1";
        }
      }
      #2 = {
        scale = fixp:"1";
        name = str:"pt_ground";
        translation = xpoint3:"0,0,0";
        rotation = {
          0 = xpoint3:"1,0,0";
          1 = xpoint3:"0,1,0";
          2 = xpoint3:"0,0,1";
        }
      }
    }
  }
  #1 = {
    scale = fixp:"1";
    name = str:"pt_top";
    translation = xpoint3:"-0.901786744594573974609375,-3.65560054779052734375,212.967620849609375";
    rotation = {
      0 = xpoint3:"0,0,1";
      1 = xpoint3:"0,-1,0";
      2 = xpoint3:"1,0,0";
    }
  }
}