model = {
  file = str:"data\models\units\berserker\berserker.nif";
  animation = {
    loop = fixp:"0";
    duration = fixp:"21.5666675567626953125";
  }
  #1 = {
    scale = fixp:"1";
    name = str:"ROOT";
    translation = xpoint3:"0,0,0";
    rotation = {
      0 = xpoint3:"1,0,0";
      1 = xpoint3:"0,1,0";
      2 = xpoint3:"0,0,1";
    }
    #0 = {
      scale = fixp:"1";
      name = str:"Bip01";
      translation = xpoint3:"-6.19612789154052734375,-10.48736858367919921875,227.1356353759765625";
      rotation = {
        0 = xpoint3:"-0.1561830043792724609375,0.987728118896484375,0";
        1 = xpoint3:"-0.987728118896484375,-0.1561830043792724609375,0";
        2 = xpoint3:"0,0,1";
      }
      #0 = {
        scale = fixp:"1";
        name = str:"Bip01 Pelvis01";
        translation = xpoint3:"0,0,0";
        rotation = {
          0 = xpoint3:"0,1.00000011920928955078125,0";
          1 = xpoint3:"0,0,1.00000011920928955078125";
          2 = xpoint3:"1.00000011920928955078125,0,0";
        }
        #0 = {
          scale = fixp:"1";
          name = str:"Bip01 R Thigh01";
          translation = xpoint3:"0,0,-30.746509552001953125";
          rotation = {
            0 = xpoint3:"-0.967858970165252685546875,0.092968143522739410400390625,0.22748737037181854248046875";
            1 = xpoint3:"0.062473051249980926513671875,0.98849594593048095703125,-0.1376812756061553955078125";
            2 = xpoint3:"-0.23767770826816558837890625,-0.11923062801361083984375,-0.96252048015594482421875";
          }
          #0 = {
            scale = fixp:"1";
            name = str:"Bip01 R Calf01";
            translation = xpoint3:"110.31336212158203125,0,0";
            rotation = {
              0 = xpoint3:"0.8055584430694580078125,0.592278182506561279296875,0";
              1 = xpoint3:"-0.592278182506561279296875,0.8055584430694580078125,0";
              2 = xpoint3:"0,0,1";
            }
            #0 = {
              scale = fixp:"1";
              name = str:"Bip01 R Foot01";
              translation = xpoint3:"94.4135284423828125,0,0";
              rotation = {
                0 = xpoint3:"0.822973668575286865234375,-0.476181507110595703125,0.309368193149566650390625";
                1 = xpoint3:"0.521395742893218994140625,0.8494880199432373046875,-0.079360716044902801513671875";
                2 = xpoint3:"-0.224953234195709228515625,0.226721942424774169921875,0.947584927082061767578125";
              }
              #0 = {
                scale = fixp:"1";
                name = str:"pt_footprint01";
                translation = xpoint3:"41.5759124755859375,10.5256805419921875,1.402829647064208984375";
                rotation = {
                  0 = xpoint3:"0.00339386053383350372314453125,-0.0256147421896457672119140625,-0.999666154384613037109375";
                  1 = xpoint3:"0,-0.9996716976165771484375,0.02561667375266551971435546875";
                  2 = xpoint3:"-0.999994099140167236328125,0,-0.0033792466856539249420166015625";
                }
              }
              #1 = {
                scale = fixp:"1";
                name = str:"pt_foot";
                translation = xpoint3:"25.1696872711181640625,10.9460964202880859375,1.34737408161163330078125";
                rotation = {
                  0 = xpoint3:"0.00339386053383350372314453125,-0.0256147421896457672119140625,-0.999666154384613037109375";
                  1 = xpoint3:"0,-0.9996716976165771484375,0.02561667375266551971435546875";
                  2 = xpoint3:"-0.999994099140167236328125,0,-0.0033792466856539249420166015625";
                }
              }
            }
          }
        }
        #1 = {
          scale = fixp:"1";
          name = str:"Bip01 L Thigh01";
          translation = xpoint3:"0,0,30.7465057373046875";
          rotation = {
            0 = xpoint3:"-0.8518657684326171875,0.50441873073577880859375,-0.13114531338214874267578125";
            1 = xpoint3:"0.41657531261444091796875,0.81136620044708251953125,0.40972697734832763671875";
            2 = xpoint3:"0.313212931156158447265625,0.29491174221038818359375,-0.901202380657196044921875";
          }
          #0 = {
            scale = fixp:"1";
            name = str:"Bip01 L Calf01";
            translation = xpoint3:"110.31334686279296875,0,0";
            rotation = {
              0 = xpoint3:"0.742050826549530029296875,0.670064270496368408203125,0";
              1 = xpoint3:"-0.670064270496368408203125,0.742050826549530029296875,0";
              2 = xpoint3:"0,0,1";
            }
            #0 = {
              scale = fixp:"1";
              name = str:"Bip01 L Foot01";
              translation = xpoint3:"94.41352081298828125,0,0";
              rotation = {
                0 = xpoint3:"0.96943247318267822265625,-0.20170994102954864501953125,-0.139532864093780517578125";
                1 = xpoint3:"0.20963083207607269287109375,0.976754486560821533203125,0.044405944645404815673828125";
                2 = xpoint3:"0.1273233592510223388671875,-0.072319209575653076171875,0.98921334743499755859375";
              }
              #0 = {
                scale = fixp:"1";
                name = str:"pt_foot";
                translation = xpoint3:"25.0193996429443359375,10.38079166412353515625,-0.54331290721893310546875";
                rotation = {
                  0 = xpoint3:"0.003706655465066432952880859375,-0.01234929263591766357421875,-0.999916851520538330078125";
                  1 = xpoint3:"0.059855692088603973388671875,-0.9981281757354736328125,0.012549084611237049102783203125";
                  2 = xpoint3:"-0.9982001781463623046875,-0.0598972328007221221923828125,-0.0029605417512357234954833984375";
                }
              }
              #1 = {
                scale = fixp:"1";
                name = str:"pt_footprint02";
                translation = xpoint3:"41.429737091064453125,10.174831390380859375,-0.4947447478771209716796875";
                rotation = {
                  0 = xpoint3:"0.003706655465066432952880859375,-0.01234929263591766357421875,-0.999916851520538330078125";
                  1 = xpoint3:"0.059855692088603973388671875,-0.9981281757354736328125,0.012549084611237049102783203125";
                  2 = xpoint3:"-0.9982001781463623046875,-0.0598972328007221221923828125,-0.0029605417512357234954833984375";
                }
              }
            }
          }
        }
        #2 = {
          scale = fixp:"1";
          name = str:"Bip01 Spine02";
          translation = xpoint3:"25.3720684051513671875,-0.045687019824981689453125,0";
          rotation = {
            0 = xpoint3:"0.9966361522674560546875,-0.0819536149501800537109375,0";
            1 = xpoint3:"0.08098877966403961181640625,0.98466908931732177734375,0.1544915139675140380859375";
            2 = xpoint3:"-0.01253909058868885040283203125,-0.153981864452362060546875,0.987994134426116943359375";
          }
          #0 = {
            scale = fixp:"1";
            name = str:"Bip01 Spine03";
            translation = xpoint3:"57.36293792724609375,-0.0456712059676647186279296875,0";
            rotation = {
              0 = xpoint3:"0.99819576740264892578125,-0.059656091034412384033203125,0.006806639023125171661376953125";
              1 = xpoint3:"0.059336505830287933349609375,0.997430026531219482421875,0.04015620052814483642578125";
              2 = xpoint3:"-0.009184707887470722198486328125,-0.03967987000942230224609375,0.999170243740081787109375";
            }
            #0 = {
              scale = fixp:"1";
              name = str:"Bip01 Neck01";
              translation = xpoint3:"57.366344451904296875,-0.01311887800693511962890625,0";
              rotation = {
                0 = xpoint3:"0.967547714710235595703125,-0.2526884377002716064453125,0";
                1 = xpoint3:"0.2526884377002716064453125,0.967547714710235595703125,0";
                2 = xpoint3:"0,0,1";
              }
              #0 = {
                scale = fixp:"1";
                name = str:"Bip01 Head01";
                translation = xpoint3:"17.027317047119140625,0,0";
                rotation = {
                  0 = xpoint3:"0.9590561389923095703125,0.23926270008087158203125,-0.15154094994068145751953125";
                  1 = xpoint3:"-0.275306642055511474609375,0.913159787654876708984375,-0.3005752861499786376953125";
                  2 = xpoint3:"0.0664646625518798828125,0.3299888074398040771484375,0.941642105579376220703125";
                }
                #0 = {
                  scale = fixp:"1";
                  name = str:"pt_head";
                  translation = xpoint3:"25.61775970458984375,0.75790846347808837890625,0.4100296795368194580078125";
                  rotation = {
                    0 = xpoint3:"0.0188292451202869415283203125,-0.13165009021759033203125,0.991117417812347412109375";
                    1 = xpoint3:"-0.012587915174663066864013671875,-0.991245806217193603515625,-0.1314280033111572265625";
                    2 = xpoint3:"0.99974346160888671875,-0.010001413524150848388671875,-0.02032160945236682891845703125";
                  }
                }
              }
            }
            #1 = {
              scale = fixp:"1";
              name = str:"Bip01 R Clavicle01";
              translation = xpoint3:"57.36296844482421875,0,-7.721861362457275390625";
              rotation = {
                0 = xpoint3:"-0.18111391365528106689453125,0,-0.983461797237396240234375";
                1 = xpoint3:"-0.091704420745372772216796875,-0.995629131793975830078125,0.01768995635211467742919921875";
                2 = xpoint3:"-0.9791772365570068359375,0.093391694128513336181640625,0.18024967610836029052734375";
              }
              #0 = {
                scale = fixp:"1";
                name = str:"Bip01 R UpperArm01";
                translation = xpoint3:"62.053340911865234375,0,0";
                rotation = {
                  0 = xpoint3:"0.57296454906463623046875,0.782484114170074462890625,-0.242508828639984130859375";
                  1 = xpoint3:"-0.586358606815338134765625,0.598536908626556396484375,0.545302212238311767578125";
                  2 = xpoint3:"0.572079956531524658203125,-0.1699693202972412109375,0.8022143840789794921875";
                }
                #0 = {
                  scale = fixp:"1";
                  name = str:"Bip01 R Forearm01";
                  translation = xpoint3:"62.506855010986328125,0,0";
                  rotation = {
                    0 = xpoint3:"0.297708034515380859375,0.954123020172119140625,0";
                    1 = xpoint3:"-0.954123020172119140625,0.297708034515380859375,0";
                    2 = xpoint3:"0,0,1";
                  }
                  #0 = {
                    scale = fixp:"1";
                    name = str:"Bip01 R Hand01";
                    translation = xpoint3:"64.9315948486328125,0,0";
                    rotation = {
                      0 = xpoint3:"0.7649128437042236328125,-0.64123439788818359375,-0.05818657577037811279296875";
                      1 = xpoint3:"-0.4514005482196807861328125,-0.4684398174285888671875,-0.75807034969329833984375";
                      2 = xpoint3:"0.459134757518768310546875,0.606012821197509765625,-0.6477286815643310546875";
                    }
                    #0 = {
                      scale = fixp:"1";
                      name = str:"Bip01 R Finger05";
                      translation = xpoint3:"10.7481861114501953125,3.63529300689697265625,9.0980854034423828125";
                      rotation = {
                        0 = xpoint3:"-0.015452682040631771087646484375,0.897285938262939453125,-0.4411790370941162109375";
                        1 = xpoint3:"0.773996829986572265625,0.290067970752716064453125,0.56284046173095703125";
                        2 = xpoint3:"0.63300073146820068359375,-0.3327737748622894287109375,-0.69897878170013427734375";
                      }
                      #0 = {
                        scale = fixp:"1";
                        name = str:"Bip01 R Finger06";
                        translation = xpoint3:"8.05052471160888671875,0,0";
                        rotation = {
                          0 = xpoint3:"0.809949696063995361328125,-0.58649933338165283203125,0";
                          1 = xpoint3:"0.58649933338165283203125,0.809949696063995361328125,0";
                          2 = xpoint3:"0,0,1";
                        }
                        #0 = {
                          scale = fixp:"1";
                          name = str:"Bip01 R Finger07";
                          translation = xpoint3:"6.637714385986328125,0,0";
                          rotation = {
                            0 = xpoint3:"0.891990125179290771484375,-0.45205485820770263671875,0";
                            1 = xpoint3:"0.45205485820770263671875,0.891990125179290771484375,0";
                            2 = xpoint3:"0,0,1";
                          }
                        }
                      }
                    }
                    #1 = {
                      scale = fixp:"1";
                      name = str:"Bip01 R Finger08";
                      translation = xpoint3:"24.7821140289306640625,1.68701136112213134765625,10.954265594482421875";
                      rotation = {
                        0 = xpoint3:"0.95486915111541748046875,0.1826169788837432861328125,-0.2342561185359954833984375";
                        1 = xpoint3:"-0.171388089656829833984375,0.982881128787994384765625,0.06760792434215545654296875";
                        2 = xpoint3:"0.242592275142669677734375,-0.024408005177974700927734375,0.9698212146759033203125";
                      }
                      #0 = {
                        scale = fixp:"1";
                        name = str:"Bip01 R Finger09";
                        translation = xpoint3:"9.66067028045654296875,0,0";
                        rotation = {
                          0 = xpoint3:"0.980543613433837890625,-0.1963014304637908935546875,0";
                          1 = xpoint3:"0.1963014304637908935546875,0.980543613433837890625,0";
                          2 = xpoint3:"0,0,1";
                        }
                        #0 = {
                          scale = fixp:"1";
                          name = str:"Bip01 R Finger10";
                          translation = xpoint3:"8.658802032470703125,0,0";
                          rotation = {
                            0 = xpoint3:"0.81786930561065673828125,-0.575403988361358642578125,0";
                            1 = xpoint3:"0.575403988361358642578125,0.81786930561065673828125,0";
                            2 = xpoint3:"0,0,1";
                          }
                        }
                      }
                    }
                    #2 = {
                      scale = fixp:"1";
                      name = str:"Bip01 R Finger13";
                      translation = xpoint3:"28.14142608642578125,0.936253607273101806640625,5.387303829193115234375";
                      rotation = {
                        0 = xpoint3:"0.646457493305206298828125,-0.75943243503570556640625,0.07317860424518585205078125";
                        1 = xpoint3:"0.76023495197296142578125,0.649271667003631591796875,0.0221151299774646759033203125";
                        2 = xpoint3:"-0.064307749271392822265625,0.0413364432752132415771484375,0.997073650360107421875";
                      }
                      #0 = {
                        scale = fixp:"1";
                        name = str:"Bip01 R Finger14";
                        translation = xpoint3:"10.82125759124755859375,0,0";
                        rotation = {
                          0 = xpoint3:"0.528092861175537109375,-0.8491866588592529296875,0";
                          1 = xpoint3:"0.8491866588592529296875,0.528092861175537109375,0";
                          2 = xpoint3:"0,0,1";
                        }
                        #0 = {
                          scale = fixp:"1";
                          name = str:"Bip01 R Finger15";
                          translation = xpoint3:"8.47303104400634765625,0,0";
                          rotation = {
                            0 = xpoint3:"0.723978579044342041015625,-0.689822375774383544921875,0";
                            1 = xpoint3:"0.689822375774383544921875,0.723978579044342041015625,0";
                            2 = xpoint3:"0,0,1";
                          }
                        }
                      }
                    }
                    #3 = {
                      scale = fixp:"1";
                      name = str:"Bip01 R Finger16";
                      translation = xpoint3:"28.5882053375244140625,0.756150305271148681640625,-3.7167856693267822265625";
                      rotation = {
                        0 = xpoint3:"0.658121287822723388671875,-0.752911865711212158203125,0";
                        1 = xpoint3:"0.752911984920501708984375,0.65812098979949951171875,0";
                        2 = xpoint3:"0,0,0.999999701976776123046875";
                      }
                      #0 = {
                        scale = fixp:"1";
                        name = str:"Bip01 R Finger17";
                        translation = xpoint3:"7.965282917022705078125,0,0";
                        rotation = {
                          0 = xpoint3:"0.47406065464019775390625,-0.880492150783538818359375,0";
                          1 = xpoint3:"0.880492150783538818359375,0.47406065464019775390625,0";
                          2 = xpoint3:"0,0,1";
                        }
                        #0 = {
                          scale = fixp:"1";
                          name = str:"Bip01 R Finger18";
                          translation = xpoint3:"8.88999652862548828125,0,0";
                          rotation = {
                            0 = xpoint3:"0.89876806735992431640625,-0.4384243488311767578125,0";
                            1 = xpoint3:"0.4384243488311767578125,0.89876806735992431640625,0";
                            2 = xpoint3:"0,0,1";
                          }
                        }
                      }
                    }
                    #4 = {
                      scale = fixp:"1";
                      name = str:"Bip01 R Finger19";
                      translation = xpoint3:"27.6591434478759765625,0.4490451514720916748046875,-9.8411502838134765625";
                      rotation = {
                        0 = xpoint3:"0.56353580951690673828125,-0.770485818386077880859375,0.2979579865932464599609375";
                        1 = xpoint3:"0.807287037372589111328125,0.5901584625244140625,0";
                        2 = xpoint3:"-0.17525689303874969482421875,0.240965902805328369140625,0.954578697681427001953125";
                      }
                      #0 = {
                        scale = fixp:"1";
                        name = str:"Bip01 R Finger20";
                        translation = xpoint3:"7.279900074005126953125,0,0";
                        rotation = {
                          0 = xpoint3:"0.7223312854766845703125,-0.691547214984893798828125,0";
                          1 = xpoint3:"0.691547214984893798828125,0.7223312854766845703125,0";
                          2 = xpoint3:"0,0,1";
                        }
                        #0 = {
                          scale = fixp:"1";
                          name = str:"Bip01 R Finger23";
                          translation = xpoint3:"5.717795848846435546875,0,0";
                          rotation = {
                            0 = xpoint3:"0.7602825164794921875,-0.64959251880645751953125,0";
                            1 = xpoint3:"0.64959251880645751953125,0.7602825164794921875,0";
                            2 = xpoint3:"0,0,1";
                          }
                        }
                      }
                    }
                    #5 = {
                      scale = fixp:"1";
                      name = str:"Bone_Gun";
                      translation = xpoint3:"29.5594348907470703125,10.244609832763671875,28.795604705810546875";
                      rotation = {
                        0 = xpoint3:"0.99841988086700439453125,-0.049080871045589447021484375,0.027364671230316162109375";
                        1 = xpoint3:"0.02607341110706329345703125,-0.02675883285701274871826171875,-0.9993016719818115234375";
                        2 = xpoint3:"0.049778856337070465087890625,0.99843609333038330078125,-0.0254368446767330169677734375";
                      }
                      #0 = {
                        scale = fixp:"1";
                        name = str:"pt_shoot_1";
                        translation = xpoint3:"228.8409576416015625,-7.50718784332275390625,0.549093306064605712890625";
                        rotation = {
                          0 = xpoint3:"0.01044458709657192230224609375,-0.99990832805633544921875,-0.00861889310181140899658203125";
                          1 = xpoint3:"-0.010873575694859027862548828125,-0.008732430636882781982421875,0.9999027252197265625";
                          2 = xpoint3:"-0.999886333942413330078125,-0.01034984923899173736572265625,-0.010963791050016880035400390625";
                        }
                      }
                    }
                    #6 = {
                      scale = fixp:"1";
                      name = str:"pt_hand";
                      translation = xpoint3:"10.29862689971923828125,-0.16200973093509674072265625,-0.024917401373386383056640625";
                      rotation = {
                        0 = xpoint3:"0.817714869976043701171875,-0.515586197376251220703125,-0.25595569610595703125";
                        1 = xpoint3:"0.5566627979278564453125,0.821487843990325927734375,0.123629428446292877197265625";
                        2 = xpoint3:"0.14652286469936370849609375,-0.24357463419437408447265625,0.9587504863739013671875";
                      }
                    }
                  }
                }
                #1 = {
                  scale = fixp:"1";
                  name = str:"Bone03";
                  translation = xpoint3:"-17.4763202667236328125,-7.1961917877197265625,-7.14798831939697265625";
                  rotation = {
                    0 = xpoint3:"0.44629752635955810546875,0.87873852252960205078125,0.1692247688770294189453125";
                    1 = xpoint3:"0.6659691333770751953125,-0.19982676208019256591796875,-0.71871697902679443359375";
                    2 = xpoint3:"-0.59774863719940185546875,0.43346011638641357421875,-0.674394905567169189453125";
                  }
                }
              }
            }
            #2 = {
              scale = fixp:"1";
              name = str:"Bip01 L Clavicle01";
              translation = xpoint3:"57.36295318603515625,0,7.72198390960693359375";
              rotation = {
                0 = xpoint3:"-0.181113898754119873046875,0,0.983461797237396240234375";
                1 = xpoint3:"-0.09170942008495330810546875,-0.995628654956817626953125,-0.0176917649805545806884765625";
                2 = xpoint3:"0.9791767597198486328125,-0.0933969318866729736328125,0.1802494823932647705078125";
              }
              #0 = {
                scale = fixp:"1";
                name = str:"Bip01 L UpperArm01";
                translation = xpoint3:"62.053241729736328125,0,0";
                rotation = {
                  0 = xpoint3:"0.45961391925811767578125,0.2603993117809295654296875,0.84862422943115234375";
                  1 = xpoint3:"-0.4653105437755584716796875,0.88483440876007080078125,-0.0196739137172698974609375";
                  2 = xpoint3:"-0.75594770908355712890625,-0.3861258327960968017578125,0.527981936931610107421875";
                }
                #0 = {
                  scale = fixp:"1";
                  name = str:"Bip01 L Forearm01";
                  translation = xpoint3:"62.50690460205078125,0,0";
                  rotation = {
                    0 = xpoint3:"0.867624819278717041015625,0.4970262050628662109375,0";
                    1 = xpoint3:"-0.4970262050628662109375,0.867624819278717041015625,0";
                    2 = xpoint3:"0,0,1";
                  }
                  #0 = {
                    scale = fixp:"1";
                    name = str:"Bip01 L Hand01";
                    translation = xpoint3:"64.93160247802734375,0,0";
                    rotation = {
                      0 = xpoint3:"0.8774700164794921875,0.0306772887706756591796875,-0.4784636795520782470703125";
                      1 = xpoint3:"-0.1990378797054290771484375,-0.88321959972381591796875,-0.421395361423492431640625";
                      2 = xpoint3:"-0.4361794292926788330078125,0.465025842189788818359375,-0.76872074604034423828125";
                    }
                    #0 = {
                      scale = fixp:"1";
                      name = str:"Bip01 L Finger05";
                      translation = xpoint3:"10.7481822967529296875,3.63529682159423828125,-9.098087310791015625";
                      rotation = {
                        0 = xpoint3:"0.3255288302898406982421875,0.8935029506683349609375,0.3093275129795074462890625";
                        1 = xpoint3:"0.3220627307891845703125,0.2028051912784576416015625,-0.92474091053009033203125";
                        2 = xpoint3:"-0.88899195194244384765625,0.4006526768207550048828125,-0.221745073795318603515625";
                      }
                      #0 = {
                        scale = fixp:"1";
                        name = str:"Bip01 L Finger06";
                        translation = xpoint3:"8.05053424835205078125,0,0";
                        rotation = {
                          0 = xpoint3:"0.96999633312225341796875,-0.2431196272373199462890625,0";
                          1 = xpoint3:"0.2431196272373199462890625,0.96999633312225341796875,0";
                          2 = xpoint3:"0,0,1";
                        }
                        #0 = {
                          scale = fixp:"1";
                          name = str:"Bip01 L Finger07";
                          translation = xpoint3:"6.637727260589599609375,0,0";
                          rotation = {
                            0 = xpoint3:"0.9785373210906982421875,-0.2060696780681610107421875,0";
                            1 = xpoint3:"0.2060696780681610107421875,0.9785373210906982421875,0";
                            2 = xpoint3:"0,0,1";
                          }
                        }
                      }
                    }
                    #1 = {
                      scale = fixp:"1";
                      name = str:"Bip01 L Finger08";
                      translation = xpoint3:"24.7821369171142578125,1.68701946735382080078125,-10.9543056488037109375";
                      rotation = {
                        0 = xpoint3:"0.859979152679443359375,-0.35854685306549072265625,0.363152921199798583984375";
                        1 = xpoint3:"0.415556490421295166015625,0.905053794384002685546875,-0.09050099551677703857421875";
                        2 = xpoint3:"-0.296224117279052734375,0.22873951494693756103515625,0.927323877811431884765625";
                      }
                      #0 = {
                        scale = fixp:"1";
                        name = str:"Bip01 L Finger09";
                        translation = xpoint3:"9.6606464385986328125,0,0";
                        rotation = {
                          0 = xpoint3:"0.9631369113922119140625,-0.2690117657184600830078125,0";
                          1 = xpoint3:"0.2690117657184600830078125,0.9631369113922119140625,0";
                          2 = xpoint3:"0,0,1";
                        }
                        #0 = {
                          scale = fixp:"1";
                          name = str:"Bip01 L Finger10";
                          translation = xpoint3:"8.65880584716796875,0,0";
                          rotation = {
                            0 = xpoint3:"1,0,0";
                            1 = xpoint3:"0,1,0";
                            2 = xpoint3:"0,0,1";
                          }
                        }
                      }
                    }
                    #2 = {
                      scale = fixp:"1";
                      name = str:"Bip01 L Finger13";
                      translation = xpoint3:"28.141429901123046875,0.9362461566925048828125,-5.3873271942138671875";
                      rotation = {
                        0 = xpoint3:"0.95151996612548828125,-0.2987550795078277587890625,-0.073178850114345550537109375";
                        1 = xpoint3:"0.2979364693164825439453125,0.95432949066162109375,-0.022114031016826629638671875";
                        2 = xpoint3:"0.076443411409854888916015625,0,0.997073650360107421875";
                      }
                      #0 = {
                        scale = fixp:"1";
                        name = str:"Bip01 L Finger14";
                        translation = xpoint3:"10.8212108612060546875,0,0";
                        rotation = {
                          0 = xpoint3:"0.942349970340728759765625,-0.33462893962860107421875,0";
                          1 = xpoint3:"0.33462893962860107421875,0.942349970340728759765625,0";
                          2 = xpoint3:"0,0,1";
                        }
                        #0 = {
                          scale = fixp:"1";
                          name = str:"Bip01 L Finger15";
                          translation = xpoint3:"8.4730377197265625,0,0";
                          rotation = {
                            0 = xpoint3:"0.989388525485992431640625,-0.14529383182525634765625,0";
                            1 = xpoint3:"0.14529383182525634765625,0.989388525485992431640625,0";
                            2 = xpoint3:"0,0,1";
                          }
                        }
                      }
                    }
                    #3 = {
                      scale = fixp:"1";
                      name = str:"Bip01 L Finger16";
                      translation = xpoint3:"28.58823394775390625,0.756157338619232177734375,3.71675205230712890625";
                      rotation = {
                        0 = xpoint3:"0.963344097137451171875,-0.2682688236236572265625,0";
                        1 = xpoint3:"0.268268764019012451171875,0.963343799114227294921875,0";
                        2 = xpoint3:"0,0,0.999999701976776123046875";
                      }
                      #0 = {
                        scale = fixp:"1";
                        name = str:"Bip01 L Finger17";
                        translation = xpoint3:"7.9652500152587890625,0,0";
                        rotation = {
                          0 = xpoint3:"0.92249310016632080078125,-0.386013567447662353515625,0";
                          1 = xpoint3:"0.386013567447662353515625,0.92249310016632080078125,0";
                          2 = xpoint3:"0,0,1";
                        }
                        #0 = {
                          scale = fixp:"1";
                          name = str:"Bip01 L Finger18";
                          translation = xpoint3:"8.89000225067138671875,0,0";
                          rotation = {
                            0 = xpoint3:"0.997861444950103759765625,-0.065364234149456024169921875,0";
                            1 = xpoint3:"0.065364234149456024169921875,0.997861444950103759765625,0";
                            2 = xpoint3:"0,0,1";
                          }
                        }
                      }
                    }
                    #4 = {
                      scale = fixp:"1";
                      name = str:"Bip01 L Finger19";
                      translation = xpoint3:"27.659152984619140625,0.44904816150665283203125,9.841129302978515625";
                      rotation = {
                        0 = xpoint3:"0.889834940433502197265625,-0.3455649316310882568359375,-0.297957479953765869140625";
                        1 = xpoint3:"0.3622287809848785400390625,0.932088911533355712890625,0";
                        2 = xpoint3:"0.2774600982666015625,-0.108605436980724334716796875,0.954578816890716552734375";
                      }
                      #0 = {
                        scale = fixp:"1";
                        name = str:"Bip01 L Finger20";
                        translation = xpoint3:"7.27989482879638671875,0,0";
                        rotation = {
                          0 = xpoint3:"0.955568850040435791015625,-0.294767916202545166015625,0";
                          1 = xpoint3:"0.294767916202545166015625,0.955568850040435791015625,0";
                          2 = xpoint3:"0,0,1";
                        }
                        #0 = {
                          scale = fixp:"1";
                          name = str:"Bip01 L Finger23";
                          translation = xpoint3:"5.717813968658447265625,0,0";
                          rotation = {
                            0 = xpoint3:"0.986285626888275146484375,-0.16504754126071929931640625,0";
                            1 = xpoint3:"0.16504754126071929931640625,0.986285626888275146484375,0";
                            2 = xpoint3:"0,0,1";
                          }
                        }
                      }
                    }
                    #5 = {
                      scale = fixp:"1";
                      name = str:"pt_hand";
                      translation = xpoint3:"13.59815120697021484375,2.801940441131591796875,0.115015633404254913330078125";
                      rotation = {
                        0 = xpoint3:"-0.4884149730205535888671875,-0.665505468845367431640625,-0.564405262470245361328125";
                        1 = xpoint3:"-0.02077289111912250518798828125,-0.637749493122100830078125,0.769963681697845458984375";
                        2 = xpoint3:"-0.872364223003387451171875,0.3877861201763153076171875,0.2976619303226470947265625";
                      }
                    }
                  }
                }
                #1 = {
                  scale = fixp:"1";
                  name = str:"Bone01";
                  translation = xpoint3:"-19.114948272705078125,-3.6061275005340576171875,-2.067059040069580078125";
                  rotation = {
                    0 = xpoint3:"0.4070665538311004638671875,-0.9116342067718505859375,-0.0567438304424285888671875";
                    1 = xpoint3:"-0.0209277570247650146484375,0.052798926830291748046875,-0.99838578701019287109375";
                    2 = xpoint3:"0.9131586551666259765625,0.40759694576263427734375,0.0024142563343048095703125";
                  }
                }
              }
            }
            #3 = {
              scale = fixp:"1";
              name = str:"pt_chest";
              translation = xpoint3:"35.211277008056640625,-7.74018573760986328125,-2.347854137420654296875";
              rotation = {
                0 = xpoint3:"-0.05188138782978057861328125,-0.131360530853271484375,0.989976108074188232421875";
                1 = xpoint3:"-0.3413646519184112548828125,-0.929265439510345458984375,-0.14119459688663482666015625";
                2 = xpoint3:"0.938498020172119140625,-0.3452682197093963623046875,0.00336974323727190494537353515625";
              }
            }
          }
        }
      }
      #1 = {
        scale = fixp:"1";
        name = str:"pt_center";
        translation = xpoint3:"0.758140385150909423828125,1.67251837253570556640625,83.1144866943359375";
        rotation = {
          0 = xpoint3:"-0.15618284046649932861328125,-0.987728178501129150390625,0";
          1 = xpoint3:"0.987728178501129150390625,-0.15618284046649932861328125,0";
          2 = xpoint3:"0,0,1";
        }
      }
    }
    #1 = {
      scale = fixp:"1";
      name = str:"pt_ground";
      translation = xpoint3:"0,0,0";
      rotation = {
        0 = xpoint3:"1,0,0";
        1 = xpoint3:"0,1,0";
        2 = xpoint3:"0,0,1";
      }
    }
    #2 = {
      scale = fixp:"1";
      name = str:"pt_top";
      translation = xpoint3:"0,0,485.648529052734375";
      rotation = {
        0 = xpoint3:"1,0,0";
        1 = xpoint3:"0,1,0";
        2 = xpoint3:"0,0,1";
      }
    }
    #3 = {
      scale = fixp:"1";
      name = str:"pt_aim";
      translation = xpoint3:"-58.366306304931640625,-18.7274932861328125,281.69036865234375";
      rotation = {
        0 = xpoint3:"1,0,0";
        1 = xpoint3:"0,1,0";
        2 = xpoint3:"0,0,1";
      }
    }
  }
}