model = {
  file = str:"data\models\units\horrorghost\howling_horror_ghost.nif";
  animation = {
    loop = fixp:"50";
    duration = fixp:"50";
  }
  #1 = {
    scale = fixp:"1";
    name = str:"ROOT";
    translation = xpoint3:"0,0,0";
    rotation = {
      0 = xpoint3:"1,0,0";
      1 = xpoint3:"0,1,0";
      2 = xpoint3:"0,0,1";
    }
    #2 = {
      scale = fixp:"1";
      name = str:"ROOT NonAccum";
      translation = xpoint3:"0,0,0";
      rotation = {
        0 = xpoint3:"1,0,0";
        1 = xpoint3:"0,1,0";
        2 = xpoint3:"0,0,1";
      }
      #0 = {
        scale = fixp:"1";
        name = str:"Bip01";
        translation = xpoint3:"0,-7.064516544342041015625,328.023712158203125";
        rotation = {
          0 = xpoint3:"1,0,0";
          1 = xpoint3:"0,0,-1";
          2 = xpoint3:"0,1,0";
        }
        #0 = {
          scale = fixp:"1";
          name = str:"Box02";
          translation = xpoint3:"0,0,0";
          rotation = {
            0 = xpoint3:"1,0,0";
            1 = xpoint3:"0,1,0";
            2 = xpoint3:"0,0,1";
          }
          #0 = {
            scale = fixp:"1";
            name = str:"Bone09";
            translation = xpoint3:"-51.326351165771484375,-0.778643190860748291015625,1.42412865161895751953125";
            rotation = {
              0 = xpoint3:"-0.4688604772090911865234375,-0.1746428012847900390625,-0.864602863788604736328125";
              1 = xpoint3:"-0.691909372806549072265625,0.681167185306549072265625,0.2383485138416290283203125";
              2 = xpoint3:"0.547082841396331787109375,0.71066761016845703125,-0.43995702266693115234375";
            }
            #0 = {
              scale = fixp:"1";
              name = str:"Bone10";
              translation = xpoint3:"170.22845458984375,0,0";
              rotation = {
                0 = xpoint3:"-0.4366661608219146728515625,0.8983900547027587890625,-0.0115478932857513427734375";
                1 = xpoint3:"-0.87417709827423095703125,-0.4218414127826690673828125,0.23622243106365203857421875";
                2 = xpoint3:"0.2074906527996063232421875,0.11349897086620330810546875,0.971609175205230712890625";
              }
              #0 = {
                scale = fixp:"1";
                name = str:"Bone11";
                translation = xpoint3:"222.01318359375,0,0";
                rotation = {
                  0 = xpoint3:"0.06389375030994415283203125,-0.914870738983154296875,-0.39695179462432861328125";
                  1 = xpoint3:"0.94939219951629638671875,-0.0658758580684661865234375,0.3045787513256072998046875";
                  2 = xpoint3:"-0.305309236049652099609375,-0.3963902294635772705078125,0.8657171726226806640625";
                }
                #0 = {
                  scale = fixp:"1";
                  name = str:"Bone12";
                  translation = xpoint3:"141.23126220703125,0,0";
                  rotation = {
                    0 = xpoint3:"0.3601512610912322998046875,-0.76868736743927001953125,-0.52771413326263427734375";
                    1 = xpoint3:"0.71348941326141357421875,0.5915672779083251953125,-0.3746842443943023681640625";
                    2 = xpoint3:"0.60024607181549072265625,-0.2420229017734527587890625,0.762092053890228271484375";
                  }
                }
                #1 = {
                  scale = fixp:"1";
                  name = str:"Bone14";
                  translation = xpoint3:"141.23126220703125,0,0";
                  rotation = {
                    0 = xpoint3:"0.258109867572784423828125,-0.2085440456867218017578125,-0.942768275737762451171875";
                    1 = xpoint3:"0.95637214183807373046875,-0.078478634357452392578125,0.2786185443401336669921875";
                    2 = xpoint3:"-0.132871925830841064453125,-0.97405612468719482421875,0.17991544306278228759765625";
                  }
                }
              }
            }
          }
          #1 = {
            scale = fixp:"1";
            name = str:"Bone16";
            translation = xpoint3:"50.8940582275390625,-0.778643190860748291015625,1.42412865161895751953125";
            rotation = {
              0 = xpoint3:"-0.360428035259246826171875,-0.068418331444263458251953125,-0.929212629795074462890625";
              1 = xpoint3:"0.1855272948741912841796875,-0.981174945831298828125,0";
              2 = xpoint3:"-0.913070023059844970703125,-0.1724509894847869873046875,0.368302881717681884765625";
            }
            #0 = {
              scale = fixp:"1";
              name = str:"Bone17";
              translation = xpoint3:"-170.2284698486328125,0,0";
              rotation = {
                0 = xpoint3:"-0.45510005950927734375,0.889221131801605224609375,-0.007602341473102569580078125";
                1 = xpoint3:"-0.865226686000823974609375,-0.4407953321933746337890625,0.23450203239917755126953125";
                2 = xpoint3:"0.2053165733814239501953125,0.11355222761631011962890625,0.972065031528472900390625";
              }
              #0 = {
                scale = fixp:"1";
                name = str:"Bone18";
                translation = xpoint3:"-222.0132293701171875,0,0";
                rotation = {
                  0 = xpoint3:"0.20717047154903411865234375,-0.8975098133087158203125,-0.3878219127655029296875";
                  1 = xpoint3:"0.95154774188995361328125,0.0940708220005035400390625,0.2905042469501495361328125";
                  2 = xpoint3:"-0.22469218075275421142578125,-0.4293157160282135009765625,0.87465393543243408203125";
                }
                #0 = {
                  scale = fixp:"1";
                  name = str:"Bone19";
                  translation = xpoint3:"-141.2312774658203125,0,0";
                  rotation = {
                    0 = xpoint3:"0.698329269886016845703125,-0.553997457027435302734375,-0.45275294780731201171875";
                    1 = xpoint3:"0.433072507381439208984375,0.831031024456024169921875,-0.348698198795318603515625";
                    2 = xpoint3:"0.56951439380645751953125,0.04721252620220184326171875,0.820465624332427978515625";
                  }
                }
                #1 = {
                  scale = fixp:"1";
                  name = str:"Bone21";
                  translation = xpoint3:"-141.231292724609375,0,0";
                  rotation = {
                    0 = xpoint3:"0.6014499664306640625,-0.256433665752410888671875,-0.756254851818084716796875";
                    1 = xpoint3:"0.770840108394622802734375,-0.0601878464221954345703125,0.632964789867401123046875";
                    2 = xpoint3:"-0.208530843257904052734375,-0.963888347148895263671875,0.16191971302032470703125";
                  }
                }
              }
            }
          }
          #2 = {
            scale = fixp:"1";
            name = str:"Bone01";
            translation = xpoint3:"0,-25.5606842041015625,1.98735630512237548828125";
            rotation = {
              0 = xpoint3:"0,0,-0.999321460723876953125";
              1 = xpoint3:"-0.784350335597991943359375,0.619902193546295166015625,0";
              2 = xpoint3:"0.61922371387481689453125,0.784350335597991943359375,0";
            }
            #0 = {
              scale = fixp:"1";
              name = str:"Bone02";
              translation = xpoint3:"54.5378875732421875,0,0";
              rotation = {
                0 = xpoint3:"0.384590923786163330078125,0.92260015010833740234375,-0.02997974492609500885009765625";
                1 = xpoint3:"-0.920869350433349609375,0.385714471340179443359375,0.05678026378154754638671875";
                2 = xpoint3:"0.063949108123779296875,0.00577024929225444793701171875,0.9979364871978759765625";
              }
              #0 = {
                scale = fixp:"1";
                name = str:"Bone03";
                translation = xpoint3:"75.1444549560546875,0,0";
                rotation = {
                  0 = xpoint3:"0.880700290203094482421875,0.4711718857288360595703125,-0.0486218631267547607421875";
                  1 = xpoint3:"-0.4701368510723114013671875,0.8820273876190185546875,0.03160788118839263916015625";
                  2 = xpoint3:"0.057778559625148773193359375,-0.004978143610060214996337890625,0.9983170032501220703125";
                }
                #0 = {
                  scale = fixp:"1";
                  name = str:"Bone04";
                  translation = xpoint3:"59.206012725830078125,0,0";
                  rotation = {
                    0 = xpoint3:"0.910640656948089599609375,0.413088023662567138671875,0.0095846317708492279052734375";
                    1 = xpoint3:"-0.41306221485137939453125,0.910691082477569580078125,-0.004621930420398712158203125";
                    2 = xpoint3:"-0.01063790358603000640869140625,0,0.99994337558746337890625";
                  }
                  #0 = {
                    scale = fixp:"1";
                    name = str:"Bone05";
                    translation = xpoint3:"86.0266265869140625,0,0";
                    rotation = {
                      0 = xpoint3:"0.947439134120941162109375,0.22771681845188140869140625,0.2247313559055328369140625";
                      1 = xpoint3:"-0.22522912919521331787109375,0.973603069782257080078125,-0.0369992814958095550537109375";
                      2 = xpoint3:"-0.2272244989871978759765625,-0.015561482869088649749755859375,0.97371804714202880859375";
                    }
                    #0 = {
                      scale = fixp:"1";
                      name = str:"Bone06";
                      translation = xpoint3:"89.716156005859375,0,0";
                      rotation = {
                        0 = xpoint3:"0.9609205722808837890625,0.1894631087779998779296875,0.201830089092254638671875";
                        1 = xpoint3:"-0.184093296527862548828125,0.981867611408233642578125,-0.045229308307170867919921875";
                        2 = xpoint3:"-0.206739723682403564453125,0.00630620308220386505126953125,0.9783756732940673828125";
                      }
                      #0 = {
                        scale = fixp:"1";
                        name = str:"Bone07";
                        translation = xpoint3:"97.438568115234375,0,0";
                        rotation = {
                          0 = xpoint3:"0.970605671405792236328125,0.23975241184234619140625,-0.02105851471424102783203125";
                          1 = xpoint3:"-0.239682674407958984375,0.97083389759063720703125,0.0058132256381213665008544921875";
                          2 = xpoint3:"0.02183805406093597412109375,0,0.9997613430023193359375";
                        }
                        #0 = {
                          scale = fixp:"1";
                          name = str:"Bone08";
                          translation = xpoint3:"73.4986419677734375,0,0";
                          rotation = {
                            0 = xpoint3:"0.934895694255828857421875,0.2922370135784149169921875,-0.20141385495662689208984375";
                            1 = xpoint3:"-0.2884228527545928955078125,0.956263482570648193359375,0.0487072579562664031982421875";
                            2 = xpoint3:"0.20683877170085906982421875,0.012556143105030059814453125,0.97829449176788330078125";
                          }
                        }
                      }
                    }
                  }
                }
              }
            }
          }
          #3 = {
            scale = fixp:"1";
            name = str:"Box03";
            translation = xpoint3:"0,21.109874725341796875,-4.381086826324462890625";
            rotation = {
              0 = xpoint3:"1,0,0";
              1 = xpoint3:"0,1,0";
              2 = xpoint3:"0,0,1";
            }
            #0 = {
              scale = fixp:"1";
              name = str:"Box04";
              translation = xpoint3:"0,91.5475311279296875,-9.9006252288818359375";
              rotation = {
                0 = xpoint3:"1,0,0";
                1 = xpoint3:"0,0.999994337558746337890625,-0.00337051856331527233123779296875";
                2 = xpoint3:"0,0.00337051856331527233123779296875,0.999994337558746337890625";
              }
              #0 = {
                scale = fixp:"1";
                name = str:"Bone47";
                translation = xpoint3:"0,100.16473388671875,-19.2810878753662109375";
                rotation = {
                  0 = xpoint3:"0,0,-0.999273777008056640625";
                  1 = xpoint3:"0.66801738739013671875,-0.74244403839111328125,0";
                  2 = xpoint3:"-0.7431695461273193359375,-0.66801798343658447265625,0.00126421451568603515625";
                }
              }
              #1 = {
                scale = fixp:"1";
                name = str:"Bone49";
                translation = xpoint3:"0,66.3766632080078125,-41.04290008544921875";
                rotation = {
                  0 = xpoint3:"0.12628352642059326171875,0,-0.991354882717132568359375";
                  1 = xpoint3:"-0.01270836405456066131591796875,-0.998466968536376953125,-0.0014857021160423755645751953125";
                  2 = xpoint3:"-0.991273462772369384765625,0.01279432512819766998291015625,-0.12482368946075439453125";
                }
              }
              #2 = {
                scale = fixp:"1";
                name = str:"Box05";
                translation = xpoint3:"0,74.94991302490234375,58.124423980712890625";
                rotation = {
                  0 = xpoint3:"1,0,0";
                  1 = xpoint3:"0,0.999994814395904541015625,-0.00322554330341517925262451171875";
                  2 = xpoint3:"0,0.00322554330341517925262451171875,0.999994814395904541015625";
                }
                #0 = {
                  scale = fixp:"1";
                  name = str:"Bone43";
                  translation = xpoint3:"0,71.029144287109375,42.85711669921875";
                  rotation = {
                    0 = xpoint3:"-0.11540591716766357421875,0,-0.99250328540802001953125";
                    1 = xpoint3:"0.895504891872406005859375,-0.430152237415313720703125,-0.104712069034576416015625";
                    2 = xpoint3:"-0.42794132232666015625,-0.901606142520904541015625,0.050944507122039794921875";
                  }
                }
                #1 = {
                  scale = fixp:"1";
                  name = str:"Bone45";
                  translation = xpoint3:"0,59.002838134765625,-25.291713714599609375";
                  rotation = {
                    0 = xpoint3:"-0.07468275725841522216796875,0,-0.996425092220306396484375";
                    1 = xpoint3:"0.7980344295501708984375,-0.597621917724609375,-0.06058704853057861328125";
                    2 = xpoint3:"-0.596660792827606201171875,-0.800330936908721923828125,0.04562242329120635986328125";
                  }
                }
                #2 = {
                  scale = fixp:"1";
                  name = str:"Box06";
                  translation = xpoint3:"0,23.283687591552734375,87.1832733154296875";
                  rotation = {
                    0 = xpoint3:"1,0,0";
                    1 = xpoint3:"0,0.533294141292572021484375,-0.8459298610687255859375";
                    2 = xpoint3:"0,0.8459298610687255859375,0.533294141292572021484375";
                  }
                  #0 = {
                    scale = fixp:"1";
                    name = str:"Box07";
                    translation = xpoint3:"0,21.2084712982177734375,55.586833953857421875";
                    rotation = {
                      0 = xpoint3:"1,0,0";
                      1 = xpoint3:"0,0.9098899364471435546875,-0.414849758148193359375";
                      2 = xpoint3:"0,0.414849758148193359375,0.9098899364471435546875";
                    }
                    #0 = {
                      scale = fixp:"1";
                      name = str:"Box08";
                      translation = xpoint3:"0,21.9515781402587890625,54.02858734130859375";
                      rotation = {
                        0 = xpoint3:"1,0,0";
                        1 = xpoint3:"0,0.96216619014739990234375,0.2724632918834686279296875";
                        2 = xpoint3:"0,-0.2724632918834686279296875,0.96216619014739990234375";
                      }
                      #0 = {
                        scale = fixp:"1";
                        name = str:"Box09";
                        translation = xpoint3:"0,15.34569454193115234375,53.127071380615234375";
                        rotation = {
                          0 = xpoint3:"1,0,0";
                          1 = xpoint3:"0,0.9975159168243408203125,0.070441424846649169921875";
                          2 = xpoint3:"0,-0.070441424846649169921875,0.9975159168243408203125";
                        }
                      }
                      #1 = {
                        scale = fixp:"1";
                        name = str:"pt_head";
                        translation = xpoint3:"0.0573584735393524169921875,23.1882801055908203125,38.436130523681640625";
                        rotation = {
                          0 = xpoint3:"0.9996788501739501953125,-0.0253363065421581268310546875,0";
                          1 = xpoint3:"-0.0229678191244602203369140625,-0.91508138179779052734375,0.402614653110504150390625";
                          2 = xpoint3:"-0.010710661299526691436767578125,-0.402472555637359619140625,-0.91536939144134521484375";
                        }
                      }
                    }
                  }
                }
              }
              #3 = {
                scale = fixp:"1";
                name = str:"Bone53";
                translation = xpoint3:"62.36690521240234375,68.450714111328125,64.0328369140625";
                rotation = {
                  0 = xpoint3:"-0.0400459766387939453125,0.0163170397281646728515625,-0.99830901622772216796875";
                  1 = xpoint3:"0.9973125457763671875,0.048908770084381103515625,-0.0399433076381683349609375";
                  2 = xpoint3:"0.0474844276905059814453125,-0.997978687286376953125,-0.017525374889373779296875";
                }
                #0 = {
                  scale = fixp:"1";
                  name = str:"Bone54";
                  translation = xpoint3:"-71.55539703369140625,0.00171153782866895198822021484375,0";
                  rotation = {
                    0 = xpoint3:"0.4585154056549072265625,-0.885911524295806884765625,0.0643312036991119384765625";
                    1 = xpoint3:"0.877730667591094970703125,0.4630110561847686767578125,0.12012638151645660400390625";
                    2 = xpoint3:"-0.13625960052013397216796875,0.0014739222824573516845703125,0.990665256977081298828125";
                  }
                  #0 = {
                    scale = fixp:"1";
                    name = str:"Bone34";
                    translation = xpoint3:"-75.9050445556640625,0.2696854174137115478515625,0.23356617987155914306640625";
                    rotation = {
                      0 = xpoint3:"0.910162508487701416015625,-0.406593263149261474609375,-0.078458867967128753662109375";
                      1 = xpoint3:"0.406326711177825927734375,0.91343867778778076171875,-0.02006747759878635406494140625";
                      2 = xpoint3:"0.079827658832073211669921875,-0.01363972760736942291259765625,0.996712982654571533203125";
                    }
                    #0 = {
                      scale = fixp:"1";
                      name = str:"Bone35";
                      translation = xpoint3:"-99.23305511474609375,0,0";
                      rotation = {
                        0 = xpoint3:"0.1462490856647491455078125,0.98858225345611572265625,-0.0087909214198589324951171875";
                        1 = xpoint3:"-0.98058068752288818359375,0.14619077742099761962890625,0.1258992254734039306640625";
                        2 = xpoint3:"0.1258318126201629638671875,-0.0097081251442432403564453125,0.991998255252838134765625";
                      }
                      #0 = {
                        scale = fixp:"1";
                        name = str:"Bone36";
                        translation = xpoint3:"-42.2694244384765625,0,0";
                        rotation = {
                          0 = xpoint3:"0.94098579883575439453125,0.32226169109344482421875,0.102992594242095947265625";
                          1 = xpoint3:"-0.32296621799468994140625,0.946313917636871337890625,-0.01023943163454532623291015625";
                          2 = xpoint3:"-0.10076148808002471923828125,-0.02365255914628505706787109375,0.994625508785247802734375";
                        }
                        #0 = {
                          scale = fixp:"1";
                          name = str:"Bone37";
                          translation = xpoint3:"-29.76438140869140625,0,0";
                          rotation = {
                            0 = xpoint3:"0.596159458160400390625,0.801554977893829345703125,0.038954056799411773681640625";
                            1 = xpoint3:"-0.788039267063140869140625,0.593907058238983154296875,-0.16024720668792724609375";
                            2 = xpoint3:"-0.1516638100147247314453125,0.064766280353069305419921875,0.986297905445098876953125";
                          }
                          #0 = {
                            scale = fixp:"1";
                            name = str:"Bone38";
                            translation = xpoint3:"-26.880523681640625,0,0";
                            rotation = {
                              0 = xpoint3:"1,0,0";
                              1 = xpoint3:"0,1,0";
                              2 = xpoint3:"0,0,1";
                            }
                          }
                        }
                      }
                      #1 = {
                        scale = fixp:"1";
                        name = str:"pt_hand";
                        translation = xpoint3:"-26.1836032867431640625,-1.20379352569580078125,7.851975917816162109375";
                        rotation = {
                          0 = xpoint3:"-0.1541135609149932861328125,-0.1410873234272003173828125,0.977928102016448974609375";
                          1 = xpoint3:"0.103356994688510894775390625,0.982020437717437744140625,0.157965958118438720703125";
                          2 = xpoint3:"-0.982632339000701904296875,0.12542040646076202392578125,-0.13676035404205322265625";
                        }
                      }
                    }
                    #1 = {
                      scale = fixp:"1";
                      name = str:"Bone39";
                      translation = xpoint3:"-99.23307037353515625,0,0";
                      rotation = {
                        0 = xpoint3:"0.15082044899463653564453125,-0.12647902965545654296875,0.9798080921173095703125";
                        1 = xpoint3:"-0.883181095123291015625,0.427675306797027587890625,0.19040584564208984375";
                        2 = xpoint3:"-0.4427324235439300537109375,-0.89457607269287109375,-0.04692995548248291015625";
                      }
                      #0 = {
                        scale = fixp:"1";
                        name = str:"Bone40";
                        translation = xpoint3:"-46.09552764892578125,0,0";
                        rotation = {
                          0 = xpoint3:"0.958907306194305419921875,0.21813420951366424560546875,0.18125851452350616455078125";
                          1 = xpoint3:"-0.21601630747318267822265625,0.975860416889190673828125,-0.0315978415310382843017578125";
                          2 = xpoint3:"-0.18377740681171417236328125,-0.008884769864380359649658203125,0.982915103435516357421875";
                        }
                        #0 = {
                          scale = fixp:"1";
                          name = str:"Bone41";
                          translation = xpoint3:"-29.856723785400390625,0,0";
                          rotation = {
                            0 = xpoint3:"0.3947412967681884765625,-0.15587173402309417724609375,0.904988944530487060546875";
                            1 = xpoint3:"0.025327205657958984375,0.986969888210296630859375,0.15883982181549072265625";
                            2 = xpoint3:"-0.917964875698089599609375,-0.03969334065914154052734375,0.393554151058197021484375";
                          }
                        }
                      }
                    }
                  }
                }
              }
              #4 = {
                scale = fixp:"1";
                name = str:"Bone51";
                translation = xpoint3:"-62.2005767822265625,68.450714111328125,64.0328369140625";
                rotation = {
                  0 = xpoint3:"-0.03488743305206298828125,0.0483597815036773681640625,-0.99746799468994140625";
                  1 = xpoint3:"-0.97165584564208984375,-0.2314059734344482421875,0.0234371721744537353515625";
                  2 = xpoint3:"-0.2305777370929718017578125,0.97073459625244140625,0.05602169036865234375";
                }
                #0 = {
                  scale = fixp:"1";
                  name = str:"Bone52";
                  translation = xpoint3:"71.55541229248046875,-0.00170387816615402698516845703125,0";
                  rotation = {
                    0 = xpoint3:"0.65000069141387939453125,-0.75599229335784912109375,0.073938317596912384033203125";
                    1 = xpoint3:"0.7510015964508056640625,0.654196679592132568359375,0.086727201938629150390625";
                    2 = xpoint3:"-0.113964341580867767333984375,0,0.993479788303375244140625";
                  }
                  #0 = {
                    scale = fixp:"1";
                    name = str:"Bone24";
                    translation = xpoint3:"75.8523712158203125,-0.269641697406768798828125,0.32850563526153564453125";
                    rotation = {
                      0 = xpoint3:"0.8008668422698974609375,-0.581480920314788818359375,-0.14213849604129791259765625";
                      1 = xpoint3:"0.577892482280731201171875,0.812964856624603271484375,-0.069692432880401611328125";
                      2 = xpoint3:"0.15608854591846466064453125,-0.02639614045619964599609375,0.987381041049957275390625";
                    }
                    #0 = {
                      scale = fixp:"1";
                      name = str:"Bone25";
                      translation = xpoint3:"99.2330780029296875,0,0";
                      rotation = {
                        0 = xpoint3:"0.3671734631061553955078125,0.92715704441070556640625,-0.0681552886962890625";
                        1 = xpoint3:"-0.91672813892364501953125,0.3732802569866180419921875,0.13914717733860015869140625";
                        2 = xpoint3:"0.154514968395233154296875,0.011498034000396728515625,0.98791468143463134765625";
                      }
                      #0 = {
                        scale = fixp:"1";
                        name = str:"Bone26";
                        translation = xpoint3:"42.269435882568359375,0,0";
                        rotation = {
                          0 = xpoint3:"0.925681293010711669921875,0.361587464809417724609375,0.11072830855846405029296875";
                          1 = xpoint3:"-0.361799776554107666015625,0.9320113658905029296875,-0.01889753900468349456787109375";
                          2 = xpoint3:"-0.1100326478481292724609375,-0.02259848825633525848388671875,0.9936664104461669921875";
                        }
                        #0 = {
                          scale = fixp:"1";
                          name = str:"Bone27";
                          translation = xpoint3:"29.7643890380859375,0,0";
                          rotation = {
                            0 = xpoint3:"0.556926190853118896484375,0.829437196254730224609375,0.0349881947040557861328125";
                            1 = xpoint3:"-0.814920961856842041015625,0.55425751209259033203125,-0.16749799251556396484375";
                            2 = xpoint3:"-0.158411085605621337890625,0.06469680368900299072265625,0.985240519046783447265625";
                          }
                          #0 = {
                            scale = fixp:"1";
                            name = str:"Bone28";
                            translation = xpoint3:"26.8805065155029296875,0,0";
                            rotation = {
                              0 = xpoint3:"1,0,0";
                              1 = xpoint3:"0,1,0";
                              2 = xpoint3:"0,0,1";
                            }
                          }
                        }
                      }
                      #1 = {
                        scale = fixp:"1";
                        name = str:"pt_hand@#0";
                        translation = xpoint3:"17.000789642333984375,-3.4937076568603515625,-2.5813617706298828125";
                        rotation = {
                          0 = xpoint3:"-0.166949450969696044921875,-0.2396531403064727783203125,-0.956396520137786865234375";
                          1 = xpoint3:"0.101706199347972869873046875,-0.96902143955230712890625,0.22506277263164520263671875";
                          2 = xpoint3:"-0.980705738067626953125,-0.05969734489917755126953125,0.186151802539825439453125";
                        }
                      }
                    }
                    #1 = {
                      scale = fixp:"1";
                      name = str:"Bone29";
                      translation = xpoint3:"99.2331085205078125,0,0";
                      rotation = {
                        0 = xpoint3:"0.326521396636962890625,-0.1825052201747894287109375,0.926875531673431396484375";
                        1 = xpoint3:"-0.8353502750396728515625,0.40290462970733642578125,0.37281525135040283203125";
                        2 = xpoint3:"-0.441130697727203369140625,-0.8963778018951416015625,-0.02071750164031982421875";
                      }
                      #0 = {
                        scale = fixp:"1";
                        name = str:"Bone30";
                        translation = xpoint3:"46.0955047607421875,0,0";
                        rotation = {
                          0 = xpoint3:"0.95127522945404052734375,0.2239256203174591064453125,0.21180669963359832763671875";
                          1 = xpoint3:"-0.2217138707637786865234375,0.97448360919952392578125,-0.03446228802204132080078125";
                          2 = xpoint3:"-0.21412082016468048095703125,-0.01421267725527286529541015625,0.9766864776611328125";
                        }
                        #0 = {
                          scale = fixp:"1";
                          name = str:"Bone31";
                          translation = xpoint3:"29.8567066192626953125,0,0";
                          rotation = {
                            0 = xpoint3:"0.3561910688877105712890625,-0.156259357929229736328125,0.920747935771942138671875";
                            1 = xpoint3:"0.022420264780521392822265625,0.987057268619537353515625,0.1587339341640472412109375";
                            2 = xpoint3:"-0.933643996715545654296875,-0.0358070097863674163818359375,0.355092942714691162109375";
                          }
                          #0 = {
                            scale = fixp:"1";
                            name = str:"Bone32";
                            translation = xpoint3:"26.2968769073486328125,0,0";
                            rotation = {
                              0 = xpoint3:"0.959139168262481689453125,0.16846628487110137939453125,-0.22718240320682525634765625";
                              1 = xpoint3:"-0.17408059537410736083984375,0.9847087860107421875,-0.00472399406135082244873046875";
                              2 = xpoint3:"0.22290958464145660400390625,0.044107593595981597900390625,0.97382128238677978515625";
                            }
                          }
                        }
                      }
                    }
                  }
                }
              }
              #5 = {
                scale = fixp:"1";
                name = str:"pt_chest ";
                translation = xpoint3:"-1.1189100742340087890625,48.644634246826171875,49.10186004638671875";
                rotation = {
                  0 = xpoint3:"0.9996645450592041015625,-0.02582299150526523590087890625,0.00200116448104381561279296875";
                  1 = xpoint3:"0,0.07787497341632843017578125,0.99696314334869384765625";
                  2 = xpoint3:"-0.02590041048824787139892578125,-0.99662864208221435546875,0.077849261462688446044921875";
                }
              }
            }
          }
        }
        #1 = {
          scale = fixp:"1";
          name = str:"pt_cast";
          translation = xpoint3:"-4.72054767608642578125,57.08545684814453125,137.1080322265625";
          rotation = {
            0 = xpoint3:"-1,0,0";
            1 = xpoint3:"0,0,1";
            2 = xpoint3:"0,1,0";
          }
        }
        #2 = {
          scale = fixp:"1";
          name = str:"pt_center";
          translation = xpoint3:"-3.305260181427001953125,99.4337005615234375,7.5290374755859375";
          rotation = {
            0 = xpoint3:"-1,0,0";
            1 = xpoint3:"0,0,1";
            2 = xpoint3:"0,1,0";
          }
        }
      }
      #1 = {
        scale = fixp:"1";
        name = str:"pt_ground";
        translation = xpoint3:"0,0,0";
        rotation = {
          0 = xpoint3:"1,0,0";
          1 = xpoint3:"0,1,0";
          2 = xpoint3:"0,0,1";
        }
      }
    }
  }
  #3 = {
    scale = fixp:"1";
    name = str:"IK Chain03";
    translation = xpoint3:"105.07184600830078125,-21.5414562225341796875,125.544952392578125";
    rotation = {
      0 = xpoint3:"1,0,0";
      1 = xpoint3:"0,1,0";
      2 = xpoint3:"0,0,1";
    }
    #0 = {
      scale = fixp:"1";
      name = str:"IK Chain04";
      translation = xpoint3:"20.550037384033203125,-74.99475860595703125,-97.29758453369140625";
      rotation = {
        0 = xpoint3:"1,0,0";
        1 = xpoint3:"0,1,0";
        2 = xpoint3:"0,0,1";
      }
      #0 = {
        scale = fixp:"1";
        name = str:"pt_foot";
        translation = xpoint3:"1.63233292102813720703125,-29.0757579803466796875,-8.363880157470703125";
        rotation = {
          0 = xpoint3:"0.999988615512847900390625,0,-0.004737186245620250701904296875";
          1 = xpoint3:"0,0.99999105930328369140625,0.00417943298816680908203125";
          2 = xpoint3:"0.004734673537313938140869140625,-0.004182279109954833984375,0.999980032444000244140625";
        }
      }
      #1 = {
        scale = fixp:"1";
        name = str:"pt_footprint01";
        translation = xpoint3:"-0.22872047126293182373046875,-28.4313182830810546875,-30.1316089630126953125";
        rotation = {
          0 = xpoint3:"0.999992668628692626953125,0,0.00377532397396862506866455078125";
          1 = xpoint3:"0,0.99999439716339111328125,-0.00329595408402383327484130859375";
          2 = xpoint3:"-0.00377731141634285449981689453125,0.00329367606900632381439208984375,0.999987423419952392578125";
        }
      }
    }
  }
  #4 = {
    scale = fixp:"1";
    name = str:"IK Chain01";
    translation = xpoint3:"-91.59784698486328125,109.9730072021484375,155.4080047607421875";
    rotation = {
      0 = xpoint3:"1,0,0";
      1 = xpoint3:"0,1,0";
      2 = xpoint3:"0,0,1";
    }
    #0 = {
      scale = fixp:"1";
      name = str:"IK Chain02";
      translation = xpoint3:"-20.539035797119140625,-21.9658966064453125,-137.992431640625";
      rotation = {
        0 = xpoint3:"1,0,0";
        1 = xpoint3:"0,1,0";
        2 = xpoint3:"0,0,1";
      }
      #0 = {
        scale = fixp:"1";
        name = str:"pt_footprint02";
        translation = xpoint3:"5.223597049713134765625,-27.0930614471435546875,-20.7930927276611328125";
        rotation = {
          0 = xpoint3:"0.99999272823333740234375,0,-0.00378361903131008148193359375";
          1 = xpoint3:"0,0.999994456768035888671875,0.003293491899967193603515625";
          2 = xpoint3:"0.00378196500241756439208984375,-0.0032953913323581218719482421875,0.999987423419952392578125";
        }
      }
      #1 = {
        scale = fixp:"1";
        name = str:"pt_foot";
        translation = xpoint3:"4.865175724029541015625,-27.3441371917724609375,0.09610797464847564697265625";
        rotation = {
          0 = xpoint3:"0.999999523162841796875,0,0";
          1 = xpoint3:"0,0.999999582767486572265625,0";
          2 = xpoint3:"0,0,0.99999916553497314453125";
        }
      }
    }
  }
  #5 = {
    scale = fixp:"1";
    name = str:"pt_top";
    translation = xpoint3:"568.66265869140625,-67.4082183837890625,720.4432373046875";
    rotation = {
      0 = xpoint3:"0,0,1";
      1 = xpoint3:"0,-1,0";
      2 = xpoint3:"1,0,0";
    }
  }
}