model = {
  file = str:"data\models\units\sorcerer\sorcerer.nif";
  animation = {
    loop = fixp:"0";
    duration = fixp:"18.666667938232421875";
  }
  #0 = {
    scale = fixp:"1";
    name = str:"Sorcerer";
    translation = xpoint3:"-0.0365154743194580078125,0,0";
    rotation = {
      0 = xpoint3:"1,0,0";
      1 = xpoint3:"0,1,0";
      2 = xpoint3:"0,0,1";
    }
  }
  #1 = {
    scale = fixp:"1";
    name = str:"ROOT";
    translation = xpoint3:"0,-0.34523761272430419921875,0";
    rotation = {
      0 = xpoint3:"1,0,0";
      1 = xpoint3:"0,1,0";
      2 = xpoint3:"0,0,1";
    }
    #2 = {
      scale = fixp:"1";
      name = str:"ROOT NonAccum";
      translation = xpoint3:"0,0,0";
      rotation = {
        0 = xpoint3:"1,0,0";
        1 = xpoint3:"0,1,0";
        2 = xpoint3:"0,0,1";
      }
      #0 = {
        scale = fixp:"1";
        name = str:"Bip01";
        translation = xpoint3:"-0.508946716785430908203125,4.4072093963623046875,96.07819366455078125";
        rotation = {
          0 = xpoint3:"0,1,0";
          1 = xpoint3:"-1,0,0";
          2 = xpoint3:"0,0,1";
        }
        #0 = {
          scale = fixp:"1";
          name = str:"Bip01 Pelvis01";
          translation = xpoint3:"0,0,0";
          rotation = {
            0 = xpoint3:"-0.0848550498485565185546875,0.9842164516448974609375,-0.155298054218292236328125";
            1 = xpoint3:"0,0.1558601856231689453125,0.987779080867767333984375";
            2 = xpoint3:"0.996393263339996337890625,0.083818137645721435546875,-0.0132247507572174072265625";
          }
          #0 = {
            scale = fixp:"1";
            name = str:"Bip01 Spine02";
            translation = xpoint3:"10.77805995941162109375,-0.01940859667956829071044921875,0";
            rotation = {
              0 = xpoint3:"0.982096850872039794921875,-0.186093628406524658203125,0.0292388759553432464599609375";
              1 = xpoint3:"0.1860938370227813720703125,0.982528150081634521484375,0.0027378178201615810394287109375";
              2 = xpoint3:"-0.0292375087738037109375,0.0027523715980350971221923828125,0.9995687007904052734375";
            }
            #0 = {
              scale = fixp:"1";
              name = str:"Bip01 Spine03";
              translation = xpoint3:"24.367771148681640625,-0.019402764737606048583984375,0";
              rotation = {
                0 = xpoint3:"0.98079192638397216796875,-0.19267298281192779541015625,0.03040338121354579925537109375";
                1 = xpoint3:"0.19267372786998748779296875,0.98125851154327392578125,0.00293298601172864437103271484375";
                2 = xpoint3:"-0.03039868362247943878173828125,0.00298128346912562847137451171875,0.9995334148406982421875";
              }
              #0 = {
                scale = fixp:"1";
                name = str:"Bip01 Neck01";
                translation = xpoint3:"24.369235992431640625,-0.005406153388321399688720703125,0";
                rotation = {
                  0 = xpoint3:"0.965925693511962890625,-0.25881946086883544921875,0";
                  1 = xpoint3:"0.25881946086883544921875,0.965925693511962890625,0";
                  2 = xpoint3:"0,0,1";
                }
                #0 = {
                  scale = fixp:"1";
                  name = str:"Bip01 Head01";
                  translation = xpoint3:"7.02917003631591796875,0,0";
                  rotation = {
                    0 = xpoint3:"0.88837182521820068359375,0.453804492950439453125,0.06969209015369415283203125";
                    1 = xpoint3:"-0.4560229778289794921875,0.85453093051910400390625,0.24863620102405548095703125";
                    2 = xpoint3:"0.05327816307544708251953125,-0.252662599086761474609375,0.966086447238922119140625";
                  }
                  #0 = {
                    scale = fixp:"1";
                    name = str:"pt_head";
                    translation = xpoint3:"10.07363414764404296875,0.765492498874664306640625,-0.2968597412109375";
                    rotation = {
                      0 = xpoint3:"-0.0827016532421112060546875,-0.0199320577085018157958984375,0.996375024318695068359375";
                      1 = xpoint3:"-0.9914815425872802734375,0.10259377956390380859375,-0.0802431404590606689453125";
                      2 = xpoint3:"-0.100622482597827911376953125,-0.99452364444732666015625,-0.02824691496789455413818359375";
                    }
                  }
                }
                #1 = {
                  scale = fixp:"1";
                  name = str:"Bip01 L Clavicle01";
                  translation = xpoint3:"0,0.0055877305567264556884765625,3.2802879810333251953125";
                  rotation = {
                    0 = xpoint3:"-0.3630461990833282470703125,-0.254423081874847412109375,0.89636290073394775390625";
                    1 = xpoint3:"-0.0967697799205780029296875,-0.946501553058624267578125,-0.3078482151031494140625";
                    2 = xpoint3:"0.926732540130615234375,-0.19850395619869232177734375,0.3190032541751861572265625";
                  }
                  #0 = {
                    scale = fixp:"1";
                    name = str:"Bip01 L UpperArm01";
                    translation = xpoint3:"21.974925994873046875,0,0";
                    rotation = {
                      0 = xpoint3:"0.684204578399658203125,0.10576452314853668212890625,0.721262514591217041015625";
                      1 = xpoint3:"-0.360716044902801513671875,0.908967792987823486328125,0.2086369991302490234375";
                      2 = xpoint3:"-0.633474290370941162109375,-0.40306246280670166015625,0.660119473934173583984375";
                    }
                    #0 = {
                      scale = fixp:"1";
                      name = str:"Bip01 L Forearm01";
                      translation = xpoint3:"23.182331085205078125,0,0";
                      rotation = {
                        0 = xpoint3:"0.82680928707122802734375,0.5622589588165283203125,0";
                        1 = xpoint3:"-0.5622589588165283203125,0.82680928707122802734375,0";
                        2 = xpoint3:"0,0,1";
                      }
                      #0 = {
                        scale = fixp:"1";
                        name = str:"Bip01 L Hand01";
                        translation = xpoint3:"24.481296539306640625,0,0";
                        rotation = {
                          0 = xpoint3:"0.929526507854461669921875,-0.02769696712493896484375,0.36757457256317138671875";
                          1 = xpoint3:"-0.3672748506069183349609375,-0.15374948084354400634765625,0.91640377044677734375";
                          2 = xpoint3:"0.031422317028045654296875,-0.986873626708984375,-0.15303497016429901123046875";
                        }
                        #0 = {
                          scale = fixp:"1";
                          name = str:"Bip01 L Finger03";
                          translation = xpoint3:"8.95938777923583984375,1.772159576416015625,-5.5289821624755859375";
                          rotation = {
                            0 = xpoint3:"0.253653109073638916015625,0.4307825565338134765625,0.866075336933135986328125";
                            1 = xpoint3:"0.9145562648773193359375,0.184800922870635986328125,-0.3597712814807891845703125";
                            2 = xpoint3:"-0.315034687519073486328125,0.883331775665283203125,-0.3470995426177978515625";
                          }
                          #0 = {
                            scale = fixp:"1";
                            name = str:"Bip01 L Finger04";
                            translation = xpoint3:"4.09060764312744140625,0,0";
                            rotation = {
                              0 = xpoint3:"0.698033273220062255859375,-0.7125170230865478515625,-0.071196854114532470703125";
                              1 = xpoint3:"0.70883941650390625,0.70165479183197021484375,-0.0722996294498443603515625";
                              2 = xpoint3:"0.10147033631801605224609375,0,0.994838535785675048828125";
                            }
                          }
                        }
                        #1 = {
                          scale = fixp:"1";
                          name = str:"Bip01 L Finger05";
                          translation = xpoint3:"12.1074123382568359375,-0.121668584644794464111328125,-0.581479012966156005859375";
                          rotation = {
                            0 = xpoint3:"0.847617685794830322265625,-0.525432884693145751953125,-0.0739228427410125732421875";
                            1 = xpoint3:"0.527402460575103759765625,0.849571049213409423828125,0.00869936682283878326416015625";
                            2 = xpoint3:"0.058231770992279052734375,-0.046360827982425689697265625,0.9972259998321533203125";
                          }
                          #0 = {
                            scale = fixp:"1";
                            name = str:"Bip01 L Finger06";
                            translation = xpoint3:"6.0308666229248046875,0,0";
                            rotation = {
                              0 = xpoint3:"0.262233436107635498046875,-0.965004444122314453125,0";
                              1 = xpoint3:"0.965004444122314453125,0.262233436107635498046875,0";
                              2 = xpoint3:"0,0,1";
                            }
                          }
                        }
                        #2 = {
                          scale = fixp:"1";
                          name = str:"Bip01 L Finger07";
                          translation = xpoint3:"10.9703044891357421875,0.340436518192291259765625,4.5766010284423828125";
                          rotation = {
                            0 = xpoint3:"0.67447531223297119140625,-0.65370905399322509765625,-0.343143522739410400390625";
                            1 = xpoint3:"0.69855415821075439453125,0.715487003326416015625,0.010016806423664093017578125";
                            2 = xpoint3:"0.238966643810272216796875,-0.246460437774658203125,0.939229547977447509765625";
                          }
                          #0 = {
                            scale = fixp:"1";
                            name = str:"Bip01 L Finger08";
                            translation = xpoint3:"5.167384624481201171875,0,0";
                            rotation = {
                              0 = xpoint3:"0.42506492137908935546875,-0.905162870883941650390625,0";
                              1 = xpoint3:"0.905162870883941650390625,0.42506492137908935546875,0";
                              2 = xpoint3:"0,0,1";
                            }
                          }
                        }
                        #3 = {
                          scale = fixp:"1";
                          name = str:"Bone01";
                          translation = xpoint3:"7.351435184478759765625,9.425556182861328125,31.0304355621337890625";
                          rotation = {
                            0 = xpoint3:"0.152149260044097900390625,-0.772085249423980712890625,0.617037236690521240234375";
                            1 = xpoint3:"-0.141182243824005126953125,0.600925445556640625,0.7867376804351806640625";
                            2 = xpoint3:"-0.978221952915191650390625,-0.206816256046295166015625,-0.017574369907379150390625";
                          }
                          #0 = {
                            scale = fixp:"1";
                            name = str:"Bone02";
                            translation = xpoint3:"120.0680694580078125,0,0";
                            rotation = {
                              0 = xpoint3:"1,0,0";
                              1 = xpoint3:"0,1,0";
                              2 = xpoint3:"0,0,1";
                            }
                            #0 = {
                              scale = fixp:"1";
                              name = str:"pt_staff";
                              translation = xpoint3:"-18.661411285400390625,-0.2911937534809112548828125,0.1873356997966766357421875";
                              rotation = {
                                0 = xpoint3:"0.0077137616463005542755126953125,0.001866315491497516632080078125,0.99996852874755859375";
                                1 = xpoint3:"-0.971739828586578369140625,0.23594911396503448486328125,0.007055633701384067535400390625";
                                2 = xpoint3:"-0.23592853546142578125,-0.97176361083984375,0.00363362417556345462799072265625";
                              }
                            }
                          }
                        }
                        #4 = {
                          scale = fixp:"1";
                          name = str:"pt_hand";
                          translation = xpoint3:"6.089843273162841796875,1.22931921482086181640625,-0.07766799628734588623046875";
                          rotation = {
                            0 = xpoint3:"0.61762702465057373046875,-0.7162153720855712890625,-0.3249190151691436767578125";
                            1 = xpoint3:"-0.77404654026031494140625,-0.48042356967926025390625,-0.412365257740020751953125";
                            2 = xpoint3:"0.13924361765384674072265625,0.506190359592437744140625,-0.8511066436767578125";
                          }
                        }
                      }
                    }
                  }
                }
                #2 = {
                  scale = fixp:"1";
                  name = str:"Bip01 R Clavicle01";
                  translation = xpoint3:"0,0.0055986358784139156341552734375,-3.2802731990814208984375";
                  rotation = {
                    0 = xpoint3:"-0.3630470931529998779296875,-0.25442278385162353515625,-0.89636266231536865234375";
                    1 = xpoint3:"-0.0967652797698974609375,-0.946502625942230224609375,0.307846546173095703125";
                    2 = xpoint3:"-0.92673265933990478515625,0.19849954545497894287109375,0.3190055787563323974609375";
                  }
                  #0 = {
                    scale = fixp:"1";
                    name = str:"Bip01 R UpperArm01";
                    translation = xpoint3:"21.97493743896484375,0,0";
                    rotation = {
                      0 = xpoint3:"0.793533265590667724609375,0.044844262301921844482421875,-0.606625378131866455078125";
                      1 = xpoint3:"-0.076552711427211761474609375,0.99671304225921630859375,-0.0264203548431396484375";
                      2 = xpoint3:"0.603444278240203857421875,0.067434005439281463623046875,0.7943608760833740234375";
                    }
                    #0 = {
                      scale = fixp:"1";
                      name = str:"Bip01 R Forearm01";
                      translation = xpoint3:"23.1823139190673828125,0,0";
                      rotation = {
                        0 = xpoint3:"0.146498858928680419921875,0.98858463764190673828125,0";
                        1 = xpoint3:"-0.98858463764190673828125,0.146498858928680419921875,0";
                        2 = xpoint3:"0,0,1";
                      }
                      #0 = {
                        scale = fixp:"1";
                        name = str:"Bip01 R Hand01";
                        translation = xpoint3:"24.481311798095703125,0,0";
                        rotation = {
                          0 = xpoint3:"0.998137891292572021484375,-0.05941642820835113525390625,-0.01370098255574703216552734375";
                          1 = xpoint3:"0,0.2252574861049652099609375,-0.97372210025787353515625";
                          2 = xpoint3:"0.0609756410121917724609375,0.97190761566162109375,0.22483907639980316162109375";
                        }
                        #0 = {
                          scale = fixp:"1";
                          name = str:"Bip01 R Finger03";
                          translation = xpoint3:"8.9594020843505859375,1.77214515209197998046875,5.52897930145263671875";
                          rotation = {
                            0 = xpoint3:"0.929771125316619873046875,0.02683670818805694580078125,-0.36715853214263916015625";
                            1 = xpoint3:"0.309931457042694091796875,0.481152355670928955078125,0.82002127170562744140625";
                            2 = xpoint3:"0.19866584241390228271484375,-0.87622606754302978515625,0.4390440285205841064453125";
                          }
                          #0 = {
                            scale = fixp:"1";
                            name = str:"Bip01 R Finger04";
                            translation = xpoint3:"4.090606212615966796875,0,0";
                            rotation = {
                              0 = xpoint3:"0.4570870697498321533203125,-0.8881015777587890625,0.04844458401203155517578125";
                              1 = xpoint3:"0.88315522670745849609375,0.459647119045257568359375,0.09360180795192718505859375";
                              2 = xpoint3:"-0.10539533197879791259765625,0,0.99443042278289794921875";
                            }
                          }
                        }
                        #1 = {
                          scale = fixp:"1";
                          name = str:"Bip01 R Finger05";
                          translation = xpoint3:"12.10742282867431640625,-0.12167537212371826171875,0.58146893978118896484375";
                          rotation = {
                            0 = xpoint3:"0.894849359989166259765625,-0.4402045905590057373046875,0.0739229619503021240234375";
                            1 = xpoint3:"0.4419741332530975341796875,0.896985590457916259765625,-0.0086992196738719940185546875";
                            2 = xpoint3:"-0.0624783970415592193603515625,0.040456525981426239013671875,0.9972259998321533203125";
                          }
                          #0 = {
                            scale = fixp:"1";
                            name = str:"Bip01 R Finger06";
                            translation = xpoint3:"6.030849456787109375,0,0";
                            rotation = {
                              0 = xpoint3:"0.2465057373046875,-0.96914136409759521484375,0";
                              1 = xpoint3:"0.96914136409759521484375,0.2465057373046875,0";
                              2 = xpoint3:"0,0,1";
                            }
                          }
                        }
                        #2 = {
                          scale = fixp:"1";
                          name = str:"Bip01 R Finger07";
                          translation = xpoint3:"10.97031688690185546875,0.3404164612293243408203125,-4.576594829559326171875";
                          rotation = {
                            0 = xpoint3:"0.622795522212982177734375,-0.703120410442352294921875,0.343143463134765625";
                            1 = xpoint3:"0.750955164432525634765625,0.660277187824249267578125,-0.01001678407192230224609375";
                            2 = xpoint3:"-0.21952678263187408447265625,0.26392376422882080078125,0.93922960758209228515625";
                          }
                          #0 = {
                            scale = fixp:"1";
                            name = str:"Bip01 R Finger08";
                            translation = xpoint3:"5.167379856109619140625,0,0";
                            rotation = {
                              0 = xpoint3:"0.51186883449554443359375,-0.859063625335693359375,0";
                              1 = xpoint3:"0.859063625335693359375,0.51186883449554443359375,0";
                              2 = xpoint3:"0,0,1";
                            }
                          }
                        }
                        #3 = {
                          scale = fixp:"1";
                          name = str:"pt_hand@#0";
                          translation = xpoint3:"6.704721927642822265625,0.1332662403583526611328125,-0.1190563142299652099609375";
                          rotation = {
                            0 = xpoint3:"-0.0532441698014736175537109375,-0.931098639965057373046875,-0.3608606755733489990234375";
                            1 = xpoint3:"0.694554805755615234375,0.22511078417301177978515625,-0.683314502239227294921875";
                            2 = xpoint3:"0.717466831207275390625,-0.287020027637481689453125,0.634713232517242431640625";
                          }
                        }
                      }
                    }
                  }
                }
              }
              #1 = {
                scale = fixp:"1";
                name = str:"IK Chain01";
                translation = xpoint3:"-12.73424243927001953125,19.656597137451171875,48.404918670654296875";
                rotation = {
                  0 = xpoint3:"0,0,0.99927413463592529296875";
                  1 = xpoint3:"0,-0.99854862689971923828125,0";
                  2 = xpoint3:"0.9992744922637939453125,0,0";
                }
              }
              #2 = {
                scale = fixp:"1";
                name = str:"Dummy02";
                translation = xpoint3:"-44.775440216064453125,-19.4589977264404296875,45.3869781494140625";
                rotation = {
                  0 = xpoint3:"0,0.9999997615814208984375,0";
                  1 = xpoint3:"0,0,0.9999997615814208984375";
                  2 = xpoint3:"1,0,0";
                }
              }
              #3 = {
                scale = fixp:"1";
                name = str:"Dummy01";
                translation = xpoint3:"2.241565704345703125,-57.33875274658203125,-21.2827205657958984375";
                rotation = {
                  0 = xpoint3:"0,0.9999997615814208984375,0";
                  1 = xpoint3:"0,0,0.9999997615814208984375";
                  2 = xpoint3:"1,0,0";
                }
              }
              #4 = {
                scale = fixp:"1";
                name = str:"IK Chain02";
                translation = xpoint3:"-3.0562591552734375,18.7246379852294921875,-42.87538909912109375";
                rotation = {
                  0 = xpoint3:"0,0,0.99927413463592529296875";
                  1 = xpoint3:"0,-0.998548686504364013671875,0";
                  2 = xpoint3:"0.9992744922637939453125,0,0";
                }
              }
            }
            #1 = {
              scale = fixp:"1";
              name = str:"pt_chest ";
              translation = xpoint3:"38.600742340087890625,2.542766571044921875,-0.069213859736919403076171875";
              rotation = {
                0 = xpoint3:"0.14369380474090576171875,-0.01010477542877197265625,0.98957061767578125";
                1 = xpoint3:"-0.977616369724273681640625,-0.1567356884479522705078125,0.1403574645519256591796875";
                2 = xpoint3:"0.153682708740234375,-0.9875888824462890625,-0.0324005782604217529296875";
              }
            }
          }
          #1 = {
            scale = fixp:"1";
            name = str:"Bone03";
            translation = xpoint3:"8.3285961151123046875,-13.66686248779296875,-8.9829692840576171875";
            rotation = {
              0 = xpoint3:"-0.97137057781219482421875,-0.109365798532962799072265625,0.2108993232250213623046875";
              1 = xpoint3:"-0.114657707512378692626953125,0.99332010746002197265625,-0.012991324998438358306884765625";
              2 = xpoint3:"-0.208069741725921630859375,-0.0368006229400634765625,-0.9774215221405029296875";
            }
            #0 = {
              scale = fixp:"1";
              name = str:"Bone04";
              translation = xpoint3:"30.088077545166015625,0,0";
              rotation = {
                0 = xpoint3:"0.994630873203277587890625,-0.090083099901676177978515625,0.0509357415139675140380859375";
                1 = xpoint3:"0.089775614440441131591796875,0.99592745304107666015625,0.008297440595924854278564453125";
                2 = xpoint3:"-0.0514757595956325531005859375,-0.00368010415695607662200927734375,0.9986674785614013671875";
              }
            }
          }
          #2 = {
            scale = fixp:"1";
            name = str:"Bone09";
            translation = xpoint3:"8.328582763671875,-13.66680908203125,8.8131542205810546875";
            rotation = {
              0 = xpoint3:"-0.9741058349609375,-0.158286154270172119140625,-0.16144116222858428955078125";
              1 = xpoint3:"-0.15970838069915771484375,0.987155258655548095703125,-0.0042128823697566986083984375";
              2 = xpoint3:"0.16003434360027313232421875,0.02167971432209014892578125,-0.986873328685760498046875";
            }
            #0 = {
              scale = fixp:"1";
              name = str:"Bone10";
              translation = xpoint3:"30.088085174560546875,0,0";
              rotation = {
                0 = xpoint3:"0.999701321125030517578125,0.017701648175716400146484375,0.01684896461665630340576171875";
                1 = xpoint3:"-0.0175737403333187103271484375,0.99981582164764404296875,-0.00770957209169864654541015625";
                2 = xpoint3:"-0.01698233373463153839111328125,0.007411169819533824920654296875,0.999828338623046875";
              }
            }
          }
          #3 = {
            scale = fixp:"1";
            name = str:"Bone11";
            translation = xpoint3:"7.8456630706787109375,17.429134368896484375,-9.7272548675537109375";
            rotation = {
              0 = xpoint3:"-0.872714340686798095703125,0.2391709387302398681640625,0.4256370961666107177734375";
              1 = xpoint3:"0.2400476038455963134765625,0.9693405628204345703125,-0.052498035132884979248046875";
              2 = xpoint3:"-0.4251433312892913818359375,0.056357376277446746826171875,-0.903369843959808349609375";
            }
            #0 = {
              scale = fixp:"1";
              name = str:"Bone12";
              translation = xpoint3:"35.113712310791015625,0,0";
              rotation = {
                0 = xpoint3:"0.923838794231414794921875,0.220275580883026123046875,0.3130503594875335693359375";
                1 = xpoint3:"-0.2127710878849029541015625,0.97535550594329833984375,-0.058395721018314361572265625";
                2 = xpoint3:"-0.3181985318660736083984375,-0.01265982352197170257568359375,0.947939574718475341796875";
              }
            }
          }
          #4 = {
            scale = fixp:"1";
            name = str:"Bone06";
            translation = xpoint3:"7.84564495086669921875,17.42919158935546875,9.2593212127685546875";
            rotation = {
              0 = xpoint3:"-0.94324409961700439453125,0.00308345560915768146514892578125,-0.3320869505405426025390625";
              1 = xpoint3:"0.00369347841478884220123291015625,0.999992430210113525390625,-0.00120576261542737483978271484375";
              2 = xpoint3:"0.3320807516574859619140625,-0.002363883890211582183837890625,-0.943248331546783447265625";
            }
            #0 = {
              scale = fixp:"1";
              name = str:"Bone07";
              translation = xpoint3:"35.11370849609375,0,0";
              rotation = {
                0 = xpoint3:"0.981564342975616455078125,0.042425803840160369873046875,-0.18636392056941986083984375";
                1 = xpoint3:"-0.045882724225521087646484375,0.9988448619842529296875,-0.014273400418460369110107421875";
                2 = xpoint3:"0.18554307520389556884765625,0.0225611440837383270263671875,0.982377111911773681640625";
              }
            }
          }
          #5 = {
            scale = fixp:"1";
            name = str:"Dummy03";
            translation = xpoint3:"-46.752758026123046875,49.48834228515625,36.4775238037109375";
            rotation = {
              0 = xpoint3:"0,0.999989986419677734375,0.0044735372066497802734375";
              1 = xpoint3:"0,-0.00447356700897216796875,0.999989986419677734375";
              2 = xpoint3:"1,0,0";
            }
          }
          #6 = {
            scale = fixp:"1";
            name = str:"Dummy04";
            translation = xpoint3:"-46.7527008056640625,37.598651885986328125,-40.965862274169921875";
            rotation = {
              0 = xpoint3:"0,0.999989986419677734375,0.0044735372066497802734375";
              1 = xpoint3:"0,-0.00447356700897216796875,0.999989986419677734375";
              2 = xpoint3:"1,0,0";
            }
          }
          #7 = {
            scale = fixp:"1";
            name = str:"Bip01 L Thigh01";
            translation = xpoint3:"0.4618053138256072998046875,-1.97200405597686767578125,9.6833934783935546875";
            rotation = {
              0 = xpoint3:"-0.940881788730621337890625,0.19933749735355377197265625,-0.2686803042888641357421875";
              1 = xpoint3:"0.13522578775882720947265625,0.9615442752838134765625,0.23893664777278900146484375";
              2 = xpoint3:"0.3060041368007659912109375,0.18878902494907379150390625,-0.93162047863006591796875";
            }
            #0 = {
              scale = fixp:"1";
              name = str:"Bip01 L Calf01";
              translation = xpoint3:"46.8610992431640625,0,0";
              rotation = {
                0 = xpoint3:"0.727176487445831298828125,0.68616211414337158203125,0";
                1 = xpoint3:"-0.68616211414337158203125,0.727176487445831298828125,0";
                2 = xpoint3:"0,0,1";
              }
              #0 = {
                scale = fixp:"1";
                name = str:"Bip01 L Foot01";
                translation = xpoint3:"39.310955047607421875,0,0";
                rotation = {
                  0 = xpoint3:"0.869867622852325439453125,-0.4380886852741241455078125,-0.2263179123401641845703125";
                  1 = xpoint3:"0.4336960017681121826171875,0.89812958240509033203125,-0.071576774120330810546875";
                  2 = xpoint3:"0.23462581634521484375,-0.035968892276287078857421875,0.97139871120452880859375";
                }
                #0 = {
                  scale = fixp:"1";
                  name = str:"Bip01 L Toe01";
                  translation = xpoint3:"18.382846832275390625,23.65789794921875,0";
                  rotation = {
                    0 = xpoint3:"0,-0.9992744922637939453125,0";
                    1 = xpoint3:"0.9992744922637939453125,0,0";
                    2 = xpoint3:"0,0,1";
                  }
                }
                #1 = {
                  scale = fixp:"1";
                  name = str:"pt_foot";
                  translation = xpoint3:"11.24188232421875,7.2656402587890625,-0.1872222125530242919921875";
                  rotation = {
                    0 = xpoint3:"0,0.012292149476706981658935546875,-0.9999244213104248046875";
                    1 = xpoint3:"0.030685000121593475341796875,-0.999453723430633544921875,-0.012276631779968738555908203125";
                    2 = xpoint3:"-0.999529063701629638671875,-0.03067878820002079010009765625,0";
                  }
                }
                #2 = {
                  scale = fixp:"1";
                  name = str:"pt_footprint02";
                  translation = xpoint3:"18.709712982177734375,7.354212284088134765625,-0.165260016918182373046875";
                  rotation = {
                    0 = xpoint3:"0,0.01229320280253887176513671875,-0.999924361705780029296875";
                    1 = xpoint3:"0.03068465553224086761474609375,-0.999453723430633544921875,-0.012277691625058650970458984375";
                    2 = xpoint3:"-0.999529063701629638671875,-0.03067844547331333160400390625,0";
                  }
                }
              }
              #1 = {
                scale = fixp:"1";
                name = str:"Dummy06";
                translation = xpoint3:"31.193904876708984375,12.5443439483642578125,0.540377318859100341796875";
                rotation = {
                  0 = xpoint3:"-0.0045426189899444580078125,0.49962651729583740234375,-0.8662288188934326171875";
                  1 = xpoint3:"0.467770099639892578125,-0.764560282230377197265625,-0.4434389770030975341796875";
                  2 = xpoint3:"-0.88383829593658447265625,-0.4072104394435882568359375,-0.2302369773387908935546875";
                }
              }
            }
          }
          #8 = {
            scale = fixp:"1";
            name = str:"Bip01 R Thigh01";
            translation = xpoint3:"-0.086270831525325775146484375,-2.0232737064361572265625,-9.052978515625";
            rotation = {
              0 = xpoint3:"-0.860999643802642822265625,0.4678838253021240234375,0.1925190985202789306640625";
              1 = xpoint3:"0.33847522735595703125,0.816469252109527587890625,-0.4674892127513885498046875";
              2 = xpoint3:"-0.3760497272014617919921875,-0.3379295170307159423828125,-0.86121380329132080078125";
            }
            #0 = {
              scale = fixp:"1";
              name = str:"Bip01 R Calf01";
              translation = xpoint3:"46.861114501953125,0,0";
              rotation = {
                0 = xpoint3:"0.81558549404144287109375,0.578405320644378662109375,0";
                1 = xpoint3:"-0.578405320644378662109375,0.81558549404144287109375,0";
                2 = xpoint3:"0,0,1";
              }
              #0 = {
                scale = fixp:"1";
                name = str:"Bip01 R Foot01";
                translation = xpoint3:"39.3109588623046875,0,0";
                rotation = {
                  0 = xpoint3:"0.98057639598846435546875,-0.0613259859383106231689453125,0.18622790277004241943359375";
                  1 = xpoint3:"0.0672733783721923828125,0.9974002838134765625,-0.025752387940883636474609375";
                  2 = xpoint3:"-0.18416298925876617431640625,0.037789098918437957763671875,0.982155859470367431640625";
                }
                #0 = {
                  scale = fixp:"1";
                  name = str:"Bip01 R Toe01";
                  translation = xpoint3:"17.660388946533203125,22.7281360626220703125,0";
                  rotation = {
                    0 = xpoint3:"0,-0.9992744922637939453125,0";
                    1 = xpoint3:"0.9992744922637939453125,0,0";
                    2 = xpoint3:"0,0,1";
                  }
                }
                #1 = {
                  scale = fixp:"1";
                  name = str:"pt_footprint01";
                  translation = xpoint3:"18.7577610015869140625,7.55176258087158203125,0.0612990297377109527587890625";
                  rotation = {
                    0 = xpoint3:"0.01991465874016284942626953125,-0.02217161655426025390625,-0.9995558261871337890625";
                    1 = xpoint3:"-0.03830741345882415771484375,-0.99903690814971923828125,0.02139689028263092041015625";
                    2 = xpoint3:"-0.9990675449371337890625,0.0378642864525318145751953125,-0.02074481546878814697265625";
                  }
                }
                #2 = {
                  scale = fixp:"1";
                  name = str:"pt_foot@#1";
                  translation = xpoint3:"11.59285831451416015625,7.7117557525634765625,-0.064100444316864013671875";
                  rotation = {
                    0 = xpoint3:"0.01991516165435314178466796875,-0.022171624004840850830078125,-0.9995558261871337890625";
                    1 = xpoint3:"-0.038307629525661468505859375,-0.99903690814971923828125,0.0213968716561794281005859375";
                    2 = xpoint3:"-0.9990675449371337890625,0.03786449134349822998046875,-0.02074532397091388702392578125";
                  }
                }
              }
              #1 = {
                scale = fixp:"1";
                name = str:"Dummy05";
                translation = xpoint3:"37.4664764404296875,16.3138580322265625,-0.74659252166748046875";
                rotation = {
                  0 = xpoint3:"-0.15053282678127288818359375,0.0892923772335052490234375,-0.984564125537872314453125";
                  1 = xpoint3:"-0.346466004848480224609375,-0.937514603137969970703125,-0.0320531427860260009765625";
                  2 = xpoint3:"-0.925905525684356689453125,0.3362929821014404296875,0.17206366360187530517578125";
                }
              }
            }
          }
        }
        #1 = {
          scale = fixp:"1";
          name = str:"pt_cast";
          translation = xpoint3:"33.9376678466796875,0.89348018169403076171875,35.22995758056640625";
          rotation = {
            0 = xpoint3:"0.00207109493203461170196533203125,-0.9999978542327880859375,0";
            1 = xpoint3:"0.9999978542327880859375,0.00207109493203461170196533203125,0";
            2 = xpoint3:"0,0,1";
          }
        }
        #2 = {
          scale = fixp:"1";
          name = str:"pt_center";
          translation = xpoint3:"3.332965850830078125,0.70505058765411376953125,18.823486328125";
          rotation = {
            0 = xpoint3:"-0.999998152256011962890625,0.001910534687340259552001953125,0";
            1 = xpoint3:"-0.001910534687340259552001953125,-0.999998152256011962890625,0";
            2 = xpoint3:"0,0,1";
          }
        }
      }
      #1 = {
        scale = fixp:"1";
        name = str:"pt_top";
        translation = xpoint3:"-0.3829325735569000244140625,-1.41987895965576171875,219.75634765625";
        rotation = {
          0 = xpoint3:"1,0,0";
          1 = xpoint3:"0,1,0";
          2 = xpoint3:"0,0,1";
        }
      }
      #2 = {
        scale = fixp:"1";
        name = str:"pt_ground";
        translation = xpoint3:"0,0.34523570537567138671875,0";
        rotation = {
          0 = xpoint3:"1,0,0";
          1 = xpoint3:"0,1,0";
          2 = xpoint3:"0,0,1";
        }
      }
    }
  }
  #2 = {
    scale = fixp:"1";
    name = str:"Sorcererh";
    translation = xpoint3:"0,0,-0.11260223388671875";
    rotation = {
      0 = xpoint3:"1,0,0";
      1 = xpoint3:"0,1,0";
      2 = xpoint3:"0,0,1";
    }
  }
  #3 = {
    scale = fixp:"1";
    name = str:"Sorcerer_595";
    translation = xpoint3:"0,0,0";
    rotation = {
      0 = xpoint3:"1,0,0";
      1 = xpoint3:"0,1,0";
      2 = xpoint3:"0,0,1";
    }
  }
}