model = {
  file = str:"data\models\weather\raindrop-splash.nif";
  animation = {
    loop = fixp:"0";
    duration = fixp:"0.666666686534881591796875";
  }
  #0 = {
    scale = fixp:"1";
    name = str:"Cone01";
    translation = xpoint3:"0.774738311767578125,-0.15321348607540130615234375,-4.029605865478515625";
    rotation = {
      0 = xpoint3:"-0.9635956287384033203125,0.260164439678192138671875,-0.06162847578525543212890625";
      1 = xpoint3:"0.256488800048828125,0.96458041667938232421875,0.0616285540163516998291015625";
      2 = xpoint3:"0.0754791796207427978515625,0.0435779877007007598876953125,-0.99619472026824951171875";
    }
  }
  #1 = {
    scale = fixp:"1";
    name = str:"Cone02";
    translation = xpoint3:"-2.5836064815521240234375,-0.15321348607540130615234375,-4.029605865478515625";
    rotation = {
      0 = xpoint3:"-0.33949553966522216796875,-0.93823516368865966796875,0.066765241324901580810546875";
      1 = xpoint3:"-0.9375743865966796875,0.34324300289154052734375,0.0560227073729038238525390625";
      2 = xpoint3:"-0.075479172170162200927734375,-0.0435779206454753875732421875,-0.9961948394775390625";
    }
  }
  #2 = {
    scale = fixp:"1";
    name = str:"Cone03";
    translation = xpoint3:"-0.5037806034088134765625,1.0523421764373779296875,-4.029605865478515625";
    rotation = {
      0 = xpoint3:"0.500000059604644775390625,-0.866025447845458984375,0";
      1 = xpoint3:"-0.86272990703582763671875,-0.49809741973876953125,-0.087155885994434356689453125";
      2 = xpoint3:"0.0754791796207427978515625,0.043577991425991058349609375,-0.99619472026824951171875";
    }
  }
}