model = {
  file = str:"data\models\lifeforms\fatdealer\fatdealer.nif";
  animation = {
    loop = fixp:"0";
    duration = fixp:"20.233333587646484375";
  }
  #0 = {
    scale = fixp:"1";
    name = str:"ROOT";
    translation = xpoint3:"0,0,0";
    rotation = {
      0 = xpoint3:"1,0,0";
      1 = xpoint3:"0,0,-1";
      2 = xpoint3:"0,1,0";
    }
    #10 = {
      scale = fixp:"1";
      name = str:"ROOT NonAccum";
      translation = xpoint3:"0,0,0";
      rotation = {
        0 = xpoint3:"1,0,0";
        1 = xpoint3:"0,1,0";
        2 = xpoint3:"0,0,1";
      }
      #0 = {
        scale = fixp:"1";
        name = str:"Bip01";
        translation = xpoint3:"0.0236453711986541748046875,79.97209930419921875,-4.612913608551025390625";
        rotation = {
          0 = xpoint3:"0,1,0";
          1 = xpoint3:"-0.1755596101284027099609375,0,0.98446881771087646484375";
          2 = xpoint3:"0.98446881771087646484375,0,0.175559580326080322265625";
        }
        #0 = {
          scale = fixp:"1";
          name = str:"Bip01 Pelvis01";
          translation = xpoint3:"0,0,0";
          rotation = {
            0 = xpoint3:"0,0.999999940395355224609375,0";
            1 = xpoint3:"0,0,0.99999988079071044921875";
            2 = xpoint3:"0.999999940395355224609375,0,0";
          }
          #0 = {
            scale = fixp:"1";
            name = str:"Bip01 L Thigh01";
            translation = xpoint3:"-1.56215131282806396484375,0,18.088024139404296875";
            rotation = {
              0 = xpoint3:"-0.910431563854217529296875,0.4079447090625762939453125,-0.043856389820575714111328125";
              1 = xpoint3:"0.4079712331295013427734375,0.9128835201263427734375,0.008759319782257080078125";
              2 = xpoint3:"0.043608911335468292236328125,-0.0099182240664958953857421875,-0.997547686100006103515625";
            }
            #0 = {
              scale = fixp:"1";
              name = str:"Bip01 L Calf01";
              translation = xpoint3:"33.1100921630859375,1.4411685466766357421875,-0.645500004291534423828125";
              rotation = {
                0 = xpoint3:"0.86694514751434326171875,0.4833461344242095947265625,-0.120786972343921661376953125";
                1 = xpoint3:"-0.4897328913211822509765625,0.871304035186767578125,-0.0283597372472286224365234375";
                2 = xpoint3:"0.091513372957706451416015625,0.0837799012660980224609375,0.992267608642578125";
              }
              #0 = {
                scale = fixp:"1";
                name = str:"Bip01 L Foot01";
                translation = xpoint3:"30.331325531005859375,0.674437224864959716796875,-0.0063688508234918117523193359375";
                rotation = {
                  0 = xpoint3:"0.960521161556243896484375,-0.2780954837799072265625,-0.00217012502253055572509765625";
                  1 = xpoint3:"0.27367103099822998046875,0.943806707859039306640625,0.18507169187068939208984375";
                  2 = xpoint3:"-0.04945687949657440185546875,-0.17835430800914764404296875,0.9827098846435546875";
                }
                #0 = {
                  scale = fixp:"1";
                  name = str:"Bip01 L Toe01";
                  translation = xpoint3:"17.708042144775390625,23.47211456298828125,-0.898616254329681396484375";
                  rotation = {
                    0 = xpoint3:"0,-0.9992744922637939453125,0";
                    1 = xpoint3:"0.9992744922637939453125,0,0";
                    2 = xpoint3:"0,0,1";
                  }
                }
                #1 = {
                  scale = fixp:"1";
                  name = str:"pt_foot";
                  translation = xpoint3:"9.479854583740234375,3.948694705963134765625,-0.02592535503208637237548828125";
                  rotation = {
                    0 = xpoint3:"-0.02136322297155857086181640625,0.014586715959012508392333984375,-0.99966537952423095703125";
                    1 = xpoint3:"0.1224701106548309326171875,-0.99232494831085205078125,-0.01709683798253536224365234375";
                    2 = xpoint3:"-0.992242276668548583984375,-0.12279437482357025146484375,0.01941282115876674652099609375";
                  }
                }
                #2 = {
                  scale = fixp:"1";
                  name = str:"pt_footprint02";
                  translation = xpoint3:"16.600921630859375,4.671387195587158203125,0.4867012798786163330078125";
                  rotation = {
                    0 = xpoint3:"0.05014590919017791748046875,0.02434338442981243133544921875,-0.998445212841033935546875";
                    1 = xpoint3:"0.04871906340122222900390625,-0.998572409152984619140625,-0.02189962007105350494384765625";
                    2 = xpoint3:"-0.997552931308746337890625,-0.0475451387465000152587890625,-0.0512603111565113067626953125";
                  }
                }
              }
            }
          }
          #1 = {
            scale = fixp:"1";
            name = str:"Bip01 L Thigh02";
            translation = xpoint3:"-1.5621039867401123046875,0,-18.3579559326171875";
            rotation = {
              0 = xpoint3:"0.911618053913116455078125,-0.407564103603363037109375,0.0521130450069904327392578125";
              1 = xpoint3:"-0.4091570377349853515625,-0.910618841648101806640625,0.0243073739111423492431640625";
              2 = xpoint3:"0.0376134179532527923583984375,-0.0434953831136226654052734375,-0.99689280986785888671875";
            }
            #0 = {
              scale = fixp:"1";
              name = str:"Bip01 L Calf02";
              translation = xpoint3:"-33.110103607177734375,-1.44116890430450439453125,0.64550173282623291015625";
              rotation = {
                0 = xpoint3:"0.8669517040252685546875,0.4833352863788604736328125,-0.1207837760448455810546875";
                1 = xpoint3:"-0.4897219240665435791015625,0.87131011486053466796875,-0.02836237847805023193359375";
                2 = xpoint3:"0.09151034057140350341796875,0.0837794840335845947265625,0.992267906665802001953125";
              }
              #0 = {
                scale = fixp:"1";
                name = str:"Bip01 L Foot02";
                translation = xpoint3:"-30.3319034576416015625,-0.651578605175018310546875,-0.23105061054229736328125";
                rotation = {
                  0 = xpoint3:"0.960334479808807373046875,-0.2786715030670166015625,0.00650362856686115264892578125";
                  1 = xpoint3:"0.2727549076080322265625,0.94425761699676513671875,0.1841234862804412841796875";
                  2 = xpoint3:"-0.05748806893825531005859375,-0.17503964900970458984375,0.982868969440460205078125";
                }
                #0 = {
                  scale = fixp:"1";
                  name = str:"Bip01 L Toe02";
                  translation = xpoint3:"-17.7996692657470703125,-23.61041259765625,0.64039814472198486328125";
                  rotation = {
                    0 = xpoint3:"0,-0.9992744922637939453125,0";
                    1 = xpoint3:"0.9992744922637939453125,0,0";
                    2 = xpoint3:"0,0,1";
                  }
                }
                #1 = {
                  scale = fixp:"1";
                  name = str:"pt_foot@#0";
                  translation = xpoint3:"-9.5684413909912109375,-3.9213678836822509765625,0.13935275375843048095703125";
                  rotation = {
                    0 = xpoint3:"-0.0065457709133625030517578125,-0.012532554566860198974609375,0.999900043010711669921875";
                    1 = xpoint3:"0.086352221667766571044921875,0.996179163455963134765625,0.013051216490566730499267578125";
                    2 = xpoint3:"-0.996243178844451904296875,0.086429022252559661865234375,-0.0054385238327085971832275390625";
                  }
                }
                #2 = {
                  scale = fixp:"1";
                  name = str:"pt_footprint01";
                  translation = xpoint3:"-16.64151763916015625,-5.007183551788330078125,0.279173433780670166015625";
                  rotation = {
                    0 = xpoint3:"-0.011274497024714946746826171875,-0.008358552120625972747802734375,0.9999015331268310546875";
                    1 = xpoint3:"0.085699744522571563720703125,0.996277630329132080078125,0.009294576011598110198974609375";
                    2 = xpoint3:"-0.99625718593597412109375,0.085796095430850982666015625,-0.010516182519495487213134765625";
                  }
                }
              }
            }
          }
          #2 = {
            scale = fixp:"1";
            name = str:"Bip01 Spine02";
            translation = xpoint3:"9.01776409149169921875,-0.0172184966504573822021484375,0";
            rotation = {
              0 = xpoint3:"0.999999701976776123046875,0,0";
              1 = xpoint3:"0,0.999999701976776123046875,0";
              2 = xpoint3:"0,0,1";
            }
            #0 = {
              scale = fixp:"1";
              name = str:"Bip01 Spine03";
              translation = xpoint3:"27.0782413482666015625,-0.0215626023709774017333984375,0";
              rotation = {
                0 = xpoint3:"1,0,0";
                1 = xpoint3:"0,1,0";
                2 = xpoint3:"0,0,1";
              }
              #0 = {
                scale = fixp:"1";
                name = str:"Bip01 Neck01";
                translation = xpoint3:"26.64190673828125,-0.008959949947893619537353515625,0";
                rotation = {
                  0 = xpoint3:"1,0,0";
                  1 = xpoint3:"0,1,0";
                  2 = xpoint3:"0,0,1";
                }
                #0 = {
                  scale = fixp:"1";
                  name = str:"Bip01 Neck02";
                  translation = xpoint3:"19.638126373291015625,-0.63501513004302978515625,0.002033452503383159637451171875";
                  rotation = {
                    0 = xpoint3:"0.989020824432373046875,0.14777629077434539794921875,0";
                    1 = xpoint3:"-0.14777629077434539794921875,0.989020824432373046875,0";
                    2 = xpoint3:"0,0,1";
                  }
                  #0 = {
                    scale = fixp:"1";
                    name = str:"Bip01 Head01";
                    translation = xpoint3:"17.47759246826171875,0.36100685596466064453125,-0.001400263048708438873291015625";
                    rotation = {
                      0 = xpoint3:"0.9847009181976318359375,0.17425309121608734130859375,0";
                      1 = xpoint3:"-0.17425309121608734130859375,0.9847009181976318359375,0";
                      2 = xpoint3:"0,0,1";
                    }
                    #0 = {
                      scale = fixp:"1";
                      name = str:"pt_head";
                      translation = xpoint3:"11.1919097900390625,1.057966709136962890625,0.085342638194561004638671875";
                      rotation = {
                        0 = xpoint3:"0,0.12588040530681610107421875,0.99204540252685546875";
                        1 = xpoint3:"0,-0.99204540252685546875,0.12588040530681610107421875";
                        2 = xpoint3:"1,0,0";
                      }
                    }
                  }
                }
              }
              #1 = {
                scale = fixp:"1";
                name = str:"Bip01 L Clavicle02";
                translation = xpoint3:"25.36138153076171875,-0.0029683373868465423583984375,-2.951262950897216796875";
                rotation = {
                  0 = xpoint3:"0,0,-0.999999701976776123046875";
                  1 = xpoint3:"0.2321167886257171630859375,0.97268760204315185546875,0";
                  2 = xpoint3:"0.972687900066375732421875,-0.23211686313152313232421875,0";
                }
                #0 = {
                  scale = fixp:"1";
                  name = str:"Bip01 L UpperArm02";
                  translation = xpoint3:"-19.37738800048828125,0,0";
                  rotation = {
                    0 = xpoint3:"0.815485775470733642578125,0.264976203441619873046875,0.514298379421234130859375";
                    1 = xpoint3:"0.0621649324893951416015625,0.843791306018829345703125,-0.532846152782440185546875";
                    2 = xpoint3:"-0.575196206569671630859375,0.4664516448974609375,0.6716365814208984375";
                  }
                  #0 = {
                    scale = fixp:"1";
                    name = str:"Bip01 L Forearm02";
                    translation = xpoint3:"-33.55157470703125,0,0";
                    rotation = {
                      0 = xpoint3:"0.665268838405609130859375,0.414928257465362548828125,0.62029516696929931640625";
                      1 = xpoint3:"-0.618123710155487060546875,0.77215278148651123046875,0.14619328081607818603515625";
                      2 = xpoint3:"-0.41815626621246337890625,-0.480919897556304931640625,0.770407855510711669921875";
                    }
                    #0 = {
                      scale = fixp:"1";
                      name = str:"Box02";
                      translation = xpoint3:"-51.237628936767578125,-4.51463985443115234375,1.77402341365814208984375";
                      rotation = {
                        0 = xpoint3:"-0.0721566975116729736328125,0.99650204181671142578125,-0.0148696601390838623046875";
                        1 = xpoint3:"0.18866550922393798828125,0.0291609466075897216796875,0.98089039325714111328125";
                        2 = xpoint3:"0.97859227657318115234375,0.06873404979705810546875,-0.18949043750762939453125";
                      }
                      #0 = {
                        scale = fixp:"1";
                        name = str:"Bone_Gun";
                        translation = xpoint3:"2.9831635951995849609375,-9.73573398590087890625,5.39820194244384765625";
                        rotation = {
                          0 = xpoint3:"0.11828158795833587646484375,-0.13535034656524658203125,0.983103692531585693359375";
                          1 = xpoint3:"-0.03799538314342498779296875,0.98932158946990966796875,0.1406581103801727294921875";
                          2 = xpoint3:"-0.991649568080902099609375,-0.0539317987859249114990234375,0.11187873780727386474609375";
                        }
                        #0 = {
                          scale = fixp:"1";
                          name = str:"pt_shoot_1";
                          translation = xpoint3:"-2.020221233367919921875,-45.471923828125,-0.387274265289306640625";
                          rotation = {
                            0 = xpoint3:"0.2715851366519927978515625,-0.011621591635048389434814453125,-0.962344229221343994140625";
                            1 = xpoint3:"-0.0067358999513089656829833984375,0.999879658222198486328125,-0.013975833542644977569580078125";
                            2 = xpoint3:"0.962390840053558349609375,0.010277883149683475494384765625,0.2714741528034210205078125";
                          }
                        }
                      }
                    }
                  }
                }
              }
              #2 = {
                scale = fixp:"1";
                name = str:"Bip01 L Clavicle01";
                translation = xpoint3:"25.3613796234130859375,-0.00298194191418588161468505859375,2.9117715358734130859375";
                rotation = {
                  0 = xpoint3:"0,0,0.999321043491363525390625";
                  1 = xpoint3:"-0.231962025165557861328125,-0.97134816646575927734375,0";
                  2 = xpoint3:"0.972027122974395751953125,-0.23196208477020263671875,0";
                }
                #0 = {
                  scale = fixp:"1";
                  name = str:"Bip01 L UpperArm01";
                  translation = xpoint3:"19.377391815185546875,0,0";
                  rotation = {
                    0 = xpoint3:"0.470523774623870849609375,0.67620766162872314453125,0.56619989871978759765625";
                    1 = xpoint3:"0.0265571177005767822265625,0.6311075687408447265625,-0.774895250797271728515625";
                    2 = xpoint3:"-0.88155186176300048828125,0.379356324672698974609375,0.27912175655364990234375";
                  }
                  #0 = {
                    scale = fixp:"1";
                    name = str:"Bip01 L Forearm01";
                    translation = xpoint3:"33.551593780517578125,0,0";
                    rotation = {
                      0 = xpoint3:"0.7218639850616455078125,0.65338933467864990234375,-0.22713692486286163330078125";
                      1 = xpoint3:"-0.62320721149444580078125,0.756788909435272216796875,0.19629167020320892333984375";
                      2 = xpoint3:"0.3002026081085205078125,0,0.95384037494659423828125";
                    }
                    #0 = {
                      scale = fixp:"1";
                      name = str:"Bip01 L Hand01";
                      translation = xpoint3:"31.71077728271484375,0,0";
                      rotation = {
                        0 = xpoint3:"1,0,0";
                        1 = xpoint3:"0,0.001521289348602294921875,0.999274194240570068359375";
                        2 = xpoint3:"0,-0.999274194240570068359375,0.001521289348602294921875";
                      }
                      #0 = {
                        scale = fixp:"1";
                        name = str:"Bone01";
                        translation = xpoint3:"0.18935720622539520263671875,0.22075216472148895263671875,-6.73902416229248046875";
                        rotation = {
                          0 = xpoint3:"0.867545664310455322265625,0.09994287788867950439453125,0.487212479114532470703125";
                          1 = xpoint3:"0.38449573516845703125,0.4866018593311309814453125,-0.7844626903533935546875";
                          2 = xpoint3:"-0.315479934215545654296875,0.86788833141326904296875,0.38372170925140380859375";
                        }
                        #0 = {
                          scale = fixp:"1";
                          name = str:"Bone02";
                          translation = xpoint3:"9.33034610748291015625,0,0";
                          rotation = {
                            0 = xpoint3:"0.999699652194976806640625,0.02450816892087459564208984375,0";
                            1 = xpoint3:"-0.02450816892087459564208984375,0.999699652194976806640625,0";
                            2 = xpoint3:"0,0,1";
                          }
                        }
                      }
                      #1 = {
                        scale = fixp:"1";
                        name = str:"Bone04";
                        translation = xpoint3:"7.731299877166748046875,-1.0369970798492431640625,-3.2312958240509033203125";
                        rotation = {
                          0 = xpoint3:"0.920983850955963134765625,-0.130675733089447021484375,0.3670321404933929443359375";
                          1 = xpoint3:"0.389329612255096435546875,0.2735522091388702392578125,-0.87954056262969970703125";
                          2 = xpoint3:"0.0145321786403656005859375,0.95293915271759033203125,0.302813112735748291015625";
                        }
                        #0 = {
                          scale = fixp:"1";
                          name = str:"Bone05";
                          translation = xpoint3:"6.76401042938232421875,0,0";
                          rotation = {
                            0 = xpoint3:"0.747896492481231689453125,-0.0726902484893798828125,0.659823477268218994140625";
                            1 = xpoint3:"0.0545089431107044219970703125,0.997354567050933837890625,0.0480899848043918609619140625";
                            2 = xpoint3:"-0.661573588848114013671875,0,0.749880254268646240234375";
                          }
                        }
                      }
                      #2 = {
                        scale = fixp:"1";
                        name = str:"Bone07";
                        translation = xpoint3:"5.67999267578125,0.22746075689792633056640625,3.6218776702880859375";
                        rotation = {
                          0 = xpoint3:"0.758989274501800537109375,-0.274676501750946044921875,0.59032881259918212890625";
                          1 = xpoint3:"0.642144680023193359375,0.16590188443660736083984375,-0.74841606616973876953125";
                          2 = xpoint3:"0.10763569176197052001953125,0.94711625576019287109375,0.3022998273372650146484375";
                        }
                        #0 = {
                          scale = fixp:"1";
                          name = str:"Bone08";
                          translation = xpoint3:"6.713879108428955078125,0,0";
                          rotation = {
                            0 = xpoint3:"0.805681288242340087890625,-0.018082506954669952392578125,0.5920732021331787109375";
                            1 = xpoint3:"0.014571097679436206817626953125,0.999836504459381103515625,0.0107079483568668365478515625";
                            2 = xpoint3:"-0.5921700000762939453125,0,0.805813014507293701171875";
                          }
                        }
                      }
                      #3 = {
                        scale = fixp:"1";
                        name = str:"pt_hand";
                        translation = xpoint3:"0,0,0";
                        rotation = {
                          0 = xpoint3:"0.2542588710784912109375,-0.415513813495635986328125,-0.873327434062957763671875";
                          1 = xpoint3:"-0.639590322971343994140625,0.60510158538818359375,-0.4741058051586151123046875";
                          2 = xpoint3:"0.725449264049530029296875,0.679117381572723388671875,-0.111906163394451141357421875";
                        }
                      }
                    }
                  }
                }
              }
              #3 = {
                scale = fixp:"1";
                name = str:"IK Chain02";
                translation = xpoint3:"-0.8886101245880126953125,-15.86463451385498046875,-57.291110992431640625";
                rotation = {
                  0 = xpoint3:"1,0,0";
                  1 = xpoint3:"0,1,0";
                  2 = xpoint3:"0,0,1";
                }
              }
              #4 = {
                scale = fixp:"1";
                name = str:"IK Chain07";
                translation = xpoint3:"-46.254852294921875,-6.105375766754150390625,-58.117847442626953125";
                rotation = {
                  0 = xpoint3:"1,0,0";
                  1 = xpoint3:"0,1,0";
                  2 = xpoint3:"0,0,1";
                }
              }
              #5 = {
                scale = fixp:"1";
                name = str:"IK Chain01";
                translation = xpoint3:"-29.27263641357421875,9.09931659698486328125,44.063610076904296875";
                rotation = {
                  0 = xpoint3:"1,0,0";
                  1 = xpoint3:"0,1,0";
                  2 = xpoint3:"0,0,1";
                }
              }
              #6 = {
                scale = fixp:"1";
                name = str:"pt_chest ";
                translation = xpoint3:"15.4309024810791015625,2.2626731395721435546875,-0.12497366964817047119140625";
                rotation = {
                  0 = xpoint3:"0,-0.099982254207134246826171875,0.994989216327667236328125";
                  1 = xpoint3:"0,-0.994988918304443359375,-0.099982269108295440673828125";
                  2 = xpoint3:"0.999999701976776123046875,0,0";
                }
              }
            }
            #1 = {
              scale = fixp:"1";
              name = str:"B";
              translation = xpoint3:"8.1510181427001953125,7.322315216064453125,-0.0183152966201305389404296875";
              rotation = {
                0 = xpoint3:"0.212684094905853271484375,0.97712099552154541015625,0";
                1 = xpoint3:"-0.97712099552154541015625,0.212684094905853271484375,0";
                2 = xpoint3:"0,0,1";
              }
            }
          }
        }
        #1 = {
          scale = fixp:"1";
          name = str:"pt_center";
          translation = xpoint3:"6.319475650787353515625,-0.09155796468257904052734375,18.087322235107421875";
          rotation = {
            0 = xpoint3:"0,0.98446905612945556640625,-0.1755581796169281005859375";
            1 = xpoint3:"-1,0,0";
            2 = xpoint3:"0,0.1755581796169281005859375,0.98446905612945556640625";
          }
        }
        #2 = {
          scale = fixp:"1";
          name = str:"pt_cast";
          translation = xpoint3:"49.833675384521484375,0.2426566779613494873046875,26.250148773193359375";
          rotation = {
            0 = xpoint3:"0,0.98446905612945556640625,-0.17555816471576690673828125";
            1 = xpoint3:"-1,0,0";
            2 = xpoint3:"0,0.17555816471576690673828125,0.98446905612945556640625";
          }
        }
      }
      #1 = {
        scale = fixp:"1";
        name = str:"Dummy08";
        translation = xpoint3:"19.3365879058837890625,25.640384674072265625,12.883380889892578125";
        rotation = {
          0 = xpoint3:"1,0,0";
          1 = xpoint3:"0,0,1";
          2 = xpoint3:"0,-1,0";
        }
      }
      #2 = {
        scale = fixp:"1";
        name = str:"Dummy07";
        translation = xpoint3:"-18.9998683929443359375,25.640384674072265625,12.883380889892578125";
        rotation = {
          0 = xpoint3:"1,0,0";
          1 = xpoint3:"0,0,1";
          2 = xpoint3:"0,-1,0";
        }
      }
      #3 = {
        scale = fixp:"1";
        name = str:"Dummy05";
        translation = xpoint3:"-27.2880916595458984375,36.943111419677734375,31.168575286865234375";
        rotation = {
          0 = xpoint3:"1,0,0";
          1 = xpoint3:"0,0,1";
          2 = xpoint3:"0,-1,0";
        }
      }
      #4 = {
        scale = fixp:"1";
        name = str:"Dummy01";
        translation = xpoint3:"47.7790985107421875,111.202362060546875,-35.86251068115234375";
        rotation = {
          0 = xpoint3:"1,0,0";
          1 = xpoint3:"0,0,1";
          2 = xpoint3:"0,-1,0";
        }
      }
      #5 = {
        scale = fixp:"1";
        name = str:"Dummy02";
        translation = xpoint3:"-19.7896976470947265625,112.761474609375,-9.67278766632080078125";
        rotation = {
          0 = xpoint3:"1,0,0";
          1 = xpoint3:"0,0,1";
          2 = xpoint3:"0,-1,0";
        }
      }
      #6 = {
        scale = fixp:"1";
        name = str:"Dummy06";
        translation = xpoint3:"-33.415073394775390625,70.87694549560546875,-11.5337924957275390625";
        rotation = {
          0 = xpoint3:"1,0,0";
          1 = xpoint3:"0,0,1";
          2 = xpoint3:"0,-1,0";
        }
      }
      #7 = {
        scale = fixp:"1";
        name = str:"Dummy04";
        translation = xpoint3:"28.2843189239501953125,36.79058074951171875,31.168575286865234375";
        rotation = {
          0 = xpoint3:"1,0,0";
          1 = xpoint3:"0,0,1";
          2 = xpoint3:"0,-1,0";
        }
      }
      #8 = {
        scale = fixp:"1";
        name = str:"pt_top";
        translation = xpoint3:"-0.0354518890380859375,243.38739013671875,0.09320068359375";
        rotation = {
          0 = xpoint3:"0,0,1";
          1 = xpoint3:"1,0,0";
          2 = xpoint3:"0,1,0";
        }
      }
      #9 = {
        scale = fixp:"1";
        name = str:"pt_ground";
        translation = xpoint3:"0,0,0";
        rotation = {
          0 = xpoint3:"1,0,0";
          1 = xpoint3:"0,0,1";
          2 = xpoint3:"0,-1,0";
        }
      }
      #10 = {
        scale = fixp:"1";
        name = str:"pt_aim";
        translation = xpoint3:"-37.949798583984375,115.41928863525390625,79.55544281005859375";
        rotation = {
          0 = xpoint3:"1,0,0";
          1 = xpoint3:"0,0,1";
          2 = xpoint3:"0,-1,0";
        }
      }
    }
  }
  #1 = {
    scale = fixp:"1";
    name = str:"FatDealer";
    translation = xpoint3:"0.06229269504547119140625,0,0";
    rotation = {
      0 = xpoint3:"1,0,0";
      1 = xpoint3:"0,1,0";
      2 = xpoint3:"0,0,1";
    }
  }
  #2 = {
    scale = fixp:"1";
    name = str:"FatDealer817";
    translation = xpoint3:"0,0,0";
    rotation = {
      0 = xpoint3:"1,0,0";
      1 = xpoint3:"0,1,0";
      2 = xpoint3:"0,0,1";
    }
  }
  #3 = {
    scale = fixp:"1";
    name = str:"FatDealer451";
    translation = xpoint3:"0,0,0";
    rotation = {
      0 = xpoint3:"1,0,0";
      1 = xpoint3:"0,1,0";
      2 = xpoint3:"0,0,1";
    }
  }
}