model = {
  file = str:"data\models\units\high_priest\high_priest_new.nif";
  animation = {
    loop = fixp:"0";
    duration = fixp:"17.666667938232421875";
  }
  #0 = {
    scale = fixp:"1";
    name = str:"HPriest";
    translation = xpoint3:"0.00909579358994960784912109375,-0.0098397731781005859375,0.073145397007465362548828125";
    rotation = {
      0 = xpoint3:"1,0,0";
      1 = xpoint3:"0,1,0";
      2 = xpoint3:"0,0,1";
    }
  }
  #1 = {
    scale = fixp:"1";
    name = str:"ROOT";
    translation = xpoint3:"0,0,0";
    rotation = {
      0 = xpoint3:"1,0,0";
      1 = xpoint3:"0,1,0";
      2 = xpoint3:"0,0,1";
    }
    #4 = {
      scale = fixp:"1";
      name = str:"ROOT NonAccum";
      translation = xpoint3:"0,0,0";
      rotation = {
        0 = xpoint3:"1,0,0";
        1 = xpoint3:"0,1,0";
        2 = xpoint3:"0,0,1";
      }
      #0 = {
        scale = fixp:"1";
        name = str:"Bip01";
        translation = xpoint3:"0.00604534149169921875,0,110.848388671875";
        rotation = {
          0 = xpoint3:"0,1,0";
          1 = xpoint3:"-1,0,0";
          2 = xpoint3:"0,0,1";
        }
        #0 = {
          scale = fixp:"1";
          name = str:"Bip01 Pelvis01";
          translation = xpoint3:"0,0,0";
          rotation = {
            0 = xpoint3:"0,1,0";
            1 = xpoint3:"0,0,1";
            2 = xpoint3:"1,0,0";
          }
          #0 = {
            scale = fixp:"1";
            name = str:"Bip01 Spine02";
            translation = xpoint3:"11.48638153076171875,-0.02068354375660419464111328125,0";
            rotation = {
              0 = xpoint3:"0.999999701976776123046875,0,0";
              1 = xpoint3:"0,0.999999701976776123046875,0";
              2 = xpoint3:"0,0,1";
            }
            #0 = {
              scale = fixp:"1";
              name = str:"Bip01 Spine03";
              translation = xpoint3:"25.969181060791015625,-0.0206771008670330047607421875,0";
              rotation = {
                0 = xpoint3:"1,0,0";
                1 = xpoint3:"0,1,0";
                2 = xpoint3:"0,0,1";
              }
              #0 = {
                scale = fixp:"1";
                name = str:"Bip01 Neck01";
                translation = xpoint3:"25.9691925048828125,-0.0059634880162775516510009765625,0";
                rotation = {
                  0 = xpoint3:"1,0,0";
                  1 = xpoint3:"0,1,0";
                  2 = xpoint3:"0,0,1";
                }
                #0 = {
                  scale = fixp:"1";
                  name = str:"Bip01 L Clavicle01";
                  translation = xpoint3:"0,0.0059559843502938747406005859375,3.49587917327880859375";
                  rotation = {
                    0 = xpoint3:"-0.416989028453826904296875,0,0.908911228179931640625";
                    1 = xpoint3:"-0.237778246402740478515625,-0.965081691741943359375,-0.1099036633968353271484375";
                    2 = xpoint3:"0.8772580623626708984375,-0.261947929859161376953125,0.4022457301616668701171875";
                  }
                  #0 = {
                    scale = fixp:"1";
                    name = str:"Bip01 L UpperArm01";
                    translation = xpoint3:"24.109386444091796875,0,0";
                    rotation = {
                      0 = xpoint3:"0.585334002971649169921875,0.115599133074283599853515625,0.80213415622711181640625";
                      1 = xpoint3:"0.077263630926609039306640625,0.977326691150665283203125,-0.19705332815647125244140625";
                      2 = xpoint3:"-0.80672967433929443359375,0.17730347812175750732421875,0.563131272792816162109375";
                    }
                    #0 = {
                      scale = fixp:"1";
                      name = str:"Bip01 L Forearm01";
                      translation = xpoint3:"22.4710445404052734375,0,0";
                      rotation = {
                        0 = xpoint3:"0.81359899044036865234375,0.581193745136260986328125,0";
                        1 = xpoint3:"-0.581193745136260986328125,0.81359899044036865234375,0";
                        2 = xpoint3:"0,0,1";
                      }
                      #0 = {
                        scale = fixp:"1";
                        name = str:"Bip01 L Hand01";
                        translation = xpoint3:"28.3204593658447265625,0,0";
                        rotation = {
                          0 = xpoint3:"0.985362708568572998046875,-0.075894527137279510498046875,-0.1525750458240509033203125";
                          1 = xpoint3:"0.1521854400634765625,-0.010199620388448238372802734375,0.98755729198455810546875";
                          2 = xpoint3:"-0.076672755181789398193359375,-0.99632823467254638671875,0.00151884253136813640594482421875";
                        }
                        #0 = {
                          scale = fixp:"1";
                          name = str:"Bip01 L Finger07";
                          translation = xpoint3:"7.154839992523193359375,1.86943721771240234375,-4.929013729095458984375";
                          rotation = {
                            0 = xpoint3:"0.818298041820526123046875,0.22834180295467376708984375,0.527492523193359375";
                            1 = xpoint3:"0.51210296154022216796875,0.12714229524135589599609375,-0.8494617938995361328125";
                            2 = xpoint3:"-0.2610342502593994140625,0.96524333953857421875,-0.01289422810077667236328125";
                          }
                          #0 = {
                            scale = fixp:"1";
                            name = str:"Bip01 L Finger08";
                            translation = xpoint3:"5.602782726287841796875,0,0";
                            rotation = {
                              0 = xpoint3:"0.54015386104583740234375,-0.8415663242340087890625,0";
                              1 = xpoint3:"0.8415663242340087890625,0.54015386104583740234375,0";
                              2 = xpoint3:"0,0,1";
                            }
                          }
                        }
                        #1 = {
                          scale = fixp:"1";
                          name = str:"Bip01 L Finger05";
                          translation = xpoint3:"12.51256561279296875,-0.325315773487091064453125,-1.56997406482696533203125";
                          rotation = {
                            0 = xpoint3:"0.90438425540924072265625,-0.4259617328643798828125,-0.02541195414960384368896484375";
                            1 = xpoint3:"0.42594182491302490234375,0.904727458953857421875,-0.0064609856344759464263916015625";
                            2 = xpoint3:"0.02574302442371845245361328125,-0.0049808002077043056488037109375,0.999656200408935546875";
                          }
                          #0 = {
                            scale = fixp:"1";
                            name = str:"Bip01 L Finger06";
                            translation = xpoint3:"5.41251850128173828125,0,0";
                            rotation = {
                              0 = xpoint3:"0.51093292236328125,-0.859620571136474609375,0";
                              1 = xpoint3:"0.859620571136474609375,0.51093292236328125,0";
                              2 = xpoint3:"0,0,1";
                            }
                          }
                        }
                        #2 = {
                          scale = fixp:"1";
                          name = str:"Bip01 L Finger03";
                          translation = xpoint3:"11.54254436492919921875,-0.0960673391819000244140625,4.30123996734619140625";
                          rotation = {
                            0 = xpoint3:"0.84785425662994384765625,-0.4505132138729095458984375,-0.2796086370944976806640625";
                            1 = xpoint3:"0.4674328267574310302734375,0.88400137424468994140625,-0.006936065852642059326171875";
                            2 = xpoint3:"0.2502992451190948486328125,-0.124817468225955963134765625,0.960089027881622314453125";
                          }
                          #0 = {
                            scale = fixp:"1";
                            name = str:"Bip01 L Finger04";
                            translation = xpoint3:"5.402507781982421875,0,0";
                            rotation = {
                              0 = xpoint3:"0.214463770389556884765625,-0.976731956005096435546875,0";
                              1 = xpoint3:"0.976731956005096435546875,0.214463770389556884765625,0";
                              2 = xpoint3:"0,0,1";
                            }
                          }
                        }
                        #3 = {
                          scale = fixp:"1";
                          name = str:"pt_hand";
                          translation = xpoint3:"0,0,0";
                          rotation = {
                            0 = xpoint3:"0.73536002635955810546875,0.619714915752410888671875,-0.2742245197296142578125";
                            1 = xpoint3:"0.14993341267108917236328125,0.24584554135799407958984375,0.95764291286468505859375";
                            2 = xpoint3:"0.660882472991943359375,-0.7453277111053466796875,0.087869010865688323974609375";
                          }
                        }
                      }
                    }
                  }
                }
                #1 = {
                  scale = fixp:"1";
                  name = str:"Bip01 Head01";
                  translation = xpoint3:"7.4911212921142578125,0,0";
                  rotation = {
                    0 = xpoint3:"0.999999701976776123046875,0,0";
                    1 = xpoint3:"0,0.999999701976776123046875,0";
                    2 = xpoint3:"0,0,1";
                  }
                  #0 = {
                    scale = fixp:"1";
                    name = str:"Bone31";
                    translation = xpoint3:"1.07164967060089111328125,10.4377899169921875,-0.0060424781404435634613037109375";
                    rotation = {
                      0 = xpoint3:"-0.95113146305084228515625,-0.3087858259677886962890625,0";
                      1 = xpoint3:"0.3087858259677886962890625,-0.95113146305084228515625,0";
                      2 = xpoint3:"0,0,1";
                    }
                    #0 = {
                      scale = fixp:"1";
                      name = str:"Bone32";
                      translation = xpoint3:"14.1160335540771484375,0,0";
                      rotation = {
                        0 = xpoint3:"0.999883472919464111328125,0.015267255716025829315185546875,0";
                        1 = xpoint3:"-0.015267255716025829315185546875,0.999883472919464111328125,0";
                        2 = xpoint3:"0,0,1";
                      }
                    }
                  }
                }
                #2 = {
                  scale = fixp:"1";
                  name = str:"Bip01 R Clavicle01";
                  translation = xpoint3:"0,0.0059739835560321807861328125,-3.495832920074462890625";
                  rotation = {
                    0 = xpoint3:"-0.416988909244537353515625,0,-0.908911228179931640625";
                    1 = xpoint3:"-0.2377739250659942626953125,-0.965083062648773193359375,0.1099011898040771484375";
                    2 = xpoint3:"-0.87725925445556640625,0.2619429528713226318359375,0.402246296405792236328125";
                  }
                  #0 = {
                    scale = fixp:"1";
                    name = str:"Bip01 R UpperArm01";
                    translation = xpoint3:"24.1094207763671875,0,0";
                    rotation = {
                      0 = xpoint3:"0.841923534870147705078125,0.460404813289642333984375,-0.281003177165985107421875";
                      1 = xpoint3:"-0.3510067462921142578125,0.863263428211212158203125,0.36245286464691162109375";
                      2 = xpoint3:"0.4095480442047119140625,-0.20641036331653594970703125,0.8885400295257568359375";
                    }
                    #0 = {
                      scale = fixp:"1";
                      name = str:"Bip01 R Forearm01";
                      translation = xpoint3:"22.471035003662109375,0,0";
                      rotation = {
                        0 = xpoint3:"0.88017356395721435546875,0.474468708038330078125,0";
                        1 = xpoint3:"-0.474468708038330078125,0.88017356395721435546875,0";
                        2 = xpoint3:"0,0,1";
                      }
                      #0 = {
                        scale = fixp:"1";
                        name = str:"Bip01 R Hand01";
                        translation = xpoint3:"28.320438385009765625,0,0";
                        rotation = {
                          0 = xpoint3:"0.670689880847930908203125,-0.473222315311431884765625,-0.57075202465057373046875";
                          1 = xpoint3:"-0.713848531246185302734375,-0.618806421756744384765625,-0.3242681026458740234375";
                          2 = xpoint3:"-0.20029355585575103759765625,0.625132083892822265625,-0.75269448757171630859375";
                        }
                        #0 = {
                          scale = fixp:"1";
                          name = str:"Bip01 R Finger07";
                          translation = xpoint3:"7.154857158660888671875,1.86941444873809814453125,4.929015636444091796875";
                          rotation = {
                            0 = xpoint3:"0.278520107269287109375,0.056002803146839141845703125,-0.9587962627410888671875";
                            1 = xpoint3:"0.8314888477325439453125,0.485571801662445068359375,0.26990067958831787109375";
                            2 = xpoint3:"0.48067963123321533203125,-0.87240111827850341796875,0.088675804436206817626953125";
                          }
                          #0 = {
                            scale = fixp:"1";
                            name = str:"Bip01 R Finger08";
                            translation = xpoint3:"5.60278034210205078125,0,0";
                            rotation = {
                              0 = xpoint3:"0.2586861550807952880859375,-0.923412024974822998046875,-0.283534348011016845703125";
                              1 = xpoint3:"0.746183812618255615234375,0.004626129753887653350830078125,0.66572391986846923828125";
                              2 = xpoint3:"-0.613425791263580322265625,-0.3837822973728179931640625,0.690231800079345703125";
                            }
                          }
                        }
                        #1 = {
                          scale = fixp:"1";
                          name = str:"Bip01 R Finger05";
                          translation = xpoint3:"12.51257419586181640625,-0.3253211677074432373046875,1.56997764110565185546875";
                          rotation = {
                            0 = xpoint3:"0.777248203754425048828125,-0.622629106044769287109375,0.090654559433460235595703125";
                            1 = xpoint3:"0.62482416629791259765625,0.780748069286346435546875,0.005218225531280040740966796875";
                            2 = xpoint3:"-0.074027396738529205322265625,0.0525873042643070220947265625,0.995868742465972900390625";
                          }
                          #0 = {
                            scale = fixp:"1";
                            name = str:"Bip01 R Finger06";
                            translation = xpoint3:"5.41252231597900390625,0,0";
                            rotation = {
                              0 = xpoint3:"0.416558563709259033203125,-0.907656490802764892578125,0.0513680092990398406982421875";
                              1 = xpoint3:"0.909004747867584228515625,0.416700661182403564453125,-0.008422766812145709991455078125";
                              2 = xpoint3:"-0.01376010291278362274169921875,0.0502023398876190185546875,0.998644292354583740234375";
                            }
                          }
                        }
                        #2 = {
                          scale = fixp:"1";
                          name = str:"Bip01 R Finger03";
                          translation = xpoint3:"11.54256725311279296875,-0.0960595309734344482421875,-4.301249027252197265625";
                          rotation = {
                            0 = xpoint3:"0.862927258014678955078125,-0.44028270244598388671875,0.24800737202167510986328125";
                            1 = xpoint3:"0.437836468219757080078125,0.896474301815032958984375,0.068066872656345367431640625";
                            2 = xpoint3:"-0.2523008882999420166015625,0.04984991252422332763671875,0.9663639068603515625";
                          }
                          #0 = {
                            scale = fixp:"1";
                            name = str:"Bip01 R Finger04";
                            translation = xpoint3:"5.4024944305419921875,0,0";
                            rotation = {
                              0 = xpoint3:"0.518099606037139892578125,-0.855204045772552490234375,0.01410039328038692474365234375";
                              1 = xpoint3:"0.843739688396453857421875,0.51371896266937255859375,0.15555100142955780029296875";
                              2 = xpoint3:"-0.140271484851837158203125,-0.068693853914737701416015625,0.987727224826812744140625";
                            }
                          }
                        }
                        #3 = {
                          scale = fixp:"1";
                          name = str:"pt_hand@#0";
                          translation = xpoint3:"0,0,0";
                          rotation = {
                            0 = xpoint3:"0.1411977708339691162109375,-0.343054950237274169921875,0.92864227294921875";
                            1 = xpoint3:"-0.887027800083160400390625,-0.4603724181652069091796875,-0.03519837558269500732421875";
                            2 = xpoint3:"0.4395962655544281005859375,-0.8187615871429443359375,-0.3693028390407562255859375";
                          }
                        }
                      }
                    }
                  }
                }
              }
              #1 = {
                scale = fixp:"1";
                name = str:"IK Chain02";
                translation = xpoint3:"-18.296108245849609375,15.96251964569091796875,-52.682239532470703125";
                rotation = {
                  0 = xpoint3:"0,0,0.99927413463592529296875";
                  1 = xpoint3:"0,-0.99854862689971923828125,0";
                  2 = xpoint3:"0.9992744922637939453125,0,0";
                }
                #0 = {
                  scale = fixp:"1";
                  name = str:"Bone33";
                  translation = xpoint3:"5.3329448699951171875,-10.53568553924560546875,-0.2585361897945404052734375";
                  rotation = {
                    0 = xpoint3:"-0.092533640563488006591796875,0.0014463183470070362091064453125,0.99491202831268310546875";
                    1 = xpoint3:"-0.01034823991358280181884765625,-0.998495042324066162109375,0";
                    2 = xpoint3:"0.994859218597412109375,-0.010258026421070098876953125,0.093994863331317901611328125";
                  }
                  #0 = {
                    scale = fixp:"1";
                    name = str:"Bone30";
                    translation = xpoint3:"-130.7449493408203125,0.626974046230316162109375,-0.062522940337657928466796875";
                    rotation = {
                      0 = xpoint3:"-0.9985487461090087890625,0,0";
                      1 = xpoint3:"0,1,0";
                      2 = xpoint3:"0,0,-0.9985487461090087890625";
                    }
                  }
                  #1 = {
                    scale = fixp:"1";
                    name = str:"pt_staff";
                    translation = xpoint3:"86.22078704833984375,-0.47498989105224609375,-0.803980886936187744140625";
                    rotation = {
                      0 = xpoint3:"-0.093327037990093231201171875,0.99558162689208984375,0.01035479269921779632568359375";
                      1 = xpoint3:"0.001444615423679351806640625,-0.01026477850973606109619140625,0.999946296215057373046875";
                      2 = xpoint3:"0.995634496212005615234375,0.093336977064609527587890625,0";
                    }
                  }
                }
              }
              #2 = {
                scale = fixp:"1";
                name = str:"IK Chain01";
                translation = xpoint3:"-30.43157196044921875,4.888730525970458984375,33.671630859375";
                rotation = {
                  0 = xpoint3:"0,0,0.99927413463592529296875";
                  1 = xpoint3:"0,-0.99854862689971923828125,0";
                  2 = xpoint3:"0.9992744922637939453125,0,0";
                }
              }
              #3 = {
                scale = fixp:"1";
                name = str:"Dummy01";
                translation = xpoint3:"-29.296600341796875,-75.03203582763671875,28.388782501220703125";
                rotation = {
                  0 = xpoint3:"0,0,0.999999701976776123046875";
                  1 = xpoint3:"0,-0.999999701976776123046875,0";
                  2 = xpoint3:"1,0,0";
                }
              }
              #4 = {
                scale = fixp:"1";
                name = str:"Dummy02";
                translation = xpoint3:"-0.3645610511302947998046875,-90.42057037353515625,-63.2053375244140625";
                rotation = {
                  0 = xpoint3:"0,0,0.999999701976776123046875";
                  1 = xpoint3:"0,-0.999999701976776123046875,0";
                  2 = xpoint3:"1,0,0";
                }
              }
            }
          }
          #1 = {
            scale = fixp:"1";
            name = str:"Bip01 R Thigh01";
            translation = xpoint3:"0,0,-9.9881591796875";
            rotation = {
              0 = xpoint3:"-0.99414825439453125,0.07499219477176666259765625,0.0561387240886688232421875";
              1 = xpoint3:"0.06317810714244842529296875,0.980014979839324951171875,-0.18854753673076629638671875";
              2 = xpoint3:"-0.06916584074497222900390625,-0.18416790664196014404296875,-0.978992521762847900390625";
            }
            #0 = {
              scale = fixp:"1";
              name = str:"Bip01 R Calf01";
              translation = xpoint3:"49.940723419189453125,0,0";
              rotation = {
                0 = xpoint3:"0.981201827526092529296875,0.19291363656520843505859375,0";
                1 = xpoint3:"-0.19291363656520843505859375,0.981201827526092529296875,0";
                2 = xpoint3:"0,0,1";
              }
              #0 = {
                scale = fixp:"1";
                name = str:"Bip01 R Foot01";
                translation = xpoint3:"43.936122894287109375,0,0";
                rotation = {
                  0 = xpoint3:"0.98265397548675537109375,-0.113640852272510528564453125,0.1464641988277435302734375";
                  1 = xpoint3:"0.117547146975994110107421875,0.99289453029632568359375,-0.0182430781424045562744140625";
                  2 = xpoint3:"-0.1433480679988861083984375,0.0351553522050380706787109375,0.989039719104766845703125";
                }
                #0 = {
                  scale = fixp:"1";
                  name = str:"Bip01 R Toe03";
                  translation = xpoint3:"17.48743438720703125,22.5055484771728515625,0";
                  rotation = {
                    0 = xpoint3:"0,-0.9992744922637939453125,0";
                    1 = xpoint3:"0.9992744922637939453125,0,0";
                    2 = xpoint3:"0,0,1";
                  }
                }
                #1 = {
                  scale = fixp:"1";
                  name = str:"pt_foot";
                  translation = xpoint3:"8.40895366668701171875,-0.730454146862030029296875,-0.3259095847606658935546875";
                  rotation = {
                    0 = xpoint3:"-0.01670209132134914398193359375,-0.06648211181163787841796875,-0.997647821903228759765625";
                    1 = xpoint3:"0.090494252741336822509765625,-0.99379241466522216796875,0.06471018493175506591796875";
                    2 = xpoint3:"-0.995756924152374267578125,-0.08920060098171234130859375,0.02261465974152088165283203125";
                  }
                }
                #2 = {
                  scale = fixp:"1";
                  name = str:"pt_footprint02";
                  translation = xpoint3:"17.5699481964111328125,-1.28038346767425537109375,-0.559450089931488037109375";
                  rotation = {
                    0 = xpoint3:"-0.019552759826183319091796875,-0.064070411026477813720703125,-0.997753798961639404296875";
                    1 = xpoint3:"0.09017266333103179931640625,-0.99399054050445556640625,0.0620616637170314788818359375";
                    2 = xpoint3:"-0.99573421478271484375,-0.088756643235683441162109375,0.02521265856921672821044921875";
                  }
                }
              }
            }
          }
          #2 = {
            scale = fixp:"1";
            name = str:"Bip01 L Thigh01";
            translation = xpoint3:"0,0,9.9881591796875";
            rotation = {
              0 = xpoint3:"-0.9942686557769775390625,0.073634445667266845703125,-0.0558042563498020172119140625";
              1 = xpoint3:"0.0633279383182525634765625,0.983744800090789794921875,0.1679648458957672119140625";
              2 = xpoint3:"0.0672734677791595458984375,0.1637088358402252197265625,-0.98274958133697509765625";
            }
            #0 = {
              scale = fixp:"1";
              name = str:"Bip01 L Calf01";
              translation = xpoint3:"49.94072723388671875,0,0";
              rotation = {
                0 = xpoint3:"0.981201827526092529296875,0.192913591861724853515625,0";
                1 = xpoint3:"-0.192913591861724853515625,0.981201827526092529296875,0";
                2 = xpoint3:"0,0,1";
              }
              #0 = {
                scale = fixp:"1";
                name = str:"Bip01 L Foot01";
                translation = xpoint3:"43.936107635498046875,0,0";
                rotation = {
                  0 = xpoint3:"0.98375236988067626953125,-0.1146416962146759033203125,-0.13807593286037445068359375";
                  1 = xpoint3:"0.12019400298595428466796875,0.99221241474151611328125,0.0325052328407764434814453125";
                  2 = xpoint3:"0.13327072560787200927734375,-0.0485846661031246185302734375,0.98988068103790283203125";
                }
                #0 = {
                  scale = fixp:"1";
                  name = str:"Bip01 L Toe03";
                  translation = xpoint3:"17.48743438720703125,22.5055484771728515625,0";
                  rotation = {
                    0 = xpoint3:"0,-0.9992744922637939453125,0";
                    1 = xpoint3:"0.9992744922637939453125,0,0";
                    2 = xpoint3:"0,0,1";
                  }
                }
                #1 = {
                  scale = fixp:"1";
                  name = str:"pt_foot@#1";
                  translation = xpoint3:"9.15928745269775390625,2.3111956119537353515625,-0.347424089908599853515625";
                  rotation = {
                    0 = xpoint3:"0.034262470901012420654296875,0.0034832493402063846588134765625,-0.9994068145751953125";
                    1 = xpoint3:"-0.0478870980441570281982421875,-0.9988396167755126953125,-0.0051229768432676792144775390625";
                    2 = xpoint3:"-0.998264968395233154296875,0.048034213483333587646484375,-0.034055911004543304443359375";
                  }
                }
                #2 = {
                  scale = fixp:"1";
                  name = str:"pt_footprint01";
                  translation = xpoint3:"17.630771636962890625,2.4065577983856201171875,-0.063509620726108551025390625";
                  rotation = {
                    0 = xpoint3:"0.0427689738571643829345703125,-0.0039406795985996723175048828125,-0.99907720088958740234375";
                    1 = xpoint3:"-0.04667071998119354248046875,-0.998908460140228271484375,0.00194211094640195369720458984375";
                    2 = xpoint3:"-0.99799430370330810546875,0.046544589102268218994140625,-0.042906202375888824462890625";
                  }
                }
              }
            }
          }
          #3 = {
            scale = fixp:"1";
            name = str:"Bone05";
            translation = xpoint3:"12.8219623565673828125,-9.90372467041015625,13.491283416748046875";
            rotation = {
              0 = xpoint3:"-0.89171564579010009765625,0.451731026172637939453125,0.0279745757579803466796875";
              1 = xpoint3:"-0.36351191997528076171875,-0.751652777194976806640625,0.550343096256256103515625";
              2 = xpoint3:"0.269634187221527099609375,0.480580389499664306640625,0.834469854831695556640625";
            }
            #0 = {
              scale = fixp:"1";
              name = str:"Bone06";
              translation = xpoint3:"16.79047393798828125,0,0";
              rotation = {
                0 = xpoint3:"0.948695600032806396484375,0.31607878208160400390625,0.008421075530350208282470703125";
                1 = xpoint3:"-0.316187679767608642578125,0.94822895526885986328125,0.0297858156263828277587890625";
                2 = xpoint3:"0.00142955593764781951904296875,-0.03092031180858612060546875,0.999520838260650634765625";
              }
              #0 = {
                scale = fixp:"1";
                name = str:"Bone07";
                translation = xpoint3:"16.1821880340576171875,0,0";
                rotation = {
                  0 = xpoint3:"0.98722076416015625,-0.14284704625606536865234375,0.070639289915561676025390625";
                  1 = xpoint3:"0.13803498446941375732421875,0.988028943538665771484375,0.06888519227504730224609375";
                  2 = xpoint3:"-0.079633705317974090576171875,-0.05825419723987579345703125,0.995120584964752197265625";
                }
                #0 = {
                  scale = fixp:"1";
                  name = str:"Bone08";
                  translation = xpoint3:"16.2053203582763671875,0,0";
                  rotation = {
                    0 = xpoint3:"0.973886013031005859375,-0.2268542945384979248046875,0.009120593778789043426513671875";
                    1 = xpoint3:"0.2270204722881317138671875,0.973519504070281982421875,-0.02685974352061748504638671875";
                    2 = xpoint3:"-0.00278582819737493991851806640625,0.02822888828814029693603515625,0.999597609043121337890625";
                  }
                }
              }
            }
          }
          #4 = {
            scale = fixp:"1";
            name = str:"Bone09";
            translation = xpoint3:"13.33426189422607421875,-9.22079753875732421875,-12.907291412353515625";
            rotation = {
              0 = xpoint3:"-0.8966910839080810546875,0.4424127638339996337890625,-0.014702074229717254638671875";
              1 = xpoint3:"-0.3892157375812530517578125,-0.80382025241851806640625,-0.4498713910579681396484375";
              2 = xpoint3:"-0.2108466625213623046875,-0.3976733386516571044921875,0.89297235012054443359375";
            }
            #0 = {
              scale = fixp:"1";
              name = str:"Bone10";
              translation = xpoint3:"17.3346958160400390625,0,0";
              rotation = {
                0 = xpoint3:"0.9682366847991943359375,0.235392272472381591796875,0.08430986106395721435546875";
                1 = xpoint3:"-0.243582665920257568359375,0.964118778705596923828125,0.1055577695369720458984375";
                2 = xpoint3:"-0.05643723905086517333984375,-0.12274132668972015380859375,0.99083268642425537109375";
              }
              #0 = {
                scale = fixp:"1";
                name = str:"Bone11";
                translation = xpoint3:"16.0948390960693359375,0,0";
                rotation = {
                  0 = xpoint3:"0.994979381561279296875,-0.050352089107036590576171875,-0.0864908695220947265625";
                  1 = xpoint3:"0.04115723073482513427734375,0.993621647357940673828125,-0.104986019432544708251953125";
                  2 = xpoint3:"0.09122546017169952392578125,0.100899197161197662353515625,0.990705430507659912109375";
                }
                #0 = {
                  scale = fixp:"1";
                  name = str:"Bone12";
                  translation = xpoint3:"16.235675811767578125,0,0";
                  rotation = {
                    0 = xpoint3:"0.9993267059326171875,0.0089193172752857208251953125,-0.0355894230306148529052734375";
                    1 = xpoint3:"-0.012045957148075103759765625,0.99599182605743408203125,-0.088629715144634246826171875";
                    2 = xpoint3:"0.0346562601625919342041015625,0.088998742401599884033203125,0.995428621768951416015625";
                  }
                }
              }
            }
          }
          #5 = {
            scale = fixp:"1";
            name = str:"Bone21";
            translation = xpoint3:"2.1966793537139892578125,5.386676311492919921875,-21.45215606689453125";
            rotation = {
              0 = xpoint3:"-0.979753017425537109375,0,-0.2002093791961669921875";
              1 = xpoint3:"0,-0.99999988079071044921875,0";
              2 = xpoint3:"-0.2002093791961669921875,0,0.97975313663482666015625";
            }
            #0 = {
              scale = fixp:"1";
              name = str:"Bone22";
              translation = xpoint3:"27.6709117889404296875,0,0";
              rotation = {
                0 = xpoint3:"0.98569977283477783203125,-0.16395007073879241943359375,-0.0389402993023395538330078125";
                1 = xpoint3:"0.16379474103450775146484375,0.986468374729156494140625,-0.0071681891568005084991455078125";
                2 = xpoint3:"0.0395885966718196868896484375,0,0.9992158412933349609375";
              }
              #0 = {
                scale = fixp:"1";
                name = str:"Bone23";
                translation = xpoint3:"24.420917510986328125,0,0";
                rotation = {
                  0 = xpoint3:"0.990743935108184814453125,0.072466589510440826416015625,-0.1147826015949249267578125";
                  1 = xpoint3:"-0.065773166716098785400390625,0.99596405029296875,0.06106983125209808349609375";
                  2 = xpoint3:"0.11874486505985260009765625,-0.052954949438571929931640625,0.99151170253753662109375";
                }
                #0 = {
                  scale = fixp:"1";
                  name = str:"Bone24";
                  translation = xpoint3:"23.01605987548828125,0,0";
                  rotation = {
                    0 = xpoint3:"0.999920308589935302734375,0,0.012625503353774547576904296875";
                    1 = xpoint3:"0,0.999537527561187744140625,-0.0304068736732006072998046875";
                    2 = xpoint3:"-0.012619658373296260833740234375,0.030409298837184906005859375,0.999457836151123046875";
                  }
                }
              }
            }
          }
          #6 = {
            scale = fixp:"1";
            name = str:"Bone01";
            translation = xpoint3:"-0.83817958831787109375,18.0996150970458984375,-0.00609588436782360076904296875";
            rotation = {
              0 = xpoint3:"-0.9893882274627685546875,-0.14529590308666229248046875,0";
              1 = xpoint3:"0.14529590308666229248046875,-0.9893882274627685546875,0";
              2 = xpoint3:"0,0,1";
            }
            #0 = {
              scale = fixp:"1";
              name = str:"Bone02";
              translation = xpoint3:"24.6794605255126953125,0,0";
              rotation = {
                0 = xpoint3:"0.99278008937835693359375,-0.11994849145412445068359375,0";
                1 = xpoint3:"0.11994849145412445068359375,0.99278008937835693359375,0";
                2 = xpoint3:"0,0,1";
              }
              #0 = {
                scale = fixp:"1";
                name = str:"Bone03";
                translation = xpoint3:"28.662994384765625,0,0";
                rotation = {
                  0 = xpoint3:"0.999986827373504638671875,-0.005128912627696990966796875,0";
                  1 = xpoint3:"0.005128912627696990966796875,0.999986827373504638671875,0";
                  2 = xpoint3:"0,0,1";
                }
                #0 = {
                  scale = fixp:"1";
                  name = str:"Bone04";
                  translation = xpoint3:"20.801631927490234375,0,0";
                  rotation = {
                    0 = xpoint3:"1,0,0";
                    1 = xpoint3:"0,1,0";
                    2 = xpoint3:"0,0,1";
                  }
                }
              }
            }
          }
          #7 = {
            scale = fixp:"1";
            name = str:"Bone25";
            translation = xpoint3:"2.44086456298828125,5.34410762786865234375,22.2345829010009765625";
            rotation = {
              0 = xpoint3:"-0.977545082569122314453125,0.2107273042201995849609375,0";
              1 = xpoint3:"0,0,1.00000011920928955078125";
              2 = xpoint3:"0.2107273042201995849609375,0.9775450229644775390625,0";
            }
            #0 = {
              scale = fixp:"1";
              name = str:"Bone26";
              translation = xpoint3:"28.29996490478515625,0,0";
              rotation = {
                0 = xpoint3:"0.9804847240447998046875,0.10462351143360137939453125,0.16644401848316192626953125";
                1 = xpoint3:"-0.10000742971897125244140625,0.994338810443878173828125,-0.0359007231891155242919921875";
                2 = xpoint3:"-0.16925780475139617919921875,0.018554471433162689208984375,0.985397160053253173828125";
              }
              #0 = {
                scale = fixp:"1";
                name = str:"Bone27";
                translation = xpoint3:"24.3532657623291015625,0,0";
                rotation = {
                  0 = xpoint3:"0.997486114501953125,0.0425150953233242034912109375,-0.0566913373768329620361328125";
                  1 = xpoint3:"-0.0419384203851222991943359375,0.999056041240692138671875,0.01132390089333057403564453125";
                  2 = xpoint3:"0.0571192614734172821044921875,-0.00891788862645626068115234375,0.998327553272247314453125";
                }
                #0 = {
                  scale = fixp:"1";
                  name = str:"Bone28";
                  translation = xpoint3:"22.88970947265625,0,0";
                  rotation = {
                    0 = xpoint3:"0.998637616634368896484375,0.00106730661354959011077880859375,-0.052170984447002410888671875";
                    1 = xpoint3:"0,0.9999969005584716796875,0.0023007025010883808135986328125";
                    2 = xpoint3:"0.052173279225826263427734375,-0.00224808044731616973876953125,0.9986355304718017578125";
                  }
                }
              }
            }
          }
          #8 = {
            scale = fixp:"1";
            name = str:"Bone13";
            translation = xpoint3:"-3.2287464141845703125,-17.649990081787109375,10.110431671142578125";
            rotation = {
              0 = xpoint3:"-0.9861657619476318359375,0.14422042667865753173828125,0.08171837031841278076171875";
              1 = xpoint3:"-0.13090585172176361083984375,-0.98001003265380859375,0.1498145163059234619140625";
              2 = xpoint3:"0.10169111192226409912109375,0.1370445191860198974609375,0.9853312969207763671875";
            }
            #0 = {
              scale = fixp:"1";
              name = str:"Bone14";
              translation = xpoint3:"19.565677642822265625,0,0";
              rotation = {
                0 = xpoint3:"0.99946105480194091796875,0.0168888680636882781982421875,0.02814942412078380584716796875";
