model = {
  file = str:"data\models\units\high_priest\high_priest.nif";
  animation = {
    loop = fixp:"0";
    duration = fixp:"5.56666660308837890625";
  }
  #1 = {
    scale = fixp:"1";
    name = str:"ROOT";
    translation = xpoint3:"0,0,0";
    rotation = {
      0 = xpoint3:"1,0,0";
      1 = xpoint3:"0,1,0";
      2 = xpoint3:"0,0,1";
    }
    #1 = {
      scale = fixp:"1";
      name = str:"ROOT NonAccum";
      translation = xpoint3:"0,0,0";
      rotation = {
        0 = xpoint3:"1,0,0";
        1 = xpoint3:"0,1,0";
        2 = xpoint3:"0,0,1";
      }
      #0 = {
        scale = fixp:"1";
        name = str:"char_sub_root";
        translation = xpoint3:"0,0,0";
        rotation = {
          0 = xpoint3:"1,0,0";
          1 = xpoint3:"0,1,0";
          2 = xpoint3:"0,0,1";
        }
        #0 = {
          scale = fixp:"1";
          name = str:"Bip01";
          translation = xpoint3:"-0.46963584423065185546875,-15.6554164886474609375,119.0577850341796875";
          rotation = {
            0 = xpoint3:"0.0054524005390703678131103515625,0.99920642375946044921875,-0.01066626049578189849853515625";
            1 = xpoint3:"-0.9990022182464599609375,0.0056947213597595691680908203125,0.02279092185199260711669921875";
            2 = xpoint3:"0.02284240908920764923095703125,0.01055554486811161041259765625,0.9996831417083740234375";
          }
          #0 = {
            scale = fixp:"1";
            name = str:"Bip01 Footsteps";
            translation = xpoint3:"-1.82804024219512939453125,-0.844742715358734130859375,-79.944915771484375";
            rotation = {
              0 = xpoint3:"0.0047302977181971073150634765625,-0.9997274875640869140625,0.02285899035632610321044921875";
              1 = xpoint3:"0.999931871891021728515625,0.0049727945588529109954833984375,0.010563208721578121185302734375";
              2 = xpoint3:"-0.010674002580344676971435546875,0.02280746586620807647705078125,0.999682903289794921875";
            }
          }
          #1 = {
            scale = fixp:"1";
            name = str:"Bip01 Pelvis";
            translation = xpoint3:"0.21589104831218719482421875,0,0.01744048856198787689208984375";
            rotation = {
              0 = xpoint3:"0,0.999274432659149169921875,0";
              1 = xpoint3:"0.039728343486785888671875,0,0.9984843730926513671875";
              2 = xpoint3:"0.998484432697296142578125,0,-0.039002835750579833984375";
            }
            #0 = {
              scale = fixp:"1";
              name = str:"Bip01 Spine";
              translation = xpoint3:"12.04614353179931640625,0.4227697551250457763671875,-0.4795489013195037841796875";
              rotation = {
                0 = xpoint3:"0.98787915706634521484375,-0.1281460821628570556640625,0.08749727904796600341796875";
                1 = xpoint3:"0.1297370493412017822265625,0.9914608001708984375,-0.01270402781665325164794921875";
                2 = xpoint3:"-0.08512042462825775146484375,0.02390981279313564300537109375,0.996080875396728515625";
              }
              #0 = {
                scale = fixp:"1";
                name = str:"Bip01 Spine1";
                translation = xpoint3:"16.576690673828125,-0.01405793987214565277099609375,0.001133121550083160400390625";
                rotation = {
                  0 = xpoint3:"0.967166244983673095703125,0.24159656465053558349609375,0.078567661345005035400390625";
                  1 = xpoint3:"-0.24652941524982452392578125,0.9672195911407470703125,0.06051354110240936279296875";
                  2 = xpoint3:"-0.061359830200672149658203125,-0.07790851593017578125,0.9950668811798095703125";
                }
                #0 = {
                  scale = fixp:"1";
                  name = str:"Bip01 Neck";
                  translation = xpoint3:"18.175891876220703125,-2.42340373992919921875,0";
                  rotation = {
                    0 = xpoint3:"0.983898818492889404296875,-0.17682731151580810546875,-0.02553038857877254486083984375";
                    1 = xpoint3:"0.1780841052532196044921875,0.982132136821746826171875,0.060635291039943695068359375";
                    2 = xpoint3:"0.01434412412345409393310546875,-0.064208142459392547607421875,0.997831881046295166015625";
                  }
                  #0 = {
                    scale = fixp:"1";
                    name = str:"Bip01 Head";
                    translation = xpoint3:"15.7730560302734375,0,0";
                    rotation = {
                      0 = xpoint3:"0.9906499385833740234375,0.0572374351322650909423828125,-0.12378625571727752685546875";
                      1 = xpoint3:"-0.068523995578289031982421875,0.9936797618865966796875,-0.08885817229747772216796875";
                      2 = xpoint3:"0.11791361868381500244140625,0.09651522338390350341796875,0.988313853740692138671875";
                    }
                    #0 = {
                      scale = fixp:"1";
                      name = str:"pt_head";
                      translation = xpoint3:"10.3620090484619140625,0.3610817492008209228515625,0.1481629312038421630859375";
                      rotation = {
                        0 = xpoint3:"-0.01023730449378490447998046875,0.022654034197330474853515625,0.99969089031219482421875";
                        1 = xpoint3:"-0.043019361793994903564453125,-0.998827517032623291015625,0.022193931043148040771484375";
                        2 = xpoint3:"0.9990217685699462890625,-0.042778857052326202392578125,0.01120004244148731231689453125";
                      }
                    }
                    #1 = {
                      scale = fixp:"1";
                      name = str:"shoulder_L";
                      translation = xpoint3:"1.38838756084442138671875,0.18073947727680206298828125,24.999996185302734375";
                      rotation = {
                        0 = xpoint3:"0,0.911259591579437255859375,-0.41183245182037353515625";
                        1 = xpoint3:"0,0.4118324220180511474609375,0.911259591579437255859375";
                        2 = xpoint3:"1,0,0";
                      }
                    }
                    #2 = {
                      scale = fixp:"1";
                      name = str:"shoulder_R";
                      translation = xpoint3:"2.074803829193115234375,-4.778197765350341796875,-24.9999980926513671875";
                      rotation = {
                        0 = xpoint3:"0,0.98804485797882080078125,0.1541657745838165283203125";
                        1 = xpoint3:"0,-0.15416562557220458984375,0.98804485797882080078125";
                        2 = xpoint3:"0.99999988079071044921875,0,0";
                      }
                    }
                  }
                  #1 = {
                    scale = fixp:"1";
                    name = str:"Bip01 L Clavicle";
                    translation = xpoint3:"1.83184397220611572265625,0.010542117059230804443359375,6.3792705535888671875";
                    rotation = {
                      0 = xpoint3:"-0.123834751546382904052734375,-0.1783960163593292236328125,0.975299417972564697265625";
                      1 = xpoint3:"-0.010394804179668426513671875,-0.98195135593414306640625,-0.1810730397701263427734375";
                      2 = xpoint3:"0.991426289081573486328125,-0.0327163040637969970703125,0.121361233294010162353515625";
                    }
                    #0 = {
                      scale = fixp:"1";
                      name = str:"Bip01 L UpperArm";
                      translation = xpoint3:"12.3258819580078125,0,0";
                      rotation = {
                        0 = xpoint3:"0.524043560028076171875,0.09419675171375274658203125,0.84605824947357177734375";
                        1 = xpoint3:"0.469414532184600830078125,0.79729950428009033203125,-0.3790373504161834716796875";
                        2 = xpoint3:"-0.71016728878021240234375,0.595941483974456787109375,0.3736402690410614013671875";
                      }
                      #0 = {
                        scale = fixp:"1";
                        name = str:"Bip01 L Forearm";
                        translation = xpoint3:"31.11153411865234375,0,0";
                        rotation = {
                          0 = xpoint3:"0.9073832035064697265625,0.4201444089412689208984375,0";
                          1 = xpoint3:"-0.4201444089412689208984375,0.9073832035064697265625,0";
                          2 = xpoint3:"0,0,1";
                        }
                        #0 = {
                          scale = fixp:"1";
                          name = str:"Bip01 L Hand";
                          translation = xpoint3:"29.1550731658935546875,0,0";
                          rotation = {
                            0 = xpoint3:"0.8896815776824951171875,-0.44652271270751953125,-0.09446741640567779541015625";
                            1 = xpoint3:"-0.10512554645538330078125,-0.400866210460662841796875,0.90896761417388916015625";
                            2 = xpoint3:"-0.444134294986724853515625,-0.798680782318115234375,-0.403506100177764892578125";
                          }
                          #0 = {
                            scale = fixp:"1";
                            name = str:"Bip01 L Finger0";
                            translation = xpoint3:"9.13045406341552734375,-0.0198086798191070556640625,-4.4262981414794921875";
                            rotation = {
                              0 = xpoint3:"0.349253177642822265625,0.9110305309295654296875,0.217027842998504638671875";
                              1 = xpoint3:"0.37633073329925537109375,0.07653726637363433837890625,-0.92259252071380615234375";
                              2 = xpoint3:"-0.857585489749908447265625,0.4035159647464752197265625,-0.31593048572540283203125";
                            }
                            #0 = {
                              scale = fixp:"1";
                              name = str:"Bip01 L Finger01";
                              translation = xpoint3:"4.780856609344482421875,0,0";
                              rotation = {
                                0 = xpoint3:"0.9785311222076416015625,-0.20602361857891082763671875,0";
                                1 = xpoint3:"0.20602361857891082763671875,0.9785311222076416015625,0";
                                2 = xpoint3:"0,0,1";
                              }
                            }
                          }
                          #1 = {
                            scale = fixp:"1";
                            name = str:"Bip01 L Finger1";
                            translation = xpoint3:"12.84505558013916015625,-0.0143895708024501800537109375,-0.079203508794307708740234375";
                            rotation = {
                              0 = xpoint3:"0.987730443477630615234375,0.13718084990978240966796875,-0.0745131075382232666015625";
                              1 = xpoint3:"-0.119704179465770721435546875,0.971934974193572998046875,0.20241694152355194091796875";
                              2 = xpoint3:"0.10020826756954193115234375,-0.19100557267665863037109375,0.9764430522918701171875";
                            }
                            #0 = {
                              scale = fixp:"1";
                              name = str:"Bip01 L Finger11";
                              translation = xpoint3:"5.308784961700439453125,0,0";
                              rotation = {
                                0 = xpoint3:"0.8979141712188720703125,-0.4400022923946380615234375,0";
                                1 = xpoint3:"0.4400022923946380615234375,0.8979141712188720703125,0";
                                2 = xpoint3:"0,0,1";
                              }
                            }
                          }
                          #2 = {
                            scale = fixp:"1";
                            name = str:"pt_hand";
                            translation = xpoint3:"10.21193790435791015625,5.4789886474609375,0";
                            rotation = {
                              0 = xpoint3:"1,0,0";
                              1 = xpoint3:"0,1,0";
                              2 = xpoint3:"0,0,1";
                            }
                          }
                        }
                      }
                    }
                  }
                  #2 = {
                    scale = fixp:"1";
                    name = str:"Bip01 R Clavicle";
                    translation = xpoint3:"1.64835536479949951171875,0.83198964595794677734375,-6.376692295074462890625";
                    rotation = {
                      0 = xpoint3:"0.086098141968250274658203125,-0.17268167436122894287109375,-0.9805314540863037109375";
                      1 = xpoint3:"-0.15043614804744720458984375,-0.974342405796051025390625,0.158621370792388916015625";
                      2 = xpoint3:"-0.9841899871826171875,0.1340627372264862060546875,-0.108575336635112762451171875";
                    }
                    #0 = {
                      scale = fixp:"1";
                      name = str:"Bip01 R UpperArm";
                      translation = xpoint3:"12.3258819580078125,0,0";
                      rotation = {
                        0 = xpoint3:"0.4856871664524078369140625,0.18424642086029052734375,-0.854057967662811279296875";
                        1 = xpoint3:"0.1276576220989227294921875,0.952103137969970703125,0.2777293622493743896484375";
                        2 = xpoint3:"0.864329397678375244140625,-0.2438920438289642333984375,0.43890464305877685546875";
                      }
                      #0 = {
                        scale = fixp:"1";
                        name = str:"Bip01 R Forearm";
                        translation = xpoint3:"31.11151885986328125,0,0";
                        rotation = {
                          0 = xpoint3:"0.313800334930419921875,0.948964536190032958984375,0";
                          1 = xpoint3:"-0.948964536190032958984375,0.313800334930419921875,0";
                          2 = xpoint3:"0,0,1";
                        }
                        #0 = {
                          scale = fixp:"1";
                          name = str:"Bip01 R Hand";
                          translation = xpoint3:"29.1550750732421875,0,0";
                          rotation = {
                            0 = xpoint3:"0.979238033294677734375,0.016305081546306610107421875,-0.2019825279712677001953125";
                            1 = xpoint3:"-0.1471710205078125,-0.62677562236785888671875,-0.76363098621368408203125";
                            2 = xpoint3:"-0.13929641246795654296875,0.77751255035400390625,-0.61133658885955810546875";
                          }
                          #0 = {
                            scale = fixp:"1";
                            name = str:"Bip01 R Finger0";
                            translation = xpoint3:"8.98716831207275390625,-0.77884185314178466796875,4.461859226226806640625";
                            rotation = {
                              0 = xpoint3:"-0.420390605926513671875,0.724560916423797607421875,-0.544262707233428955078125";
                              1 = xpoint3:"0.763671338558197021484375,0.6075751781463623046875,0.21700017154216766357421875";
                              2 = xpoint3:"0.487869441509246826171875,-0.3244909942150115966796875,-0.8087422847747802734375";
                            }
                            #0 = {
                              scale = fixp:"1";
                              name = str:"Bip01 R Finger01";
                              translation = xpoint3:"4.7808589935302734375,0,0";
                              rotation = {
                                0 = xpoint3:"0.6109335422515869140625,-0.79132521152496337890625,0";
                                1 = xpoint3:"0.79132521152496337890625,0.6109335422515869140625,0";
                                2 = xpoint3:"0,0,1";
                              }
                            }
                          }
                          #1 = {
                            scale = fixp:"1";
                            name = str:"Bip01 R Finger1";
                            translation = xpoint3:"12.8450565338134765625,-0.01438551954925060272216796875,0.07919551432132720947265625";
                            rotation = {
                              0 = xpoint3:"0.69947588443756103515625,-0.675691783428192138671875,-0.2318145334720611572265625";
                              1 = xpoint3:"0.680347979068756103515625,0.729056060314178466796875,-0.0721852779388427734375";
                              2 = xpoint3:"0.2177706062793731689453125,-0.1073529422283172607421875,0.97005558013916015625";
                            }
                            #0 = {
                              scale = fixp:"1";
                              name = str:"Bip01 R Finger11";
                              translation = xpoint3:"5.308790683746337890625,0,0";
                              rotation = {
                                0 = xpoint3:"-0.11586153507232666015625,-0.99244987964630126953125,0";
                                1 = xpoint3:"0.99244987964630126953125,-0.11586153507232666015625,0";
                                2 = xpoint3:"0,0,1";
                              }
                            }
                          }
                          #2 = {
                            scale = fixp:"1";
                            name = str:"bone_staff";
                            translation = xpoint3:"26.390766143798828125,-5.68982410430908203125,-133.88720703125";
                            rotation = {
                              0 = xpoint3:"-0.105697162449359893798828125,0.22504572570323944091796875,0.968598186969757080078125";
                              1 = xpoint3:"0.05772109329700469970703125,-0.9710235595703125,0.2319079935550689697265625";
                              2 = xpoint3:"0.992721617221832275390625,0.080420576035976409912109375,0.089644663035869598388671875";
                            }
                          }
                        }
                      }
                    }
                  }
                }
                #1 = {
                  scale = fixp:"1";
                  name = str:"pt_chest";
                  translation = xpoint3:"15.2994174957275390625,0.95637714862823486328125,0.03952060639858245849609375";
                  rotation = {
                    0 = xpoint3:"0,0.0812637507915496826171875,0.996692717075347900390625";
                    1 = xpoint3:"0,-0.99669277667999267578125,0.0812637507915496826171875";
                    2 = xpoint3:"1.00000011920928955078125,0,0";
                  }
                }
              }
              #1 = {
                scale = fixp:"1";
                name = str:"Bip01 L Thigh";
                translation = xpoint3:"-13.0676822662353515625,1.4382207393646240234375,11.9626312255859375";
                rotation = {
                  0 = xpoint3:"-0.98462474346160888671875,0.144454061985015869140625,-0.082261107861995697021484375";
                  1 = xpoint3:"0.1345150768756866455078125,0.984129726886749267578125,0.115634463727474212646484375";
                  2 = xpoint3:"0.097670651972293853759765625,0.102949805557727813720703125,-0.988421022891998291015625";
                }
                #0 = {
                  scale = fixp:"1";
                  name = str:"Bip01 L Calf";
                  translation = xpoint3:"59.805908203125,0,0";
                  rotation = {
                    0 = xpoint3:"0.957624852657318115234375,0.2879116237163543701171875,0";
                    1 = xpoint3:"-0.2879116237163543701171875,0.957624852657318115234375,0";
                    2 = xpoint3:"0,0,1";
                  }
                  #0 = {
                    scale = fixp:"1";
                    name = str:"Bip01 L Foot";
                    translation = xpoint3:"47.1226348876953125,0,0";
                    rotation = {
                      0 = xpoint3:"0.9695756435394287109375,-0.19261331856250762939453125,-0.15092711150646209716796875";
                      1 = xpoint3:"0.21777190268039703369140625,0.960499942302703857421875,0.17308352887630462646484375";
                      2 = xpoint3:"0.111598752439022064208984375,-0.20070530474185943603515625,0.973254501819610595703125";
                    }
                    #0 = {
                      scale = fixp:"1";
                      name = str:"Bip01 L Toe0";
                      translation = xpoint3:"13.28914546966552734375,18.1218013763427734375,0";
                      rotation = {
                        0 = xpoint3:"-0.01503920368850231170654296875,-0.99909770488739013671875,-0.0102202929556369781494140625";
                        1 = xpoint3:"0.9984524250030517578125,-0.01540926657617092132568359375,0.03717136383056640625";
                        2 = xpoint3:"-0.0373298190534114837646484375,-0.00962545908987522125244140625,0.999256074428558349609375";
                      }
                    }
                    #1 = {
                      scale = fixp:"1";
                      name = str:"pt_footprint01";
                      translation = xpoint3:"13.0288105010986328125,6.4751224517822265625,0.0346068330109119415283203125";
                      rotation = {
                        0 = xpoint3:"1,0,0";
                        1 = xpoint3:"0,1,0";
                        2 = xpoint3:"0,0,1";
                      }
                    }
                    #2 = {
                      scale = fixp:"1";
                      name = str:"pt_foot";
                      translation = xpoint3:"5.582417011260986328125,-0.33758985996246337890625,-0.13439927995204925537109375";
                      rotation = {
                        0 = xpoint3:"1,0,0";
                        1 = xpoint3:"0,1,0";
                        2 = xpoint3:"0,0,1";
                      }
                    }
                  }
                }
              }
              #2 = {
                scale = fixp:"1";
                name = str:"Bip01 R Thigh";
                translation = xpoint3:"-10.923831939697265625,0.835995852947235107421875,-13.10608577728271484375";
                rotation = {
                  0 = xpoint3:"-0.996594905853271484375,0.0574035979807376861572265625,0.024626903235912322998046875";
                  1 = xpoint3:"0.0530173368752002716064453125,0.98697483539581298828125,-0.15182550251483917236328125";
                  2 = xpoint3:"-0.0330275557935237884521484375,-0.15022198855876922607421875,-0.98664081096649169921875";
                }
                #0 = {
                  scale = fixp:"1";
                  name = str:"Bip01 R Calf";
                  translation = xpoint3:"59.80591583251953125,0,0";
                  rotation = {
                    0 = xpoint3:"0.994162976741790771484375,0.107849411666393280029296875,0";
                    1 = xpoint3:"-0.107849411666393280029296875,0.994162976741790771484375,0";
                    2 = xpoint3:"0,0,1";
                  }
                  #0 = {
                    scale = fixp:"1";
                    name = str:"Bip01 R Foot";
                    translation = xpoint3:"47.122638702392578125,0,0";
                    rotation = {
                      0 = xpoint3:"0.989993572235107421875,-0.1407655775547027587890625,-0.0091265775263309478759765625";
                      1 = xpoint3:"0.1362855732440948486328125,0.97118008136749267578125,-0.1954319477081298828125";
                      2 = xpoint3:"0.036393426358699798583984375,0.192230224609375,0.980660498142242431640625";
                    }
                    #0 = {
                      scale = fixp:"1";
                      name = str:"Bip01 R Toe0";
                      translation = xpoint3:"13.28914737701416015625,18.121807098388671875,0";
                      rotation = {
                        0 = xpoint3:"-0.01503920368850231170654296875,-0.99909770488739013671875,0.010220293886959552764892578125";
                        1 = xpoint3:"0.9984524250030517578125,-0.015409265644848346710205078125,-0.0371713526546955108642578125";
                        2 = xpoint3:"0.03732980787754058837890625,0.009625460021197795867919921875,0.999256074428558349609375";
                      }
                    }
                    #1 = {
                      scale = fixp:"1";
                      name = str:"pt_footprint02";
                      translation = xpoint3:"14.045658111572265625,6.47289752960205078125,0.06201171875";
                      rotation = {
                        0 = xpoint3:"1,0,0";
                        1 = xpoint3:"0,1,0";
                        2 = xpoint3:"0,0,1";
                      }
                    }
                    #2 = {
                      scale = fixp:"1";
                      name = str:"pt_foot@#0";
                      translation = xpoint3:"5.58247661590576171875,-0.33749115467071533203125,0.23281942307949066162109375";
                      rotation = {
                        0 = xpoint3:"1,0,0";
                        1 = xpoint3:"0,1,0";
                        2 = xpoint3:"0,0,1";
                      }
                    }
                  }
                }
              }
            }
          }
          #2 = {
            scale = fixp:"1";
            name = str:"pt_center";
            translation = xpoint3:"-0.02429663948714733123779296875,-0.307449519634246826171875,14.23430347442626953125";
            rotation = {
              0 = xpoint3:"0,-0.9994127750396728515625,0.0342667996883392333984375";
              1 = xpoint3:"1,0,0";
              2 = xpoint3:"0,0.0342667996883392333984375,0.999412715435028076171875";
            }
          }
          #3 = {
            scale = fixp:"1";
            name = str:"pt_cast";
            translation = xpoint3:"20.01642608642578125,43.97235107421875,104.24776458740234375";
            rotation = {
              0 = xpoint3:"0,-0.9994127750396728515625,0.0342667996883392333984375";
              1 = xpoint3:"1,0,0";
              2 = xpoint3:"0,0.0342667996883392333984375,0.999412715435028076171875";
            }
          }
          #4 = {
            scale = fixp:"1";
            name = str:"pt_top";
            translation = xpoint3:"1.1423919200897216796875,-3.4019863605499267578125,112.52678680419921875";
            rotation = {
              0 = xpoint3:"0,-0.99941265583038330078125,0.0342704355716705322265625";
              1 = xpoint3:"0.9999687671661376953125,0,0.007921571843326091766357421875";
              2 = xpoint3:"-0.007909693755209445953369140625,0.0342731773853302001953125,0.99938118457794189453125";
            }
          }
        }
        #1 = {
          scale = fixp:"1";
          name = str:"pt_ground";
          translation = xpoint3:"1.672408580780029296875,-13.08620166778564453125,0";
          rotation = {
            0 = xpoint3:"0.999931871891021728515625,-0.00524178706109523773193359375,-0.01043171621859073638916015625";
            1 = xpoint3:"0.00497155450284481048583984375,0.999655663967132568359375,-0.025764383375644683837890625";
            2 = xpoint3:"0.0105631761252880096435546875,0.0257107652723789215087890625,0.99961364269256591796875";
          }
        }
        #2 = {
          scale = fixp:"1";
          name = str:"pt_aim";
          translation = xpoint3:"0,-145.61993408203125,180.4472503662109375";
          rotation = {
            0 = xpoint3:"1,0,0";
            1 = xpoint3:"0,1,0";
            2 = xpoint3:"0,0,1";
          }
        }
      }
      #1 = {
        scale = fixp:"1";
        name = str:"pt_sequence";
        translation = xpoint3:"0,0,0";
        rotation = {
          0 = xpoint3:"1,0,0";
          1 = xpoint3:"0,1,0";
          2 = xpoint3:"0,0,1";
        }
      }
    }
  }
}