model = {
  file = str:"data\models\units\wildbrute\wild_brute.nif";
  animation = {
    loop = fixp:"0";
    duration = fixp:"4";
  }
  #0 = {
    scale = fixp:"1";
    name = str:"ROOT";
    translation = xpoint3:"0,0,0";
    rotation = {
      0 = xpoint3:"1,0,0";
      1 = xpoint3:"0,1,0";
      2 = xpoint3:"0,0,1";
    }
    #1 = {
      scale = fixp:"1";
      name = str:"ROOT NonAccum";
      translation = xpoint3:"0,0,0";
      rotation = {
        0 = xpoint3:"1,0,0";
        1 = xpoint3:"0,1,0";
        2 = xpoint3:"0,0,1";
      }
      #0 = {
        scale = fixp:"1";
        name = str:"IK Chain01";
        translation = xpoint3:"117.28441619873046875,-1.57606494426727294921875,112.2660064697265625";
        rotation = {
          0 = xpoint3:"1,0,0";
          1 = xpoint3:"0,1,0";
          2 = xpoint3:"0,0,1";
        }
      }
      #1 = {
        scale = fixp:"1";
        name = str:"Bip01";
        translation = xpoint3:"11.69973087310791015625,15.4327411651611328125,98.25391387939453125";
        rotation = {
          0 = xpoint3:"-0.29834711551666259765625,0.93527615070343017578125,-0.18537397682666778564453125";
          1 = xpoint3:"-0.9181001186370849609375,-0.3341827094554901123046875,-0.2085138261318206787109375";
          2 = xpoint3:"-0.2572879791259765625,0.107909373939037322998046875,0.960260808467864990234375";
        }
        #0 = {
          scale = fixp:"1";
          name = str:"Bip01 Footsteps";
          translation = xpoint3:"25.65285491943359375,-10.75909328460693359375,-95.6703033447265625";
          rotation = {
            0 = xpoint3:"-0.2992897927761077880859375,-0.9187667369842529296875,-0.25747478008270263671875";
            1 = xpoint3:"0.935955226421356201171875,-0.3351514041423797607421875,0.107987768948078155517578125";
            2 = xpoint3:"-0.18550860881805419921875,-0.2086652219295501708984375,0.960231959819793701171875";
          }
        }
        #1 = {
          scale = fixp:"1";
          name = str:"Bip01 Pelvis";
          translation = xpoint3:"0,0,0";
          rotation = {
            0 = xpoint3:"-0.05931974947452545166015625,0.992720782756805419921875,0.0972075164318084716796875";
            1 = xpoint3:"-0.022653996944427490234375,-0.09799002110958099365234375,0.994128406047821044921875";
            2 = xpoint3:"0.997211456298828125,0.0575323998928070068359375,0.0291627347469329833984375";
          }
          #0 = {
            scale = fixp:"1";
            name = str:"Bip01 Spine";
            translation = xpoint3:"12.50087451934814453125,7.374183177947998046875,1.02110993862152099609375";
            rotation = {
              0 = xpoint3:"0.982654035091400146484375,0.17592753469944000244140625,-0.058440856635570526123046875";
              1 = xpoint3:"-0.16240663826465606689453125,0.968998014926910400390625,0.1860696971416473388671875";
              2 = xpoint3:"0.089386306703090667724609375,-0.1733417212963104248046875,0.9807827472686767578125";
            }
            #0 = {
              scale = fixp:"1";
              name = str:"Bip01 Spine1";
              translation = xpoint3:"18.380405426025390625,-0.01738212443888187408447265625,0.00239594466984272003173828125";
              rotation = {
                0 = xpoint3:"0.97865116596221923828125,-0.1992530524730682373046875,-0.050091229379177093505859375";
                1 = xpoint3:"0.2041080296039581298828125,0.97076320648193359375,0.1261595785617828369140625";
                2 = xpoint3:"0.023469723761081695556640625,-0.13369572162628173828125,0.9907376766204833984375";
              }
              #0 = {
                scale = fixp:"1";
                name = str:"Bip01 Spine2";
                translation = xpoint3:"22.496891021728515625,-0.02647050656378269195556640625,0";
                rotation = {
                  0 = xpoint3:"0.92739260196685791015625,-0.3597316443920135498046875,-0.10213100910186767578125";
                  1 = xpoint3:"0.3565445244312286376953125,0.932964265346527099609375,-0.0485423989593982696533203125";
                  2 = xpoint3:"0.112754523754119873046875,0.0085746087133884429931640625,0.99358117580413818359375";
                }
                #0 = {
                  scale = fixp:"1";
                  name = str:"Bip01 Neck";
                  translation = xpoint3:"35.6317291259765625,-0.0060203834436833858489990234375,-0.0031226114369928836822509765625";
                  rotation = {
                    0 = xpoint3:"0.998929500579833984375,-0.01743240654468536376953125,-0.042829774320125579833984375";
                    1 = xpoint3:"-0.0042748539708554744720458984375,0.88752067089080810546875,-0.4605709612369537353515625";
                    2 = xpoint3:"0.04604350030422210693359375,0.4602607786655426025390625,0.886496067047119140625";
                  }
                  #0 = {
                    scale = fixp:"1";
                    name = str:"Bip01 Head";
                    translation = xpoint3:"8.50795650482177734375,0,0";
                    rotation = {
                      0 = xpoint3:"0.941205322742462158203125,-0.22216801345348358154296875,-0.2543394863605499267578125";
                      1 = xpoint3:"0.19072543084621429443359375,0.971225440502166748046875,-0.142489135265350341796875";
                      2 = xpoint3:"0.2786951959133148193359375,0.085561215877532958984375,0.956527650356292724609375";
                    }
                    #0 = {
                      scale = fixp:"1";
                      name = str:"Bip01 HeadNub";
                      translation = xpoint3:"27.6933917999267578125,0,0";
                      rotation = {
                        0 = xpoint3:"1,0,0";
                        1 = xpoint3:"0,1,0";
                        2 = xpoint3:"0,0,1";
                      }
                    }
                    #1 = {
                      scale = fixp:"1";
                      name = str:"Bone_usta_02";
                      translation = xpoint3:"7.07593441009521484375,-0.7191383838653564453125,-0.0107590295374393463134765625";
                      rotation = {
                        0 = xpoint3:"0.3373951613903045654296875,-0.9413630962371826171875,0";
                        1 = xpoint3:"0.9413630962371826171875,0.3373951613903045654296875,0";
                        2 = xpoint3:"0,0,1";
                      }
                    }
                    #2 = {
                      scale = fixp:"1";
                      name = str:"Bone_usta_01";
                      translation = xpoint3:"7.812447071075439453125,-0.5306079387664794921875,-0.0107775442302227020263671875";
                      rotation = {
                        0 = xpoint3:"0.502037227153778076171875,-0.864846050739288330078125,0";
                        1 = xpoint3:"0.864846050739288330078125,0.502037227153778076171875,0";
                        2 = xpoint3:"0,0,1";
                      }
                    }
                  }
                  #1 = {
                    scale = fixp:"1";
                    name = str:"Bip01 L Clavicle";
                    translation = xpoint3:"0.68990695476531982421875,6.903072357177734375,13.27199554443359375";
                    rotation = {
                      0 = xpoint3:"-0.08719469606876373291015625,0.0090979635715484619140625,0.995357513427734375";
                      1 = xpoint3:"0.56288254261016845703125,-0.822946131229400634765625,0.0572483129799365997314453125";
                      2 = xpoint3:"0.820964336395263671875,0.5657131671905517578125,0.068070836365222930908203125";
                    }
                    #0 = {
                      scale = fixp:"1";
                      name = str:"Bip01 L UpperArm";
                      translation = xpoint3:"31.7900333404541015625,0,0";
                      rotation = {
                        0 = xpoint3:"0.4930835664272308349609375,-0.859027326107025146484375,0.1349257528781890869140625";
                        1 = xpoint3:"0.837060868740081787109375,0.510935485363006591796875,0.1938152015209197998046875";
                        2 = xpoint3:"-0.2355039119720458984375,0.0175273157656192779541015625,0.9716942310333251953125";
                      }
                      #0 = {
                        scale = fixp:"1";
                        name = str:"Bip01 L Forearm";
                        translation = xpoint3:"42.292377471923828125,0,0";
                        rotation = {
                          0 = xpoint3:"0.38997805118560791015625,0.9203433990478515625,0";
                          1 = xpoint3:"-0.9203433990478515625,0.38997805118560791015625,0";
                          2 = xpoint3:"0,0,1";
                        }
                        #0 = {
                          scale = fixp:"1";
                          name = str:"Bip01 L Hand";
                          translation = xpoint3:"35.24335479736328125,0,0";
                          rotation = {
                            0 = xpoint3:"0.533403217792510986328125,-0.6785552501678466796875,-0.504347741603851318359375";
                            1 = xpoint3:"-0.4896415174007415771484375,0.239090383052825927734375,-0.837844073772430419921875";
                            2 = xpoint3:"0.689242422580718994140625,0.693753778934478759765625,-0.2047007381916046142578125";
                          }
                          #0 = {
                            scale = fixp:"1";
                            name = str:"Bip01 L Finger0";
                            translation = xpoint3:"3.526527881622314453125,-3.0303156375885009765625,-7.396882534027099609375";
                            rotation = {
                              0 = xpoint3:"0.259096622467041015625,0.1262387335300445556640625,0.957004547119140625";
                              1 = xpoint3:"0.7803785800933837890625,0.556515514850616455078125,-0.284000217914581298828125";
                              2 = xpoint3:"-0.56815755367279052734375,0.820798814296722412109375,0.0458443202078342437744140625";
                            }
                            #0 = {
                              scale = fixp:"1";
                              name = str:"Bip01 L Finger01";
                              translation = xpoint3:"9.6093692779541015625,0,0";
                              rotation = {
                                0 = xpoint3:"0.960427582263946533203125,-0.2784267961978912353515625,0";
                                1 = xpoint3:"0.2784267961978912353515625,0.960427582263946533203125,0";
                                2 = xpoint3:"0,0,1";
                              }
                              #0 = {
                                scale = fixp:"1";
                                name = str:"Bip01 L Finger0Nub";
                                translation = xpoint3:"11.52016544342041015625,0,0";
                                rotation = {
                                  0 = xpoint3:"1,0,0";
                                  1 = xpoint3:"0,1,0";
                                  2 = xpoint3:"0,0,1";
                                }
                              }
                            }
                          }
                          #1 = {
                            scale = fixp:"1";
                            name = str:"Bip01 L Finger1";
                            translation = xpoint3:"17.1744823455810546875,-1.47106897830963134765625,-8.2578868865966796875";
                            rotation = {
                              0 = xpoint3:"0.4612274467945098876953125,-0.86969959735870361328125,0.1735221445560455322265625";
                              1 = xpoint3:"0.8830511569976806640625,0.46845340728759765625,0";
                              2 = xpoint3:"-0.0819021165370941162109375,0.1529790461063385009765625,0.98481845855712890625";
                            }
                            #0 = {
                              scale = fixp:"1";
                              name = str:"Bip01 L Finger11";
                              translation = xpoint3:"8.08533573150634765625,0,0";
                              rotation = {
                                0 = xpoint3:"0.57598245143890380859375,-0.81708562374114990234375,0";
                                1 = xpoint3:"0.81708562374114990234375,0.57598245143890380859375,0";
                                2 = xpoint3:"0,0,1";
                              }
                              #0 = {
                                scale = fixp:"1";
                                name = str:"Bip01 L Finger1Nub";
                                translation = xpoint3:"7.319103717803955078125,0,0";
                                rotation = {
                                  0 = xpoint3:"1,0,0";
                                  1 = xpoint3:"0,1,0";
                                  2 = xpoint3:"0,0,1";
                                }
                              }
                            }
                          }
                          #2 = {
                            scale = fixp:"1";
                            name = str:"Bip01 L Finger2";
                            translation = xpoint3:"16.414150238037109375,-1.06339657306671142578125,0.426848232746124267578125";
                            rotation = {
                              0 = xpoint3:"0.46833145618438720703125,-0.883116066455841064453125,0";
                              1 = xpoint3:"0.883115828037261962890625,0.4683313071727752685546875,0";
                              2 = xpoint3:"0,0,0.999999701976776123046875";
                            }
                            #0 = {
                              scale = fixp:"1";
                              name = str:"Bip01 L Finger21";
                              translation = xpoint3:"9.46219635009765625,0,0";
                              rotation = {
                                0 = xpoint3:"0.71579706668853759765625,-0.6980130672454833984375,0";
                                1 = xpoint3:"0.6980130672454833984375,0.71579706668853759765625,0";
                                2 = xpoint3:"0,0,1";
                              }
                              #0 = {
                                scale = fixp:"1";
                                name = str:"Bip01 L Finger2Nub";
                                translation = xpoint3:"10.4475765228271484375,0,0";
                                rotation = {
                                  0 = xpoint3:"1,0,0";
                                  1 = xpoint3:"0,1,0";
                                  2 = xpoint3:"0,0,1";
                                }
                              }
                            }
                          }
                          #3 = {
                            scale = fixp:"1";
                            name = str:"Bip01 L Finger3";
                            translation = xpoint3:"17.0817050933837890625,2.8368437290191650390625,8.2153167724609375";
                            rotation = {
                              0 = xpoint3:"0.4670771062374114990234375,-0.877213418483734130859375,-0.10752783715724945068359375";
                              1 = xpoint3:"0.882903277873992919921875,0.46856534481048583984375,0.012535893358290195465087890625";
                              2 = xpoint3:"0.0393376834690570831298828125,-0.10085599124431610107421875,0.994118750095367431640625";
                            }
                            #0 = {
                              scale = fixp:"1";
                              name = str:"Bip01 L Finger31";
                              translation = xpoint3:"6.5227451324462890625,0,0";
                              rotation = {
                                0 = xpoint3:"0.575982570648193359375,-0.8170855045318603515625,0";
                                1 = xpoint3:"0.8170855045318603515625,0.575982570648193359375,0";
                                2 = xpoint3:"0,0,1";
                              }
                              #0 = {
                                scale = fixp:"1";
                                name = str:"Bip01 L Finger3Nub";
                                translation = xpoint3:"7.319097042083740234375,0,0";
                                rotation = {
                                  0 = xpoint3:"1,0,0";
                                  1 = xpoint3:"0,1,0";
                                  2 = xpoint3:"0,0,1";
                                }
                              }
                            }
                          }
                        }
                      }
                    }
                  }
                  #2 = {
                    scale = fixp:"1";
                    name = str:"Bip01 R Clavicle";
                    translation = xpoint3:"-0.689899265766143798828125,-6.88951587677001953125,-13.27199554443359375";
                    rotation = {
                      0 = xpoint3:"-0.12725891172885894775390625,0,-0.991044521331787109375";
                      1 = xpoint3:"-0.38978278636932373046875,-0.918016493320465087890625,0.0503146909177303314208984375";
                      2 = xpoint3:"-0.911174297332763671875,0.393016755580902099609375,0.118405163288116455078125";
                    }
                    #0 = {
                      scale = fixp:"1";
                      name = str:"Bip01 R UpperArm";
                      translation = xpoint3:"31.7900390625,0,0";
                      rotation = {
                        0 = xpoint3:"0.572966396808624267578125,0.748651683330535888671875,-0.332581579685211181640625";
                        1 = xpoint3:"-0.813593089580535888671875,0.4727186858654022216796875,-0.33739912509918212890625";
                        2 = xpoint3:"-0.095687620341777801513671875,0.46399629116058349609375,0.88055551052093505859375";
                      }
                      #0 = {
                        scale = fixp:"1";
                        name = str:"Bip01 R Forearm";
                        translation = xpoint3:"42.2923736572265625,0,0";
                        rotation = {
                          0 = xpoint3:"0.64688313007354736328125,0.762253105640411376953125,0";
                          1 = xpoint3:"-0.762253105640411376953125,0.64688313007354736328125,0";
                          2 = xpoint3:"0,0,1";
                        }
                        #0 = {
                          scale = fixp:"1";
                          name = str:"Bip01 R Hand";
                          translation = xpoint3:"35.2433624267578125,0,0";
                          rotation = {
                            0 = xpoint3:"0.9783618450164794921875,0.114280223846435546875,-0.1723854839801788330078125";
                            1 = xpoint3:"-0.1974100172519683837890625,0.267887115478515625,-0.942445456981658935546875";
                            2 = xpoint3:"-0.0616928748786449432373046875,0.956093132495880126953125,0.28467845916748046875";
                          }
                          #0 = {
                            scale = fixp:"1";
                            name = str:"Bip01 R Finger0";
                            translation = xpoint3:"3.5265290737152099609375,-3.0303080081939697265625,7.39688777923583984375";
                            rotation = {
                              0 = xpoint3:"0.4568282067775726318359375,0.05720436573028564453125,-0.88726961612701416015625";
                              1 = xpoint3:"0.733657419681549072265625,0.539834201335906982421875,0.4118955433368682861328125";
                              2 = xpoint3:"0.5022614002227783203125,-0.839427649974822998046875,0.204794108867645263671875";
                            }
                            #0 = {
                              scale = fixp:"1";
                              name = str:"Bip01 R Finger01";
                              translation = xpoint3:"9.60937213897705078125,0,0";
                              rotation = {
                                0 = xpoint3:"0.858080387115478515625,-0.51331484317779541015625,0";
                                1 = xpoint3:"0.51331484317779541015625,0.858080387115478515625,0";
                                2 = xpoint3:"0,0,1";
                              }
                              #0 = {
                                scale = fixp:"1";
                                name = str:"Bip01 R Finger0Nub";
                                translation = xpoint3:"11.5201663970947265625,0,0";
                                rotation = {
                                  0 = xpoint3:"-0.9985487461090087890625,0,0";
                                  1 = xpoint3:"0,-0.9985487461090087890625,0";
                                  2 = xpoint3:"0,0,1";
                                }
                              }
                            }
                          }
                          #1 = {
                            scale = fixp:"1";
                            name = str:"Bip01 R Finger1";
                            translation = xpoint3:"17.1744861602783203125,-1.47106647491455078125,8.2578792572021484375";
                            rotation = {
                              0 = xpoint3:"0.81547677516937255859375,-0.552634775638580322265625,-0.17124418914318084716796875";
                              1 = xpoint3:"0.555659711360931396484375,0.830555260181427001953125,-0.034268550574779510498046875";
                              2 = xpoint3:"0.16115842759609222412109375,-0.067281983792781829833984375,0.984621107578277587890625";
                            }
                            #0 = {
                              scale = fixp:"1";
                              name = str:"Bip01 R Finger11";
                              translation = xpoint3:"8.08533763885498046875,0,0";
                              rotation = {
                                0 = xpoint3:"0.279058635234832763671875,-0.959729135036468505859375,0";
                                1 = xpoint3:"0.959729135036468505859375,0.279058635234832763671875,0";
                                2 = xpoint3:"0,0,1";
                              }
                              #0 = {
                                scale = fixp:"1";
                                name = str:"Bip01 R Finger1Nub";
                                translation = xpoint3:"7.31911373138427734375,0,0";
                                rotation = {
                                  0 = xpoint3:"-0.9985487461090087890625,0,0";
                                  1 = xpoint3:"0,-0.9985487461090087890625,0";
                                  2 = xpoint3:"0,0,1";
                                }
                              }
                            }
                          }
                          #2 = {
                            scale = fixp:"1";
                            name = str:"Bip01 R Finger2";
                            translation = xpoint3:"16.4141521453857421875,-1.06338989734649658203125,-0.426848232746124267578125";
                            rotation = {
                              0 = xpoint3:"0.56389653682708740234375,-0.8190567493438720703125,0.10263474285602569580078125";
                              1 = xpoint3:"0.82097804546356201171875,0.56942379474639892578125,0.0335670746862888336181640625";
                              2 = xpoint3:"-0.0859238803386688232421875,0.0654043257236480712890625,0.994148313999176025390625";
                            }
                            #0 = {
                              scale = fixp:"1";
                              name = str:"Bip01 R Finger21";
                              translation = xpoint3:"9.462177276611328125,0,0";
                              rotation = {
                                0 = xpoint3:"0.19044084846973419189453125,-0.981100142002105712890625,0";
                                1 = xpoint3:"0.981100142002105712890625,0.19044084846973419189453125,0";
                                2 = xpoint3:"0,0,1";
                              }
                              #0 = {
                                scale = fixp:"1";
                                name = str:"Bip01 R Finger2Nub";
                                translation = xpoint3:"10.44757938385009765625,0,0";
                                rotation = {
                                  0 = xpoint3:"-0.9985487461090087890625,0,0";
                                  1 = xpoint3:"0,-0.9985487461090087890625,0";
                                  2 = xpoint3:"0,0,1";
                                }
                              }
                            }
                          }
                          #3 = {
                            scale = fixp:"1";
                            name = str:"Bip01 R Finger3";
                            translation = xpoint3:"17.0817165374755859375,2.836845874786376953125,-8.21532154083251953125";
                            rotation = {
                              0 = xpoint3:"0.67271411418914794921875,-0.69036448001861572265625,0.2652878463268280029296875";
                              1 = xpoint3:"0.71139371395111083984375,0.70210254192352294921875,0.02320991270244121551513671875";
                              2 = xpoint3:"-0.202236831188201904296875,0.17325301468372344970703125,0.9638626575469970703125";
                            }
                            #0 = {
                              scale = fixp:"1";
                              name = str:"Bip01 R Finger31";
                              translation = xpoint3:"6.5227508544921875,0,0";
                              rotation = {
                                0 = xpoint3:"0.62847197055816650390625,-0.7774856090545654296875,0";
                                1 = xpoint3:"0.7774856090545654296875,0.62847197055816650390625,0";
                                2 = xpoint3:"0,0,1";
                              }
                              #0 = {
                                scale = fixp:"1";
                                name = str:"Bip01 R Finger3Nub";
                                translation = xpoint3:"7.319100856781005859375,0,0";
                                rotation = {
                                  0 = xpoint3:"-0.9985487461090087890625,0,0";
                                  1 = xpoint3:"0,-0.9985487461090087890625,0";
                                  2 = xpoint3:"0,0,1";
                                }
                              }
                            }
                          }
                        }
                      }
                    }
                  }
                }
              }
              #1 = {
                scale = fixp:"1";
                name = str:"Pivot_gun";
                translation = xpoint3:"5.998912334442138671875,68.91692352294921875,-7.844838619232177734375";
                rotation = {
                  0 = xpoint3:"0.2282769680023193359375,0.97180426120758056640625,-0.059043407440185546875";
                  1 = xpoint3:"-0.0535769164562225341796875,0.07309161126613616943359375,0.995885193347930908203125";
                  2 = xpoint3:"0.9721210002899169921875,-0.2241743505001068115234375,0.06875135004520416259765625";
                }
                #0 = {
                  scale = fixp:"1";
                  name = str:"Bone_Gun";
                  translation = xpoint3:"0,0,0";
                  rotation = {
                    0 = xpoint3:"1,0,0";
                    1 = xpoint3:"0,1,0";
                    2 = xpoint3:"0,0,1";
                  }
                  #0 = {
                    scale = fixp:"1";
                    name = str:"gun_fire";
                    translation = xpoint3:"162.599090576171875,1.907021999359130859375,0.868209660053253173828125";
                    rotation = {
                      0 = xpoint3:"0.032544203102588653564453125,-0.999470233917236328125,0";
                      1 = xpoint3:"0,0,0.999999701976776123046875";
                      2 = xpoint3:"-0.99947011470794677734375,-0.0325439386069774627685546875,0";
                    }
                  }
                }
                #1 = {
                  scale = fixp:"1";
                  name = str:"IK Chain02";
                  translation = xpoint3:"-110.31793975830078125,-11.65855884552001953125,-73.4384765625";
                  rotation = {
                    0 = xpoint3:"0.718795955181121826171875,-0.61611711978912353515625,0.321440517902374267578125";
                    1 = xpoint3:"-0.0492092072963714599609375,0.416700780391693115234375,0.907244384288787841796875";
                    2 = xpoint3:"-0.693183004856109619140625,-0.667767703533172607421875,0.26930129528045654296875";
                  }
                }
              }
              #2 = {
                scale = fixp:"1";
                name = str:"Bip01 R UpperArm01";
                translation = xpoint3:"10.67658138275146484375,-3.8753559589385986328125,-48.810695648193359375";
                rotation = {
                  0 = xpoint3:"-0.529429376125335693359375,-0.22270353138446807861328125,-0.817244231700897216796875";
                  1 = xpoint3:"-0.04671438038349151611328125,-0.95423793792724609375,0.2905369102954864501953125";
                  2 = xpoint3:"-0.845755755901336669921875,0.19234621524810791015625,0.4969609081745147705078125";
                }
                #0 = {
                  scale = fixp:"1";
                  name = str:"Bip01 R Forearm01";
                  translation = xpoint3:"42.29236602783203125,0,0";
                  rotation = {
                    0 = xpoint3:"0.96380341053009033203125,0.26611125469207763671875,0.0146724395453929901123046875";
                    1 = xpoint3:"-0.25582706928253173828125,0.939201295375823974609375,-0.22883437573909759521484375";
                    2 = xpoint3:"-0.0747193396091461181640625,0.21678899228572845458984375,0.97333490848541259765625";
                  }
                  #0 = {
                    scale = fixp:"1";
                    name = str:"Bip01 R Hand01";
                    translation = xpoint3:"36.55266571044921875,-0.13223744928836822509765625,0.15563486516475677490234375";
                    rotation = {
                      0 = xpoint3:"0.95322895050048828125,0.28390789031982421875,0.103358589112758636474609375";
                      1 = xpoint3:"0.29585731029510498046875,-0.8063752651214599609375,-0.509515821933746337890625";
                      2 = xpoint3:"-0.061279214918613433837890625,0.516269505023956298828125,-0.8526561260223388671875";
                    }
                    #0 = {
                      scale = fixp:"1";
                      name = str:"Bip01 R Finger04";
                      translation = xpoint3:"6.754430294036865234375,-3.511603832244873046875,8.63775539398193359375";
                      rotation = {
                        0 = xpoint3:"0.0520089529454708099365234375,0.5074961185455322265625,-0.860083043575286865234375";
                        1 = xpoint3:"-0.0099017322063446044921875,0.86146831512451171875,0.507714748382568359375";
                        2 = xpoint3:"0.998597562313079833984375,-0.01788943074643611907958984375,0.049829147756099700927734375";
                      }
                      #0 = {
                        scale = fixp:"1";
                        name = str:"Bip01 R Finger05";
                        translation = xpoint3:"9.60936450958251953125,0,0";
                        rotation = {
                          0 = xpoint3:"0.962512969970703125,-0.258808076381683349609375,-0.0811610519886016845703125";
                          1 = xpoint3:"0.25096261501312255859375,0.963276684284210205078125,-0.0954767763614654541015625";
                          2 = xpoint3:"0.10289071500301361083984375,0.07152925431728363037109375,0.992117464542388916015625";
                        }
                      }
                    }
                    #1 = {
                      scale = fixp:"1";
                      name = str:"Bip01 R Finger06";
                      translation = xpoint3:"18.9654598236083984375,-1.921961307525634765625,8.70444393157958984375";
                      rotation = {
                        0 = xpoint3:"0.8988811969757080078125,-0.3612534105777740478515625,-0.2480092942714691162109375";
                        1 = xpoint3:"0.3543778955936431884765625,0.9322116374969482421875,-0.073469169437885284423828125";
                        2 = xpoint3:"0.2577381432056427001953125,-0.02184895612299442291259765625,0.965967714786529541015625";
                      }
                      #0 = {
                        scale = fixp:"1";
                        name = str:"Bip01 R Finger07";
                        translation = xpoint3:"8.08533763885498046875,0,0";
                        rotation = {
                          0 = xpoint3:"0.99787008762359619140625,0.0652275383472442626953125,0";
                          1 = xpoint3:"-0.06523232161998748779296875,0.99779689311981201171875,-0.012086619623005390167236328125";
                          2 = xpoint3:"0,0.012112407945096492767333984375,0.999926626682281494140625";
                        }
                      }
                    }
                    #2 = {
                      scale = fixp:"1";
                      name = str:"Bip01 R Finger08";
                      translation = xpoint3:"18.2051372528076171875,-1.51427328586578369140625,0.0197363458573818206787109375";
                      rotation = {
                        0 = xpoint3:"0.985003948211669921875,-0.167765140533447265625,-0.0402746759355068206787109375";
                        1 = xpoint3:"0.165470659732818603515625,0.9846904277801513671875,-0.0548103153705596923828125";
                        2 = xpoint3:"0.0488533489406108856201171875,0.047324098646640777587890625,0.997684180736541748046875";
                      }
                      #0 = {
                        scale = fixp:"1";
                        name = str:"Bip01 R Finger09";
                        translation = xpoint3:"9.46220302581787109375,0,0";
                        rotation = {
                          0 = xpoint3:"0.98512423038482666015625,-0.17184127867221832275390625,0";
                          1 = xpoint3:"0.17179952561855316162109375,0.98497688770294189453125,-0.01747795008122920989990234375";
                          2 = xpoint3:"0.0038946382701396942138671875,0.01706250943243503570556640625,0.99984681606292724609375";
                        }
                      }
                    }
                    #3 = {
                      scale = fixp:"1";
                      name = str:"Bip01 R Finger10";
                      translation = xpoint3:"18.51561737060546875,2.4287297725677490234375,-9.55910491943359375";
                      rotation = {
                        0 = xpoint3:"0.953216850757598876953125,-0.3007106482982635498046875,0.03083444200456142425537109375";
                        1 = xpoint3:"0.3022650778293609619140625,0.94941341876983642578125,-0.08514668047428131103515625";
                        2 = xpoint3:"-0.00367012061178684234619140625,0.0904834270477294921875,0.99589121341705322265625";
                      }
                      #0 = {
                        scale = fixp:"1";
                        name = str:"Bip01 R Finger12";
                        translation = xpoint3:"6.52274036407470703125,0,0";
                        rotation = {
                          0 = xpoint3:"0.999989986419677734375,-0.004473001696169376373291015625,0";
                          1 = xpoint3:"0.004473331384360790252685546875,0.999916613101959228515625,-0.012112800963222980499267578125";
                          2 = xpoint3:"0,0.012112922035157680511474609375,0.999926626682281494140625";
                        }
                      }
                    }
                  }
                }
              }
              #3 = {
                scale = fixp:"1";
                name = str:"Bip01 L UpperArm01";
                translation = xpoint3:"9.9003314971923828125,-4.692788600921630859375,50.60370635986328125";
                rotation = {
                  0 = xpoint3:"-0.4772412478923797607421875,0.3229124546051025390625,0.8159806728363037109375";
                  1 = xpoint3:"-0.74594402313232421875,-0.638199329376220703125,-0.184097111225128173828125";
                  2 = xpoint3:"0.4622385501861572265625,-0.697174131870269775390625,0.547381818294525146484375";
                }
                #0 = {
                  scale = fixp:"1";
                  name = str:"Bip01 L Forearm01";
                  translation = xpoint3:"42.292377471923828125,0,0";
                  rotation = {
                    0 = xpoint3:"1,0,0";
                    1 = xpoint3:"0,1,0";
                    2 = xpoint3:"0,0,1";
                  }
                  #0 = {
                    scale = fixp:"1";
                    name = str:"Bip01 L Hand01";
                    translation = xpoint3:"35.2433624267578125,0,0";
                    rotation = {
                      0 = xpoint3:"0.945062696933746337890625,0.3146505653858184814453125,0.088157616555690765380859375";
                      1 = xpoint3:"0.3043267428874969482421875,-0.9443304538726806640625,0.1131537258625030517578125";
                      2 = xpoint3:"0.119004108011722564697265625,-0.0800846517086029052734375,-0.98820006847381591796875";
                    }
                    #0 = {
                      scale = fixp:"1";
                      name = str:"Bip01 L Finger05";
                      translation = xpoint3:"4.6678333282470703125,-3.32581329345703125,-10.8103389739990234375";
                      rotation = {
                        0 = xpoint3:"0.351367652416229248046875,0.0434680283069610595703125,0.93522799015045166015625";
                        1 = xpoint3:"0,0.998926699161529541015625,-0.046318233013153076171875";
                        2 = xpoint3:"-0.9362375736236572265625,0.01599986292421817779541015625,0.3510033190250396728515625";
                      }
                      #0 = {
                        scale = fixp:"1";
                        name = str:"Bip01 L Finger06";
                        translation = xpoint3:"9.60936737060546875,0,0";
                        rotation = {
                          0 = xpoint3:"0.97519648075103759765625,-0.20673000812530517578125,0.07908581197261810302734375";
                          1 = xpoint3:"0.1790560185909271240234375,0.946864187717437744140625,0.26718366146087646484375";
                          2 = xpoint3:"-0.1301183998584747314453125,-0.246395766735076904296875,0.96039485931396484375";
                        }
                      }
                    }
                    #1 = {
                      scale = fixp:"1";
                      name = str:"Bip01 L Finger07";
                      translation = xpoint3:"17.9809932708740234375,-1.766414165496826171875,-9.99256420135498046875";
                      rotation = {
                        0 = xpoint3:"0.9573729038238525390625,-0.2699311077594757080078125,0.102831296622753143310546875";
                        1 = xpoint3:"0.2512497603893280029296875,0.9538228511810302734375,0.16460703313350677490234375";
                        2 = xpoint3:"-0.14251540601253509521484375,-0.13175396621227264404296875,0.98098433017730712890625";
                      }
                      #0 = {
                        scale = fixp:"1";
                        name = str:"Bip01 L Finger04";
                        translation = xpoint3:"8.0853595733642578125,0,0";
                        rotation = {
