model = {
  file = str:"data\models\units\commander\commander.nif";
  animation = {
    loop = fixp:"0";
    duration = fixp:"27";
  }
  #0 = {
    scale = fixp:"1";
    name = str:"commander";
    translation = xpoint3:"0,5.2893276214599609375,108.42569732666015625";
    rotation = {
      0 = xpoint3:"1,0,0";
      1 = xpoint3:"0,1,0";
      2 = xpoint3:"0,0,1";
    }
  }
  #1 = {
    scale = fixp:"1";
    name = str:"ROOT";
    translation = xpoint3:"0,0,15.10699748992919921875";
    rotation = {
      0 = xpoint3:"1,0,0";
      1 = xpoint3:"0,1,0";
      2 = xpoint3:"0,0,1";
    }
    #1 = {
      scale = fixp:"1";
      name = str:"ROOT NonAccum";
      translation = xpoint3:"0,0,0";
      rotation = {
        0 = xpoint3:"1,0,0";
        1 = xpoint3:"0,1,0";
        2 = xpoint3:"0,0,1";
      }
      #0 = {
        scale = fixp:"1";
        name = str:"Bip01";
        translation = xpoint3:"0,-6.205902099609375,97.46236419677734375";
        rotation = {
          0 = xpoint3:"0.981707394123077392578125,0.1903958022594451904296875,0";
          1 = xpoint3:"-0.1903958022594451904296875,0.981707394123077392578125,0";
          2 = xpoint3:"0,0,1";
        }
        #0 = {
          scale = fixp:"1";
          name = str:"L_Leg1";
          translation = xpoint3:"16.32765960693359375,1.664852142333984375,-0.4816593229770660400390625";
          rotation = {
            0 = xpoint3:"0.2318269908428192138671875,0.9645006656646728515625,0.1219833195209503173828125";
            1 = xpoint3:"-0.43527376651763916015625,0.2154916226863861083984375,-0.8734767436981201171875";
            2 = xpoint3:"-0.869297504425048828125,0.1488735675811767578125,0.470521032810211181640625";
          }
          #0 = {
            scale = fixp:"1";
            name = str:"L_Leg2";
            translation = xpoint3:"55.460460662841796875,0,0";
            rotation = {
              0 = xpoint3:"0.695462644100189208984375,0.02210134454071521759033203125,0.717914581298828125";
              1 = xpoint3:"-0.01732497103512287139892578125,0.999751865863800048828125,-0.013989859260618686676025390625";
              2 = xpoint3:"-0.718045711517333984375,-0.002720548771321773529052734375,0.69567334651947021484375";
            }
            #0 = {
              scale = fixp:"1";
              name = str:"L_Foot";
              translation = xpoint3:"60.177398681640625,0,0";
              rotation = {
                0 = xpoint3:"-0.2997726500034332275390625,0.03771705925464630126953125,-0.952274799346923828125";
                1 = xpoint3:"0.01192309148609638214111328125,0.999287784099578857421875,0.0357879437506198883056640625";
                2 = xpoint3:"0.9529469013214111328125,0,-0.300008475780487060546875";
              }
            }
          }
        }
        #1 = {
          scale = fixp:"1";
          name = str:"R_Leg1";
          translation = xpoint3:"-16.32765960693359375,1.66485249996185302734375,-0.4816593229770660400390625";
          rotation = {
            0 = xpoint3:"-0.217613875865936279296875,0.972404003143310546875,0.0728550255298614501953125";
            1 = xpoint3:"0.0717891752719879150390625,0.0912111699581146240234375,-0.99257647991180419921875";
            2 = xpoint3:"-0.97248327732086181640625,-0.2116419374942779541015625,-0.0889041125774383544921875";
          }
          #0 = {
            scale = fixp:"1";
            name = str:"R_Leg2";
            translation = xpoint3:"55.460475921630859375,0,0";
            rotation = {
              0 = xpoint3:"0.9064581394195556640625,-0.065595529973506927490234375,0.4170073568820953369140625";
              1 = xpoint3:"0.0563880018889904022216796875,0.997815608978271484375,0.034369178116321563720703125";
              2 = xpoint3:"-0.4183518588542938232421875,-0.00762060098350048065185546875,0.908179700374603271484375";
            }
            #0 = {
              scale = fixp:"1";
              name = str:"L_Foot@#0";
              translation = xpoint3:"60.177410125732421875,0,0";
              rotation = {
                0 = xpoint3:"-0.5072500705718994140625,-0.034060738980770111083984375,-0.859854638576507568359375";
                1 = xpoint3:"-0.0181989111006259918212890625,0.99941885471343994140625,-0.02880908735096454620361328125";
                2 = xpoint3:"0.860336482524871826171875,0.00101483799517154693603515625,-0.507574975490570068359375";
              }
            }
          }
        }
        #2 = {
          scale = fixp:"1";
          name = str:"SPINE1";
          translation = xpoint3:"0,8.04263591766357421875,-5.308884143829345703125";
          rotation = {
            0 = xpoint3:"0,-1,0";
            1 = xpoint3:"0.2588188946247100830078125,0,-0.96592581272125244140625";
            2 = xpoint3:"0.96592581272125244140625,0,0.2588189542293548583984375";
          }
          #0 = {
            scale = fixp:"1";
            name = str:"SPINE2";
            translation = xpoint3:"41.99083709716796875,0,0";
            rotation = {
              0 = xpoint3:"0.987378418445587158203125,0,-0.158378124237060546875";
              1 = xpoint3:"0,0.99999582767486572265625,0.0028843595646321773529052734375";
              2 = xpoint3:"0.158378779888153076171875,-0.00284797884523868560791015625,0.98737430572509765625";
            }
            #0 = {
              scale = fixp:"1";
              name = str:"NECK";
              translation = xpoint3:"36.177104949951171875,0,0";
              rotation = {
                0 = xpoint3:"0,0.00892865657806396484375,-0.9999601840972900390625";
                1 = xpoint3:"0,0.999960124492645263671875,0.00892865657806396484375";
                2 = xpoint3:"1,0,0";
              }
              #0 = {
                scale = fixp:"1";
                name = str:"HEAD";
                translation = xpoint3:"22.93277740478515625,0,0";
                rotation = {
                  0 = xpoint3:"0.951034724712371826171875,0.09650789201259613037109375,0.29363095760345458984375";
                  1 = xpoint3:"-0.08894814550876617431640625,0.995271503925323486328125,-0.03902442753314971923828125";
                  2 = xpoint3:"-0.29600870609283447265625,0.010995655320584774017333984375,0.955121934413909912109375";
                }
                #0 = {
                  scale = fixp:"1";
                  name = str:"pt_head";
                  translation = xpoint3:"0,0,0";
                  rotation = {
                    0 = xpoint3:"-0.002886213362216949462890625,-0.90629398822784423828125,0.422637760639190673828125";
                    1 = xpoint3:"-0.9999558925628662109375,0.006389521062374114990234375,0.0068724453449249267578125";
                    2 = xpoint3:"-0.0089288651943206787109375,-0.422599315643310546875,-0.906272470951080322265625";
                  }
                }
                #1 = {
                  scale = fixp:"1";
                  name = str:"pt_cast";
                  translation = xpoint3:"79.43994140625,-9.3883342742919921875,51.253711700439453125";
                  rotation = {
                    0 = xpoint3:"-0.0871849954128265380859375,-0.9161579608917236328125,0.3912203609943389892578125";
                    1 = xpoint3:"-0.9951670169830322265625,0.0979093015193939208984375,0.00750672817230224609375";
                    2 = xpoint3:"-0.0451814830303192138671875,-0.3886751234531402587890625,-0.920266449451446533203125";
                  }
                }
              }
              #1 = {
                scale = fixp:"1";
                name = str:"R_Clav";
                translation = xpoint3:"22.932781219482421875,0,0";
                rotation = {
                  0 = xpoint3:"-0.15174973011016845703125,-0.93042743206024169921875,0.331066906452178955078125";
                  1 = xpoint3:"0.98757135868072509765625,-0.14230944216251373291015625,0.05284900963306427001953125";
                  2 = xpoint3:"-0.00181929767131805419921875,0.33525359630584716796875,0.94208157062530517578125";
                }
                #0 = {
                  scale = fixp:"1";
                  name = str:"R_Arm";
                  translation = xpoint3:"46.380489349365234375,0,0";
                  rotation = {
                    0 = xpoint3:"0.180362403392791748046875,-0.7063024044036865234375,-0.683678925037384033203125";
                    1 = xpoint3:"0.054322421550750732421875,0.701797425746917724609375,-0.709997653961181640625";
                    2 = xpoint3:"0.981493294239044189453125,0.0904683172702789306640625,0.16515125334262847900390625";
                  }
                  #0 = {
                    scale = fixp:"1";
                    name = str:"R_Arm1";
                    translation = xpoint3:"39.360187530517578125,0,0";
                    rotation = {
                      0 = xpoint3:"0.4366533458232879638671875,-0.2319101989269256591796875,-0.868754327297210693359375";
                      1 = xpoint3:"0.215124189853668212890625,0.965053141117095947265625,-0.14947699010372161865234375";
                      2 = xpoint3:"0.873062431812286376953125,-0.12181727588176727294921875,0.471333682537078857421875";
                    }
                    #0 = {
                      scale = fixp:"1";
                      name = str:"R_Wrist";
                      translation = xpoint3:"32.6716156005859375,0.6195223331451416015625,-0.2782332003116607666015625";
                      rotation = {
                        0 = xpoint3:"-0.84505903720855712890625,-0.12750785052776336669921875,-0.516662299633026123046875";
                        1 = xpoint3:"0.48667728900909423828125,0.20785431563854217529296875,-0.8478162288665771484375";
                        2 = xpoint3:"0.21527506411075592041015625,-0.96922075748443603515625,-0.112487860023975372314453125";
                      }
                      #0 = {
                        scale = fixp:"1";
                        name = str:"R_F1";
                        translation = xpoint3:"-0.16938282549381256103515625,-6.71160221099853515625,-13.78106212615966796875";
                        rotation = {
                          0 = xpoint3:"0.9946057796478271484375,-0.07336604595184326171875,0.073326446115970611572265625";
                          1 = xpoint3:"0.035807706415653228759765625,0.906307756900787353515625,0.421098649501800537109375";
                          2 = xpoint3:"-0.097350664436817169189453125,-0.41620147228240966796875,0.904045999050140380859375";
                        }
                        #0 = {
                          scale = fixp:"1";
                          name = str:"R_F12";
                          translation = xpoint3:"0,0,-5.54923343658447265625";
                          rotation = {
                            0 = xpoint3:"0.666249096393585205078125,0,-0.745729267597198486328125";
                            1 = xpoint3:"0,1,0";
                            2 = xpoint3:"0.745729267597198486328125,0,0.666249096393585205078125";
                          }
                        }
                      }
                      #1 = {
                        scale = fixp:"1";
                        name = str:"R_F2";
                        translation = xpoint3:"-0.857982695102691650390625,1.48433005809783935546875,-13.413806915283203125";
                        rotation = {
                          0 = xpoint3:"0.774331629276275634765625,0,-0.63277995586395263671875";
                          1 = xpoint3:"0,1,0";
                          2 = xpoint3:"0.63277995586395263671875,0,0.774331629276275634765625";
                        }
                        #0 = {
                          scale = fixp:"1";
                          name = str:"R_F22";
                          translation = xpoint3:"0,0,-7.58789920806884765625";
                          rotation = {
                            0 = xpoint3:"0.508615553379058837890625,0,-0.86099374294281005859375";
                            1 = xpoint3:"0,1,0";
                            2 = xpoint3:"0.86099374294281005859375,0,0.508615553379058837890625";
                          }
                        }
                      }
                      #2 = {
                        scale = fixp:"1";
                        name = str:"R_T1";
                        translation = xpoint3:"2.4825060367584228515625,-8.32126903533935546875,-3.0166351795196533203125";
                        rotation = {
                          0 = xpoint3:"0.536191880702972412109375,-0.337727844715118408203125,-0.77358782291412353515625";
                          1 = xpoint3:"0.729682385921478271484375,0.64617407321929931640625,0.22365756332874298095703125";
                          2 = xpoint3:"0.4243369996547698974609375,-0.684396803379058837890625,0.592907369136810302734375";
                        }
                        #0 = {
                          scale = fixp:"1";
                          name = str:"R_T02";
                          translation = xpoint3:"0,0,-6.106464862823486328125";
                          rotation = {
                            0 = xpoint3:"1,0,0";
                            1 = xpoint3:"0,0.74944293498992919921875,-0.662068903446197509765625";
                            2 = xpoint3:"0,0.662068903446197509765625,0.74944293498992919921875";
                          }
                        }
                      }
                      #3 = {
                        scale = fixp:"1";
                        name = str:"bone_gun";
                        translation = xpoint3:"6.92938899993896484375,-5.0697765350341796875,-6.7425079345703125";
                        rotation = {
                          0 = xpoint3:"-0.0501768290996551513671875,0.185810148715972900390625,-0.981303751468658447265625";
                          1 = xpoint3:"-0.3731997013092041015625,-0.914855897426605224609375,-0.15414549410343170166015625";
                          2 = xpoint3:"-0.926393210887908935546875,0.35848772525787353515625,0.1152487695217132568359375";
                        }
                        #0 = {
                          scale = fixp:"1";
                          name = str:"bge";
                          translation = xpoint3:"122.37751007080078125,0,0";
                          rotation = {
                            0 = xpoint3:"1,0,0";
                            1 = xpoint3:"0,1,0";
                            2 = xpoint3:"0,0,1";
                          }
                          #0 = {
                            scale = fixp:"1";
                            name = str:"pt_aim";
                            translation = xpoint3:"-122.37752532958984375,0,0";
                            rotation = {
                              0 = xpoint3:"0,-0.999999940395355224609375,0";
                              1 = xpoint3:"0.999999940395355224609375,0,0";
                              2 = xpoint3:"0,0,1";
                            }
                            #0 = {
                              scale = fixp:"1";
                              name = str:"pt_shoot_1";
                              translation = xpoint3:"-0.18569095432758331298828125,-122.71939849853515625,0";
                              rotation = {
                                0 = xpoint3:"1,0,0";
                                1 = xpoint3:"0,1,0";
                                2 = xpoint3:"0,0,1";
                              }
                            }
                          }
                        }
                      }
                    }
                  }
                }
                #1 = {
                  scale = fixp:"1";
                  name = str:"R_Shoulder";
                  translation = xpoint3:"47.691074371337890625,-0.23430444300174713134765625,-0.3563834130764007568359375";
                  rotation = {
                    0 = xpoint3:"-0.940491020679473876953125,-0.18858851492404937744140625,-0.282685756683349609375";
                    1 = xpoint3:"0.3026451766490936279296875,-0.08653248846530914306640625,-0.949167072772979736328125";
                    2 = xpoint3:"0.1545405089855194091796875,-0.978236496448516845703125,0.13845829665660858154296875";
                  }
                }
              }
              #2 = {
                scale = fixp:"1";
                name = str:"L_Clav";
                translation = xpoint3:"22.93277740478515625,0,0";
                rotation = {
                  0 = xpoint3:"-0.515330851078033447265625,0.80540335178375244140625,0.2890684604644775390625";
                  1 = xpoint3:"-0.8555200099945068359375,-0.477824389934539794921875,-0.1939709484577178955078125";
                  2 = xpoint3:"-0.01790411770343780517578125,-0.3476561009883880615234375,0.9374027252197265625";
                }
                #0 = {
                  scale = fixp:"1";
                  name = str:"L_Arm";
                  translation = xpoint3:"46.503536224365234375,0,0";
                  rotation = {
                    0 = xpoint3:"0.048965513706207275390625,0.8974220752716064453125,-0.4368706047534942626953125";
                    1 = xpoint3:"-0.2366618812084197998046875,0.4359175264835357666015625,0.867841303348541259765625";
                    2 = xpoint3:"0.96964609622955322265625,0.061570644378662109375,0.2342742383480072021484375";
                  }
                  #0 = {
                    scale = fixp:"1";
                    name = str:"L_Arm1";
                    translation = xpoint3:"39.360202789306640625,0,0";
                    rotation = {
                      0 = xpoint3:"0.312238872051239013671875,0.13440485298633575439453125,-0.939917147159576416015625";
                      1 = xpoint3:"-0.12818430364131927490234375,0.986834466457366943359375,0.098526440560817718505859375";
                      2 = xpoint3:"0.940785706043243408203125,0.089855514466762542724609375,0.3253757655620574951171875";
                    }
                    #0 = {
                      scale = fixp:"1";
                      name = str:"L_Wrist";
                      translation = xpoint3:"32.696544647216796875,0.1222181022167205810546875,-0.27822172641754150390625";
                      rotation = {
                        0 = xpoint3:"0.1500569880008697509765625,-0.13853536546230316162109375,-0.978293120861053466796875";
                        1 = xpoint3:"-0.111194558441638946533203125,-0.9847486019134521484375,0.1225790083408355712890625";
                        2 = xpoint3:"-0.981776535511016845703125,0.09054167568683624267578125,-0.1619590222835540771484375";
                      }
                      #0 = {
                        scale = fixp:"1";
                        name = str:"L_F1";
                        translation = xpoint3:"-0.561851799488067626953125,-6.711944580078125,-13.91087245941162109375";
                        rotation = {
                          0 = xpoint3:"0.9841766357421875,0.07340776920318603515625,0.161269009113311767578125";
                          1 = xpoint3:"-0.1333148777484893798828125,0.90630781650543212890625,0.40104019641876220703125";
                          2 = xpoint3:"-0.116719901561737060546875,-0.41619396209716796875,0.90175330638885498046875";
                        }
                        #0 = {
                          scale = fixp:"1";
                          name = str:"L_F22";
                          translation = xpoint3:"0,0,-5.54923534393310546875";
                          rotation = {
                            0 = xpoint3:"0.387137591838836669921875,0,0.922021925449371337890625";
                            1 = xpoint3:"0,1,0";
                            2 = xpoint3:"-0.922021925449371337890625,0,0.387137591838836669921875";
                          }
                        }
                      }
                      #1 = {
                        scale = fixp:"1";
                        name = str:"L_F2";
                        translation = xpoint3:"0.1270905435085296630859375,1.4843318462371826171875,-13.54265594482421875";
                        rotation = {
                          0 = xpoint3:"0.99619472026824951171875,0,0.08715574443340301513671875";
                          1 = xpoint3:"0,1,0";
                          2 = xpoint3:"-0.08715574443340301513671875,0,0.99619472026824951171875";
                        }
                        #0 = {
                          scale = fixp:"1";
                          name = str:"L_F22@#1";
                          translation = xpoint3:"0,0,-7.587893962860107421875";
                          rotation = {
                            0 = xpoint3:"0.409496128559112548828125,0,0.912311851978302001953125";
                            1 = xpoint3:"0,1,0";
                            2 = xpoint3:"-0.912311851978302001953125,0,0.409496128559112548828125";
                          }
                        }
                      }
                      #2 = {
                        scale = fixp:"1";
                        name = str:"L_T";
                        translation = xpoint3:"-3.2132091522216796875,-8.32264423370361328125,-3.1471335887908935546875";
                        rotation = {
                          0 = xpoint3:"0.77067124843597412109375,0.14236788451671600341796875,0.621125698089599609375";
                          1 = xpoint3:"-0.575652897357940673828125,0.573576450347900390625,0.5827810764312744140625";
                          2 = xpoint3:"-0.273293793201446533203125,-0.80668544769287109375,0.52399337291717529296875";
                        }
                        #0 = {
                          scale = fixp:"1";
                          name = str:"L_T1";
                          translation = xpoint3:"0,0,-6.10647678375244140625";
                          rotation = {
                            0 = xpoint3:"1,0,0";
                            1 = xpoint3:"0,1,0";
                            2 = xpoint3:"0,0,1";
                          }
                        }
                      }
                    }
                  }
                }
                #1 = {
                  scale = fixp:"1";
                  name = str:"L_Shoulder";
                  translation = xpoint3:"47.81453704833984375,0.23108462989330291748046875,-0.356919229030609130859375";
                  rotation = {
                    0 = xpoint3:"0.967806756496429443359375,-0.1633948385715484619140625,-0.1914475262165069580078125";
                    1 = xpoint3:"0.24296283721923828125,0.40787589550018310546875,0.880117237567901611328125";
                    2 = xpoint3:"-0.065719775855541229248046875,-0.898298084735870361328125,0.4344439208507537841796875";
                  }
                }
              }
            }
            #1 = {
              scale = fixp:"1";
              name = str:"pt_chest";
              translation = xpoint3:"3.07610797882080078125,-1.51409304141998291015625,22.2709445953369140625";
              rotation = {
                0 = xpoint3:"0,0.422639667987823486328125,0.906297862529754638671875";
                1 = xpoint3:"-0.999995887279510498046875,0.00261604785919189453125,-0.00121963024139404296875";
                2 = xpoint3:"-0.00288641452789306640625,-0.9062941074371337890625,0.4226378500461578369140625";
              }
            }
          }
        }
        #3 = {
          scale = fixp:"1";
          name = str:"R_Skirt";
          translation = xpoint3:"-19.620342254638671875,-1.74055063724517822265625,11.90676116943359375";
          rotation = {
            0 = xpoint3:"-0.02058942615985870361328125,0.4702744781970977783203125,-0.88227999210357666015625";
            1 = xpoint3:"-0.99818646907806396484375,-0.0595987737178802490234375,-0.0084731280803680419921875";
            2 = xpoint3:"-0.0565675199031829833984375,0.88050544261932373046875,0.470648705959320068359375";
          }
        }
        #4 = {
          scale = fixp:"1";
          name = str:"L_Skirt";
          translation = xpoint3:"19.6203441619873046875,-1.74055194854736328125,11.9067535400390625";
          rotation = {
            0 = xpoint3:"-0.05632247030735015869140625,-0.497362315654754638671875,-0.86571276187896728515625";
            1 = xpoint3:"-0.982710659503936767578125,0.18079052865505218505859375,-0.03993213176727294921875";
            2 = xpoint3:"0.1763734519481658935546875,0.84849607944488525390625,-0.49894583225250244140625";
          }
        }
        #5 = {
          scale = fixp:"1";
          name = str:"Skirt";
          translation = xpoint3:"0,-19.5055561065673828125,11.87067413330078125";
          rotation = {
            0 = xpoint3:"1,0,0";
            1 = xpoint3:"0,-0.08715569972991943359375,-0.99619472026824951171875";
            2 = xpoint3:"0,0.99619472026824951171875,-0.08715569972991943359375";
          }
        }
        #6 = {
          scale = fixp:"1";
          name = str:"pt_center";
          translation = xpoint3:"0,0,0";
          rotation = {
            0 = xpoint3:"1,0,0";
            1 = xpoint3:"0,1,0";
            2 = xpoint3:"0,0,1";
          }
        }
      }
      #1 = {
        scale = fixp:"1";
        name = str:"pt_top";
        translation = xpoint3:"-4.359131336212158203125,0.5682086944580078125,219.776336669921875";
        rotation = {
          0 = xpoint3:"1,0,0";
          1 = xpoint3:"0,1,0";
          2 = xpoint3:"0,0,1";
        }
      }
    }
  }
  #2 = {
    scale = fixp:"1";
    name = str:"IK Chain01";
    translation = xpoint3:"31.5777072906494140625,-15.4534969329833984375,7";
    rotation = {
      0 = xpoint3:"1,0,0";
      1 = xpoint3:"0,1,0";
      2 = xpoint3:"0,0,1";
    }
    #0 = {
      scale = fixp:"1";
      name = str:"pt_footprint02";
      translation = xpoint3:"0,0,0";
      rotation = {
        0 = xpoint3:"1,0,0";
        1 = xpoint3:"0,1,0";
        2 = xpoint3:"0,0,1";
      }
    }
  }
  #3 = {
    scale = fixp:"1";
    name = str:"IK Chain03";
    translation = xpoint3:"-34.253620147705078125,35.64105224609375,7";
    rotation = {
      0 = xpoint3:"1,0,0";
      1 = xpoint3:"0,1,0";
      2 = xpoint3:"0,0,1";
    }
    #0 = {
      scale = fixp:"1";
      name = str:"pt_footprint01";
      translation = xpoint3:"0,0,0";
      rotation = {
        0 = xpoint3:"1,0,0";
        1 = xpoint3:"0,1,0";
        2 = xpoint3:"0,0,1";
      }
    }
  }
  #4 = {
    scale = fixp:"1";
    name = str:"IK Chain06";
    translation = xpoint3:"-41.385284423828125,-29.3772602081298828125,138.6319427490234375";
    rotation = {
      0 = xpoint3:"1,0,0";
      1 = xpoint3:"0,1,0";
      2 = xpoint3:"0,0,1";
    }
    #0 = {
      scale = fixp:"1";
      name = str:"pt_hand";
      translation = xpoint3:"0,0,0";
      rotation = {
        0 = xpoint3:"1,0,0";
        1 = xpoint3:"0,1,0";
        2 = xpoint3:"0,0,1";
      }
    }
  }
  #5 = {
    scale = fixp:"1";
    name = str:"IK Chain05";
    translation = xpoint3:"40.012783050537109375,-29.4484195709228515625,140.3693084716796875";
    rotation = {
      0 = xpoint3:"1,0,0";
      1 = xpoint3:"0,1,0";
      2 = xpoint3:"0,0,1";
    }
    #0 = {
      scale = fixp:"1";
      name = str:"pt_hand";
      translation = xpoint3:"0,0,0";
      rotation = {
        0 = xpoint3:"1,0,0";
        1 = xpoint3:"0,1,0";
        2 = xpoint3:"0,0,1";
      }
    }
  }
}