model = {
  file = str:"data\models\units\commander\commander3.nif";
  animation = {
    loop = fixp:"0";
    duration = fixp:"22.5";
  }
  #0 = {
    scale = fixp:"1";
    name = str:"ROOT";
    translation = xpoint3:"0,0,0";
    rotation = {
      0 = xpoint3:"1,0,0";
      1 = xpoint3:"0,1,0";
      2 = xpoint3:"0,0,1";
    }
    #6 = {
      scale = fixp:"1";
      name = str:"ROOT NonAccum";
      translation = xpoint3:"0,0,0";
      rotation = {
        0 = xpoint3:"1,0,0";
        1 = xpoint3:"0,1,0";
        2 = xpoint3:"0,0,1";
      }
      #0 = {
        scale = fixp:"1";
        name = str:"Bip01";
        translation = xpoint3:"-0.022449247539043426513671875,-6.1865177154541015625,129.0997161865234375";
        rotation = {
          0 = xpoint3:"0,1,0";
          1 = xpoint3:"-1,0,0";
          2 = xpoint3:"0,0,1";
        }
        #0 = {
          scale = fixp:"1";
          name = str:"Bip01 Pelvis01";
          translation = xpoint3:"0,0,0";
          rotation = {
            0 = xpoint3:"0,1,0";
            1 = xpoint3:"0,0,1";
            2 = xpoint3:"1,0,0";
          }
          #0 = {
            scale = fixp:"1";
            name = str:"Bip01 Spine01";
            translation = xpoint3:"22.8860931396484375,-0.02486531250178813934326171875,0";
            rotation = {
              0 = xpoint3:"0.998260557651519775390625,-0.058956146240234375,0";
              1 = xpoint3:"0.058956146240234375,0.998260557651519775390625,0";
              2 = xpoint3:"0,0,1";
            }
            #0 = {
              scale = fixp:"1";
              name = str:"Bip01 Spine02";
              translation = xpoint3:"31.2096424102783203125,-0.02484966814517974853515625,0";
              rotation = {
                0 = xpoint3:"0.966005742549896240234375,0.2585205733776092529296875,0";
                1 = xpoint3:"-0.2585205733776092529296875,0.966005742549896240234375,0";
                2 = xpoint3:"0,0,1";
              }
              #0 = {
                scale = fixp:"1";
                name = str:"Bip01 Neck01";
                translation = xpoint3:"31.2135028839111328125,0.0060577350668609142303466796875,0";
                rotation = {
                  0 = xpoint3:"-0.844781100749969482421875,-0.53511202335357666015625,0";
                  1 = xpoint3:"0.53511202335357666015625,-0.844781100749969482421875,0";
                  2 = xpoint3:"0,0,1";
                }
                #0 = {
                  scale = fixp:"1";
                  name = str:"Bip01 Head01";
                  translation = xpoint3:"9.002773284912109375,0,0";
                  rotation = {
                    0 = xpoint3:"-0.77950954437255859375,0.62639033794403076171875,0";
                    1 = xpoint3:"-0.62639033794403076171875,-0.77950954437255859375,0";
                    2 = xpoint3:"0,0,1";
                  }
                  #0 = {
                    scale = fixp:"1";
                    name = str:"pt_head";
                    translation = xpoint3:"16.456645965576171875,1.32265031337738037109375,-1.0793149471282958984375";
                    rotation = {
                      0 = xpoint3:"-0.0371036715805530548095703125,0.01854122988879680633544921875,0.99913942813873291015625";
                      1 = xpoint3:"0.02982970885932445526123046875,-0.9993617534637451171875,0.01965310238301753997802734375";
                      2 = xpoint3:"0.99886608123779296875,0.03053324110805988311767578125,0.036526910960674285888671875";
                    }
                  }
                }
                #1 = {
                  scale = fixp:"1";
                  name = str:"Bip01 L Clavicle01";
                  translation = xpoint3:"0,0.007154512219130992889404296875,4.20130825042724609375";
                  rotation = {
                    0 = xpoint3:"-0.11008702218532562255859375,-0.511466443538665771484375,-0.852222383022308349609375";
                    1 = xpoint3:"0.273062527179718017578125,0.808876812458038330078125,-0.52072560787200927734375";
                    2 = xpoint3:"0.955676615238189697265625,-0.29003512859344482421875,0.050615482032299041748046875";
                  }
                  #0 = {
                    scale = fixp:"1";
                    name = str:"Bip01 L UpperArm01";
                    translation = xpoint3:"43.4049224853515625,0,0";
                    rotation = {
                      0 = xpoint3:"0.23994362354278564453125,0.681567728519439697265625,0.69049942493438720703125";
                      1 = xpoint3:"-0.158523499965667724609375,0.729804098606109619140625,-0.664728641510009765625";
                      2 = xpoint3:"-0.95718038082122802734375,0.0495906770229339599609375,0.283383905887603759765625";
                    }
                    #0 = {
                      scale = fixp:"1";
                      name = str:"Bip01 L Forearm01";
                      translation = xpoint3:"45.418117523193359375,0,0";
                      rotation = {
                        0 = xpoint3:"0.68210041522979736328125,0.7309429645538330078125,0";
                        1 = xpoint3:"-0.7309429645538330078125,0.68210041522979736328125,0";
                        2 = xpoint3:"0,0,1";
                      }
                      #0 = {
                        scale = fixp:"1";
                        name = str:"Bip01 L Hand01";
                        translation = xpoint3:"46.46332550048828125,0,0";
                        rotation = {
                          0 = xpoint3:"0.996385872364044189453125,-0.080596454441547393798828125,-0.0267227105796337127685546875";
                          1 = xpoint3:"-0.084767691791057586669921875,-0.924476921558380126953125,-0.36791884899139404296875";
                          2 = xpoint3:"0.004932619631290435791015625,0.368855059146881103515625,-0.92796766757965087890625";
                        }
                        #0 = {
                          scale = fixp:"1";
                          name = str:"Bip01 L Finger03";
                          translation = xpoint3:"6.56219196319580078125,4.631135463714599609375,-11.9186687469482421875";
                          rotation = {
                            0 = xpoint3:"0.4869032204151153564453125,0.67166435718536376953125,0.558383643627166748046875";
                            1 = xpoint3:"0.1426033675670623779296875,0.569574892520904541015625,-0.80947434902191162109375";
                            2 = xpoint3:"-0.861736357212066650390625,0.4737630784511566162109375,0.1815462410449981689453125";
                          }
                          #0 = {
                            scale = fixp:"1";
                            name = str:"Bip01 L Finger04";
                            translation = xpoint3:"6.825786590576171875,0,0";
                            rotation = {
                              0 = xpoint3:"0.954844176769256591796875,-0.2971070110797882080078125,0";
                              1 = xpoint3:"0.2971070110797882080078125,0.954844176769256591796875,0";
                              2 = xpoint3:"0,0,1";
                            }
                          }
                        }
                        #1 = {
                          scale = fixp:"1";
                          name = str:"Bip01 L Finger05";
                          translation = xpoint3:"18.319057464599609375,1.41783845424652099609375,-9.3481292724609375";
                          rotation = {
                            0 = xpoint3:"0.966052532196044921875,-0.09686265885829925537109375,0.23949964344501495361328125";
                            1 = xpoint3:"0.09926687180995941162109375,0.9950587749481201171875,0.00203352235257625579833984375";
                            2 = xpoint3:"-0.23851318657398223876953125,0.0218098945915699005126953125,0.970894336700439453125";
                          }
                          #0 = {
                            scale = fixp:"1";
                            name = str:"Bip01 L Finger06";
                            translation = xpoint3:"9.5833530426025390625,0,0";
                            rotation = {
                              0 = xpoint3:"0.63316452503204345703125,-0.774017274379730224609375,0";
                              1 = xpoint3:"0.774017274379730224609375,0.63316452503204345703125,0";
                              2 = xpoint3:"0,0,1";
                            }
                          }
                        }
                        #2 = {
                          scale = fixp:"1";
                          name = str:"Bip01 L Finger07";
                          translation = xpoint3:"19.7679805755615234375,1.20344650745391845703125,1.3930301666259765625";
                          rotation = {
                            0 = xpoint3:"0.978118419647216796875,-0.20445837080478668212890625,-0.038485191762447357177734375";
                            1 = xpoint3:"0.20804880559444427490234375,0.961090743541717529296875,0.18171493709087371826171875";
                            2 = xpoint3:"0,-0.18574552237987518310546875,0.982597887516021728515625";
                          }
                          #0 = {
                            scale = fixp:"1";
                            name = str:"Bip01 L Finger08";
                            translation = xpoint3:"9.91151523590087890625,0,0";
                            rotation = {
                              0 = xpoint3:"0.69466888904571533203125,-0.719329655170440673828125,0";
                              1 = xpoint3:"0.719329655170440673828125,0.69466888904571533203125,0";
                              2 = xpoint3:"0,0,1";
                            }
                          }
                        }
                        #3 = {
                          scale = fixp:"1";
                          name = str:"pt_hand";
                          translation = xpoint3:"11.20985507965087890625,0.14280863106250762939453125,-0.747038304805755615234375";
                          rotation = {
                            0 = xpoint3:"-0.3875410854816436767578125,-0.90118491649627685546875,-0.19410713016986846923828125";
                            1 = xpoint3:"-0.4251604974269866943359375,-0.012102921493351459503173828125,0.90503704547882080078125";
                            2 = xpoint3:"-0.81795501708984375,0.4332657158374786376953125,-0.3784578740596771240234375";
                          }
                        }
                      }
                    }
                  }
                }
                #2 = {
                  scale = fixp:"1";
                  name = str:"Bip01 R Clavicle01";
                  translation = xpoint3:"0,0.00717985071241855621337890625,-4.201293468475341796875";
                  rotation = {
                    0 = xpoint3:"-0.110086999833583831787109375,-0.5114667415618896484375,0.852222144603729248046875";
                    1 = xpoint3:"0.2730686366558074951171875,0.808874785900115966796875,0.520725548267364501953125";
                    2 = xpoint3:"-0.955674827098846435546875,0.2900402545928955078125,0.0506189204752445220947265625";
                  }
                  #0 = {
                    scale = fixp:"1";
                    name = str:"Bip01 R UpperArm01";
                    translation = xpoint3:"43.404937744140625,0,0";
                    rotation = {
                      0 = xpoint3:"0.568591058254241943359375,0.651940762996673583984375,-0.5010502338409423828125";
                      1 = xpoint3:"-0.2581384181976318359375,0.72022342681884765625,0.64361226558685302734375";
                      2 = xpoint3:"0.78066813945770263671875,-0.2363162934780120849609375,0.57801342010498046875";
                    }
                    #0 = {
                      scale = fixp:"1";
                      name = str:"Bip01 R Forearm01";
                      translation = xpoint3:"45.418121337890625,0,0";
                      rotation = {
                        0 = xpoint3:"0.2823636531829833984375,0.958764493465423583984375,0";
                        1 = xpoint3:"-0.958764493465423583984375,0.2823636531829833984375,0";
                        2 = xpoint3:"0,0,1";
                      }
                      #0 = {
                        scale = fixp:"1";
                        name = str:"Bip01 R Hand01";
                        translation = xpoint3:"46.4633331298828125,0,0";
                        rotation = {
                          0 = xpoint3:"0.826348364353179931640625,-0.5217540264129638671875,-0.2113506495952606201171875";
                          1 = xpoint3:"-0.3139400780200958251953125,-0.114615373313426971435546875,-0.94164073467254638671875";
                          2 = xpoint3:"0.4672665297985076904296875,0.84440410137176513671875,-0.2584901154041290283203125";
                        }
                        #0 = {
                          scale = fixp:"1";
                          name = str:"Bip01 R Finger03";
                          translation = xpoint3:"6.56218624114990234375,4.631145000457763671875,11.9186725616455078125";
                          rotation = {
                            0 = xpoint3:"0.2333764135837554931640625,0.634169638156890869140625,-0.737132549285888671875";
                            1 = xpoint3:"0.704282820224761962890625,0.4124502241611480712890625,0.577815353870391845703125";
                            2 = xpoint3:"0.67046344280242919921875,-0.653998315334320068359375,-0.35037863254547119140625";
                          }
                          #0 = {
                            scale = fixp:"1";
                            name = str:"Bip01 R Finger04";
                            translation = xpoint3:"6.82578754425048828125,0,0";
                            rotation = {
                              0 = xpoint3:"0.78282320499420166015625,-0.62224423885345458984375,0";
                              1 = xpoint3:"0.62224423885345458984375,0.78282320499420166015625,0";
                              2 = xpoint3:"0,0,1";
                            }
                          }
                        }
                        #1 = {
                          scale = fixp:"1";
                          name = str:"Bip01 R Finger05";
                          translation = xpoint3:"18.3190402984619140625,1.4178516864776611328125,9.34812831878662109375";
                          rotation = {
                            0 = xpoint3:"0.966052532196044921875,-0.096862412989139556884765625,-0.23949976265430450439453125";
                            1 = xpoint3:"0.099266640841960906982421875,0.9950587749481201171875,-0.00203343294560909271240234375";
                            2 = xpoint3:"0.23851330578327178955078125,-0.02180993556976318359375,0.970894277095794677734375";
                          }
                          #0 = {
                            scale = fixp:"1";
                            name = str:"Bip01 R Finger06";
                            translation = xpoint3:"9.583354949951171875,0,0";
                            rotation = {
                              0 = xpoint3:"0.91179621219635009765625,-0.4106429517269134521484375,0";
                              1 = xpoint3:"0.4106429517269134521484375,0.91179621219635009765625,0";
                              2 = xpoint3:"0,0,1";
                            }
                          }
                        }
                        #2 = {
                          scale = fixp:"1";
                          name = str:"Bip01 R Finger07";
                          translation = xpoint3:"19.767948150634765625,1.2034556865692138671875,-1.3930275440216064453125";
                          rotation = {
                            0 = xpoint3:"0.599545180797576904296875,-0.799415051937103271484375,0.0384852886199951171875";
                            1 = xpoint3:"0.790867745876312255859375,0.584386765956878662109375,-0.18171496689319610595703125";
                            2 = xpoint3:"0.1227754056453704833984375,0.13938309252262115478515625,0.982597827911376953125";
                          }
                          #0 = {
                            scale = fixp:"1";
                            name = str:"Bip01 R Finger08";
                            translation = xpoint3:"9.91154003143310546875,0,0";
                            rotation = {
                              0 = xpoint3:"0.677589714527130126953125,-0.735440075397491455078125,0";
                              1 = xpoint3:"0.735440075397491455078125,0.677589714527130126953125,0";
                              2 = xpoint3:"0,0,1";
                            }
                          }
                        }
                        #3 = {
                          scale = fixp:"1";
                          name = str:"Bone_Gun";
                          translation = xpoint3:"20.88643646240234375,9.23852443695068359375,13.824535369873046875";
                          rotation = {
                            0 = xpoint3:"0.876676976680755615234375,-0.11523483693599700927734375,0.467074334621429443359375";
                            1 = xpoint3:"0.43381607532501220703125,-0.2303000986576080322265625,-0.8710715770721435546875";
                            2 = xpoint3:"0.20794497430324554443359375,0.96627271175384521484375,-0.15190808475017547607421875";
                          }
                          #0 = {
                            scale = fixp:"1";
                            name = str:"Bone02";
                            translation = xpoint3:"128.66619873046875,0,0";
                            rotation = {
                              0 = xpoint3:"1,0,0";
                              1 = xpoint3:"0,1,0";
                              2 = xpoint3:"0,0,1";
                            }
                          }
                          #1 = {
                            scale = fixp:"1";
                            name = str:"pt_shoot_1";
                            translation = xpoint3:"129.676727294921875,0.05781905353069305419921875,-0.09336817264556884765625";
                            rotation = {
                              0 = xpoint3:"-0.00292056542821228504180908203125,-0.999994337558746337890625,0.00164226465858519077301025390625";
                              1 = xpoint3:"-0.00882032699882984161376953125,0.00166799477301537990570068359375,0.9999597072601318359375";
                              2 = xpoint3:"-0.999956786632537841796875,0.00290596415288746356964111328125,-0.008825198747217655181884765625";
                            }
                          }
                          #2 = {
                            scale = fixp:"1";
                            name = str:"pt_aim";
                            translation = xpoint3:"0,0,0";
                            rotation = {
                              0 = xpoint3:"1,0,0";
                              1 = xpoint3:"0,1,0";
                              2 = xpoint3:"0,0,1";
                            }
                          }
                        }
                        #4 = {
                          scale = fixp:"1";
                          name = str:"pt_hand@#0";
                          translation = xpoint3:"7.464997768402099609375,-0.2152156531810760498046875,-0.828066885471343994140625";
                          rotation = {
                            0 = xpoint3:"0.4357278048992156982421875,-0.896076261997222900390625,-0.084785811603069305419921875";
                            1 = xpoint3:"0.8627941608428955078125,0.4426521956920623779296875,-0.2442238628864288330078125";
                            2 = xpoint3:"0.256373822689056396484375,0.033262424170970916748046875,0.96600520610809326171875";
                          }
                        }
                      }
                    }
                  }
                }
              }
              #1 = {
                scale = fixp:"1";
                name = str:"IK Chain05";
                translation = xpoint3:"-27.457347869873046875,32.3157806396484375,-60.511318206787109375";
                rotation = {
                  0 = xpoint3:"0,0,0.999274075031280517578125";
                  1 = xpoint3:"0,-0.998548448085784912109375,0";
                  2 = xpoint3:"0.999274432659149169921875,0,0";
                }
              }
              #2 = {
                scale = fixp:"1";
                name = str:"IK Chain06";
                translation = xpoint3:"-46.249156951904296875,25.4535064697265625,48.083797454833984375";
                rotation = {
                  0 = xpoint3:"0,0,0.999274075031280517578125";
                  1 = xpoint3:"0,-0.998548448085784912109375,0";
                  2 = xpoint3:"0.999274432659149169921875,0,0";
                }
              }
              #3 = {
                scale = fixp:"1";
                name = str:"Dummy01";
                translation = xpoint3:"23.1201763153076171875,-87.9062957763671875,84.82990264892578125";
                rotation = {
                  0 = xpoint3:"0,0.98045670986175537109375,-0.19673503935337066650390625";
                  1 = xpoint3:"-0.21596133708953857421875,0.19209273159503936767578125,0.957319736480712890625";
                  2 = xpoint3:"0.97640192508697509765625,0.042486004531383514404296875,0.211740970611572265625";
                }
              }
              #4 = {
                scale = fixp:"1";
                name = str:"Dummy02";
                translation = xpoint3:"-30.206859588623046875,-55.323749542236328125,-120.91190338134765625";
                rotation = {
                  0 = xpoint3:"0,0.98045670986175537109375,-0.19673503935337066650390625";
                  1 = xpoint3:"-0.21596133708953857421875,0.19209273159503936767578125,0.957319736480712890625";
                  2 = xpoint3:"0.97640192508697509765625,0.042486004531383514404296875,0.211740970611572265625";
                }
              }
            }
            #1 = {
              scale = fixp:"1";
              name = str:"pt_chest ";
              translation = xpoint3:"37.471088409423828125,-2.227346897125244140625,-1.26945436000823974609375";
              rotation = {
                0 = xpoint3:"-0.00166516005992889404296875,-0.0550997294485569000244140625,0.99847948551177978515625";
                1 = xpoint3:"-0.0393949113786220550537109375,-0.997702121734619140625,-0.055122531950473785400390625";
                2 = xpoint3:"0.999222338199615478515625,-0.039426796138286590576171875,0";
              }
            }
          }
          #1 = {
            scale = fixp:"1";
            name = str:"Bip01 L Thigh01";
            translation = xpoint3:"0,0,22.396091461181640625";
            rotation = {
              0 = xpoint3:"-0.884529054164886474609375,0.4336378276348114013671875,-0.1638045012950897216796875";
              1 = xpoint3:"0.3468690812587738037109375,0.854665458202362060546875,0.38602840900421142578125";
              2 = xpoint3:"0.3074988424777984619140625,0.285121619701385498046875,-0.90630233287811279296875";
            }
            #0 = {
              scale = fixp:"1";
              name = str:"Bip01 L Calf01";
              translation = xpoint3:"58.94069671630859375,0,0";
              rotation = {
                0 = xpoint3:"0.71009695529937744140625,0.703805029392242431640625,0";
                1 = xpoint3:"-0.703805029392242431640625,0.71009695529937744140625,0";
                2 = xpoint3:"0,0,1";
              }
              #0 = {
                scale = fixp:"1";
                name = str:"Bip01 L Foot01";
                translation = xpoint3:"50.693454742431640625,0,0";
                rotation = {
                  0 = xpoint3:"0.93699181079864501953125,-0.34053325653076171875,-0.077408246695995330810546875";
                  1 = xpoint3:"0.320617198944091796875,0.9267170429229736328125,-0.195687949657440185546875";
                  2 = xpoint3:"0.13841807842254638671875,0.1585126221179962158203125,0.97758972644805908203125";
                }
                #0 = {
                  scale = fixp:"1";
                  name = str:"Bip01 L Toe01";
                  translation = xpoint3:"29.6813716888427734375,38.19866180419921875,0";
                  rotation = {
                    0 = xpoint3:"0,-0.9992744922637939453125,0";
                    1 = xpoint3:"0.9992744922637939453125,0,0";
                    2 = xpoint3:"0,0,1";
                  }
                }
                #1 = {
                  scale = fixp:"1";
                  name = str:"pt_foot";
                  translation = xpoint3:"9.82546710968017578125,9.15541744232177734375,0.729482173919677734375";
                  rotation = {
                    0 = xpoint3:"-0.055170975625514984130859375,0.035553596913814544677734375,-0.99784374237060546875";
                    1 = xpoint3:"0.034151472151279449462890625,-0.998713910579681396484375,-0.03747284412384033203125";
                    2 = xpoint3:"-0.997892677783966064453125,-0.036145247519016265869140625,0.0538858138024806976318359375";
                  }
                }
                #2 = {
                  scale = fixp:"1";
                  name = str:"pt_footprint01";
                  translation = xpoint3:"29.2863254547119140625,9.74141216278076171875,-0.20177049934864044189453125";
                  rotation = {
                    0 = xpoint3:"-0.0467122085392475128173828125,0.02803042717278003692626953125,-0.99851500988006591796875";
                    1 = xpoint3:"0.03564019501209259033203125,-0.998923003673553466796875,-0.0297091901302337646484375";
                    2 = xpoint3:"-0.998272359371185302734375,-0.0369750522077083587646484375,0.0456628911197185516357421875";
                  }
                }
              }
            }
          }
          #2 = {
            scale = fixp:"1";
            name = str:"Bip01 R Thigh01";
            translation = xpoint3:"0,0,-22.396076202392578125";
            rotation = {
              0 = xpoint3:"-0.972659587860107421875,0.06892560422420501708984375,0.21522076427936553955078125";
              1 = xpoint3:"-0.001424379646778106689453125,0.95049798488616943359375,-0.310611784458160400390625";
              2 = xpoint3:"-0.22598381340503692626953125,-0.302871227264404296875,-0.92434179782867431640625";
            }
            #0 = {
              scale = fixp:"1";
              name = str:"Bip01 R Calf01";
              translation = xpoint3:"58.940692901611328125,0,0";
              rotation = {
                0 = xpoint3:"0.81300270557403564453125,0.582026898860931396484375,0";
                1 = xpoint3:"-0.582026898860931396484375,0.81300270557403564453125,0";
                2 = xpoint3:"0,0,1";
              }
              #0 = {
                scale = fixp:"1";
                name = str:"Bip01 R Foot01";
                translation = xpoint3:"50.693454742431640625,0,0";
                rotation = {
                  0 = xpoint3:"0.828852236270904541015625,-0.532646238803863525390625,0.17042182385921478271484375";
                  1 = xpoint3:"0.526364147663116455078125,0.8459661006927490234375,0.08401525020599365234375";
                  2 = xpoint3:"-0.18893493711948394775390625,0.0201432965695858001708984375,0.981769502162933349609375";
                }
                #0 = {
                  scale = fixp:"1";
                  name = str:"Bip01 R Toe01";
                  translation = xpoint3:"29.6813564300537109375,38.198665618896484375,0";
                  rotation = {
                    0 = xpoint3:"0,-0.9992744922637939453125,0";
                    1 = xpoint3:"0.9992744922637939453125,0,0";
                    2 = xpoint3:"0,0,1";
                  }
                }
                #1 = {
                  scale = fixp:"1";
                  name = str:"pt_foot@#1";
                  translation = xpoint3:"6.42177867889404296875,11.58444309234619140625,-0.83136284351348876953125";
                  rotation = {
                    0 = xpoint3:"0.002850917167961597442626953125,-0.0249541662633419036865234375,-0.999684512615203857421875";
                    1 = xpoint3:"0.02700898982584476470947265625,-0.999321997165679931640625,0.02502213977277278900146484375";
                    2 = xpoint3:"-0.999631106853485107421875,-0.02707180567085742950439453125,-0.0021749972365796566009521484375";
                  }
                }
                #2 = {
                  scale = fixp:"1";
                  name = str:"pt_footprint02";
                  translation = xpoint3:"29.7721080780029296875,11.0490665435791015625,-0.7935674190521240234375";
                  rotation = {
                    0 = xpoint3:"0,-0.02254759334027767181396484375,-0.999745786190032958984375";
                    1 = xpoint3:"0.026572458446025848388671875,-0.9993927478790283203125,0.022540040314197540283203125";
                    2 = xpoint3:"-0.9996469020843505859375,-0.026566050946712493896484375,0";
                  }
                }
              }
            }
          }
        }
        #1 = {
          scale = fixp:"1";
          name = str:"pt_center";
          translation = xpoint3:"-0.474876821041107177734375,-0.539204537868499755859375,23.974609375";
          rotation = {
            0 = xpoint3:"0.57357895374298095703125,-0.819150269031524658203125,0";
            1 = xpoint3:"0.819150269031524658203125,0.57357895374298095703125,0";
            2 = xpoint3:"0,0,1";
          }
        }
        #2 = {
          scale = fixp:"1";
          name = str:"pt_cast";
          translation = xpoint3:"45.44892120361328125,-35.583705902099609375,47.0247802734375";
          rotation = {
            0 = xpoint3:"0.573577940464019775390625,-0.819150984287261962890625,0";
            1 = xpoint3:"0.819150984287261962890625,0.573577940464019775390625,0";
            2 = xpoint3:"0,0,1";
          }
        }
      }
      #1 = {
        scale = fixp:"1";
        name = str:"Dummy04";
        translation = xpoint3:"68.721771240234375,-95.20642852783203125,82.24802398681640625";
        rotation = {
          0 = xpoint3:"1,0,0";
          1 = xpoint3:"0,0.0044726966880261898040771484375,-0.999989986419677734375";
          2 = xpoint3:"0,0.999989986419677734375,0.0044726966880261898040771484375";
        }
      }
      #2 = {
        scale = fixp:"1";
        name = str:"Dummy06";
        translation = xpoint3:"47.09041595458984375,-43.16771697998046875,50.1112213134765625";
        rotation = {
          0 = xpoint3:"1,0,0";
          1 = xpoint3:"0,0.0044726966880261898040771484375,-0.999989986419677734375";
          2 = xpoint3:"0,0.999989986419677734375,0.0044726966880261898040771484375";
        }
      }
      #3 = {
        scale = fixp:"1";
        name = str:"Dummy03";
        translation = xpoint3:"-64.553375244140625,-95.20642852783203125,76.469451904296875";
        rotation = {
          0 = xpoint3:"1,0,0";
          1 = xpoint3:"0,0.0044726966880261898040771484375,-0.999989986419677734375";
          2 = xpoint3:"0,0.999989986419677734375,0.0044726966880261898040771484375";
        }
      }
      #4 = {
        scale = fixp:"1";
        name = str:"Dummy05";
        translation = xpoint3:"-55.204357147216796875,-43.167724609375,50.11122894287109375";
        rotation = {
          0 = xpoint3:"1,0,0";
          1 = xpoint3:"0,0.0044726966880261898040771484375,-0.999989986419677734375";
          2 = xpoint3:"0,0.999989986419677734375,0.0044726966880261898040771484375";
        }
      }
      #5 = {
        scale = fixp:"1";
        name = str:"pt_top";
        translation = xpoint3:"-0.4516298770904541015625,0.049224853515625,273.9320068359375";
        rotation = {
          0 = xpoint3:"0,0,1";
          1 = xpoint3:"0,-1,0";
          2 = xpoint3:"1,0,0";
        }
      }
      #6 = {
        scale = fixp:"1";
        name = str:"pt_ground";
        translation = xpoint3:"0,0,0";
        rotation = {
          0 = xpoint3:"1,0,0";
          1 = xpoint3:"0,1,0";
          2 = xpoint3:"0,0,1";
        }
      }
    }
  }
  #1 = {
    scale = fixp:"1";
    name = str:"commander_gun";
    translation = xpoint3:"-11.42403697967529296875,-100,103.23187255859375";
    rotation = {
      0 = xpoint3:"1,0,0";
      1 = xpoint3:"0,1,0";
      2 = xpoint3:"0,0,1";
    }
  }
  #2 = {
    scale = fixp:"1";
    name = str:"Commander";
    translation = xpoint3:"-0.570358753204345703125,0,147.8148651123046875";
    rotation = {
      0 = xpoint3:"1,0,0";
      1 = xpoint3:"0,1,0";
      2 = xpoint3:"0,0,1";
    }
  }
  #3 = {
    scale = fixp:"1";
    name = str:"Commander1343";
    translation = xpoint3:"0,0,0";
    rotation = {
      0 = xpoint3:"1,0,0";
      1 = xpoint3:"0,1,0";
      2 = xpoint3:"0,0,1";
    }
  }
  #4 = {
    scale = fixp:"1";
    name = str:"Commander778";
    translation = xpoint3:"0,0,0";
    rotation = {
      0 = xpoint3:"1,0,0";
      1 = xpoint3:"0,1,0";
      2 = xpoint3:"0,0,1";
    }
  }
  #5 = {
    scale = fixp:"1";
    name = str:"commander_gun2";
    translation = xpoint3:"-11.42403697967529296875,-100,103.23187255859375";
    rotation = {
      0 = xpoint3:"1,0,0";
      1 = xpoint3:"0,1,0";
      2 = xpoint3:"0,0,1";
    }
  }
  #6 = {
    scale = fixp:"1";
    name = str:"commander_gun3";
    translation = xpoint3:"-11.42403697967529296875,-100,103.23187255859375";
    rotation = {
      0 = xpoint3:"1,0,0";
      1 = xpoint3:"0,1,0";
      2 = xpoint3:"0,0,1";
    }
  }
}