model = {
  file = str:"data\models\units\dominator\dominator_die.nif";
  animation = {
    loop = fixp:"2.5";
    duration = fixp:"12.66666698455810546875";
  }
  #1 = {
    scale = fixp:"1";
    name = str:"ROOT";
    translation = xpoint3:"0,0,0";
    rotation = {
      0 = xpoint3:"1,0,0";
      1 = xpoint3:"0,1,0";
      2 = xpoint3:"0,0,1";
    }
    #0 = {
      scale = fixp:"1";
      name = str:"pt_cast";
      translation = xpoint3:"0.4104156494140625,-79.7858123779296875,220.6793212890625";
      rotation = {
        0 = xpoint3:"1,0,0";
        1 = xpoint3:"0,1,0";
        2 = xpoint3:"0,0,1";
      }
    }
    #1 = {
      scale = fixp:"1";
      name = str:"pt_center";
      translation = xpoint3:"1.60909783840179443359375,17.04109954833984375,205.511016845703125";
      rotation = {
        0 = xpoint3:"1,0,0";
        1 = xpoint3:"0,1,0";
        2 = xpoint3:"0,0,1";
      }
    }
    #2 = {
      scale = fixp:"1";
      name = str:"pt_chest ";
      translation = xpoint3:"0.682647705078125,26.37075042724609375,240.4438629150390625";
      rotation = {
        0 = xpoint3:"1,0,0";
        1 = xpoint3:"0,0.855941712856292724609375,0.51707231998443603515625";
        2 = xpoint3:"0,-0.51707231998443603515625,0.855941712856292724609375";
      }
    }
    #3 = {
      scale = fixp:"1";
      name = str:"pt_foot";
      translation = xpoint3:"-46.381153106689453125,-7.5930004119873046875,14.479015350341796875";
      rotation = {
        0 = xpoint3:"0.995986521244049072265625,0.089454472064971923828125,-0.00296393013559281826019287109375";
        1 = xpoint3:"-0.0894540250301361083984375,0.995990931987762451171875,0";
        2 = xpoint3:"0.00297736073844134807586669921875,0,0.99999558925628662109375";
      }
    }
    #4 = {
      scale = fixp:"1";
      name = str:"pt_foot";
      translation = xpoint3:"45.403514862060546875,-8.2716236114501953125,14.50064373016357421875";
      rotation = {
        0 = xpoint3:"0.995810031890869140625,-0.091277398169040679931640625,0.0055463579483330249786376953125";
        1 = xpoint3:"0.091274447739124298095703125,0.995825469493865966796875,0";
        2 = xpoint3:"-0.0055946153588593006134033203125,0,0.999984323978424072265625";
      }
    }
    #5 = {
      scale = fixp:"1";
      name = str:"pt_footprint01";
      translation = xpoint3:"-47.1666412353515625,-7.53492450714111328125,-0.00363123416900634765625";
      rotation = {
        0 = xpoint3:"0.995986461639404296875,0.0894547402858734130859375,-0.00296371988952159881591796875";
        1 = xpoint3:"-0.089454285800457000732421875,0.99599087238311767578125,0";
        2 = xpoint3:"0.0029771975241601467132568359375,0,0.99999558925628662109375";
      }
    }
    #6 = {
      scale = fixp:"1";
      name = str:"pt_footprint02";
      translation = xpoint3:"45.088314056396484375,-8.1979656219482421875,0";
      rotation = {
        0 = xpoint3:"0.995809972286224365234375,-0.091278292238712310791015625,0.0055461856536567211151123046875";
        1 = xpoint3:"0.09127533435821533203125,0.99582540988922119140625,0";
        2 = xpoint3:"-0.0055946125648915767669677734375,0,0.999984323978424072265625";
      }
    }
    #7 = {
      scale = fixp:"1";
      name = str:"pt_hand";
      translation = xpoint3:"66.5519866943359375,-44.651123046875,239.8438262939453125";
      rotation = {
        0 = xpoint3:"0.908803641796112060546875,-0.36305439472198486328125,0.2055904865264892578125";
        1 = xpoint3:"-0.084559477865695953369140625,0.3222567737102508544921875,0.94286811351776123046875";
        2 = xpoint3:"-0.408565342426300048828125,-0.87426662445068359375,0.2621684372425079345703125";
      }
    }
    #8 = {
      scale = fixp:"1";
      name = str:"pt_hand";
      translation = xpoint3:"-67.206939697265625,-45.122772216796875,237.8681793212890625";
      rotation = {
        0 = xpoint3:"0.9310534000396728515625,0.270517170429229736328125,-0.2448673546314239501953125";
        1 = xpoint3:"0.119505815207958221435546875,0.40799653530120849609375,0.9051282405853271484375";
        2 = xpoint3:"0.3447577655315399169921875,-0.87198579311370849609375,0.3475382030010223388671875";
      }
    }
    #9 = {
      scale = fixp:"1";
      name = str:"pt_head";
      translation = xpoint3:"0.0186367034912109375,10.69268131256103515625,284.73895263671875";
      rotation = {
        0 = xpoint3:"1,0,0";
        1 = xpoint3:"0,0.857122242450714111328125,0.515113055706024169921875";
        2 = xpoint3:"0,-0.515113055706024169921875,0.857122242450714111328125";
      }
    }
    #10 = {
      scale = fixp:"1";
      name = str:"pt_shoot_1";
      translation = xpoint3:"-75.22718048095703125,-113.31118011474609375,258.870941162109375";
      rotation = {
        0 = xpoint3:"0.926533639430999755859375,0,-0.3762119710445404052734375";
        1 = xpoint3:"0.123724572360515594482421875,0.944397449493408203125,0.30464017391204833984375";
        2 = xpoint3:"0.3552853763103485107421875,-0.32880604267120361328125,0.875019371509552001953125";
      }
    }
    #11 = {
      scale = fixp:"1";
      name = str:"pt_shoot_2";
      translation = xpoint3:"82.0194091796875,-109.0276336669921875,269.322784423828125";
      rotation = {
        0 = xpoint3:"0.966472446918487548828125,-0.099196620285511016845703125,0.23683540523052215576171875";
        1 = xpoint3:"-0.0170716531574726104736328125,0.895498096942901611328125,0.4447378218173980712890625";
        2 = xpoint3:"-0.2562021315097808837890625,-0.4338700473308563232421875,0.863780796527862548828125";
      }
    }
    #12 = {
      scale = fixp:"1";
      name = str:"pt_aim";
      translation = xpoint3:"0.6885833740234375,7.17322444915771484375,177.3195648193359375";
      rotation = {
        0 = xpoint3:"1,0,0";
        1 = xpoint3:"0,1,0";
        2 = xpoint3:"0,0,1";
      }
    }
    #13 = {
      scale = fixp:"1";
      name = str:"pt_ground";
      translation = xpoint3:"0,0,0";
      rotation = {
        0 = xpoint3:"1,0,0";
        1 = xpoint3:"0,1,0";
        2 = xpoint3:"0,0,1";
      }
    }
    #14 = {
      scale = fixp:"1";
      name = str:"pt_top";
      translation = xpoint3:"0.4442596733570098876953125,-0.711142480373382568359375,297.51226806640625";
      rotation = {
        0 = xpoint3:"1,0,0";
        1 = xpoint3:"0,1,0";
        2 = xpoint3:"0,0,1";
      }
    }
  }
  #3 = {
    scale = fixp:"1";
    name = str:"Part01";
    translation = xpoint3:"31.313968658447265625,46.01245880126953125,108.7664947509765625";
    rotation = {
      0 = xpoint3:"0.9907319545745849609375,-0.0589909814298152923583984375,0.12235321104526519775390625";
      1 = xpoint3:"0,-0.900770843029022216796875,-0.43429470062255859375";
      2 = xpoint3:"0.1358316838741302490234375,0.43026959896087646484375,-0.8924224376678466796875";
    }
  }
  #4 = {
    scale = fixp:"1";
    name = str:"Part02";
    translation = xpoint3:"-31.25030517578125,46.012454986572265625,108.7577667236328125";
    rotation = {
      0 = xpoint3:"0.990652382373809814453125,0.0592423789203166961669921875,-0.122874639928340911865234375";
      1 = xpoint3:"0,-0.900770843029022216796875,-0.43429470062255859375";
      2 = xpoint3:"-0.13641054928302764892578125,0.430235087871551513671875,-0.89235079288482666015625";
    }
  }
  #5 = {
    scale = fixp:"1";
    name = str:"Part03";
    translation = xpoint3:"23.13665008544921875,18.4073925018310546875,184.08599853515625";
    rotation = {
      0 = xpoint3:"0.9907319545745849609375,-0.0589909814298152923583984375,0.12235321104526519775390625";
      1 = xpoint3:"0,-0.900770843029022216796875,-0.43429470062255859375";
      2 = xpoint3:"0.1358316838741302490234375,0.43026959896087646484375,-0.8924224376678466796875";
    }
  }
  #6 = {
    scale = fixp:"1";
    name = str:"Part04";
    translation = xpoint3:"-23.13700103759765625,18.4073925018310546875,184.08599853515625";
    rotation = {
      0 = xpoint3:"0.984972536563873291015625,0.075007505714893341064453125,-0.15557311475276947021484375";
      1 = xpoint3:"0,-0.900770843029022216796875,-0.43429470062255859375";
      2 = xpoint3:"-0.17271108925342559814453125,0.42776834964752197265625,-0.887234508991241455078125";
    }
  }
  #7 = {
    scale = fixp:"1";
    name = str:"Part05";
    translation = xpoint3:"-67.390594482421875,-60.70633697509765625,243.955169677734375";
    rotation = {
      0 = xpoint3:"1,0,0";
      1 = xpoint3:"0,1,0";
      2 = xpoint3:"0,0,1";
    }
  }
  #8 = {
    scale = fixp:"1";
    name = str:"Part06";
    translation = xpoint3:"68.18250274658203125,-50.722164154052734375,241.68115234375";
    rotation = {
      0 = xpoint3:"1,0,0";
      1 = xpoint3:"0,1,0";
      2 = xpoint3:"0,0,1";
    }
  }
  #9 = {
    scale = fixp:"1";
    name = str:"Part07";
    translation = xpoint3:"0,13.4004650115966796875,172.3781890869140625";
    rotation = {
      0 = xpoint3:"1,0,0";
      1 = xpoint3:"0,0.971463680267333984375,0.2371884286403656005859375";
      2 = xpoint3:"0,-0.2371884286403656005859375,0.971463680267333984375";
    }
  }
  #11 = {
    scale = fixp:"1";
    name = str:"Plane02";
    translation = xpoint3:"0.3850278556346893310546875,-0.070237167179584503173828125,60.000003814697265625";
    rotation = {
      0 = xpoint3:"0.1736479699611663818359375,0.984807789325714111328125,0";
      1 = xpoint3:"-0.984807789325714111328125,0.1736479699611663818359375,0";
      2 = xpoint3:"0,0,1";
    }
  }
  #12 = {
    scale = fixp:"1";
    name = str:"Plane01";
    translation = xpoint3:"0,0,0";
    rotation = {
      0 = xpoint3:"1,0,0";
      1 = xpoint3:"0,0,-1";
      2 = xpoint3:"0,1,0";
    }
  }
}