model = {
  file = str:"data\models\units\dominator\dominator.nif";
  animation = {
    loop = fixp:"0";
    duration = fixp:"31.3333339691162109375";
  }
  #0 = {
    scale = fixp:"1";
    name = str:"default14";
    translation = xpoint3:"0,0,0";
    rotation = {
      0 = xpoint3:"1,0,0";
      1 = xpoint3:"0,-1,0";
      2 = xpoint3:"0,0,-1";
    }
  }
  #1 = {
    scale = fixp:"1";
    name = str:"ROOT";
    translation = xpoint3:"0,0,0";
    rotation = {
      0 = xpoint3:"1,0,0";
      1 = xpoint3:"0,1,0";
      2 = xpoint3:"0,0,1";
    }
    #3 = {
      scale = fixp:"1";
      name = str:"ROOT NonAccum";
      translation = xpoint3:"0,0,0";
      rotation = {
        0 = xpoint3:"1,0,0";
        1 = xpoint3:"0,1,0";
        2 = xpoint3:"0,0,1";
      }
      #0 = {
        scale = fixp:"1";
        name = str:"Bip01";
        translation = xpoint3:"-0.06336307525634765625,10.754974365234375,149.6679534912109375";
        rotation = {
          0 = xpoint3:"0,0.999999940395355224609375,0";
          1 = xpoint3:"-0.999999940395355224609375,0,0";
          2 = xpoint3:"0,0,1";
        }
        #0 = {
          scale = fixp:"1";
          name = str:"Bip01 Pelvis01";
          translation = xpoint3:"0,0,0";
          rotation = {
            0 = xpoint3:"0,1,0";
            1 = xpoint3:"0,0,1";
            2 = xpoint3:"1,0,0";
          }
          #0 = {
            scale = fixp:"1";
            name = str:"Bip01 R Thigh01";
            translation = xpoint3:"0,0,-13.51375865936279296875";
            rotation = {
              0 = xpoint3:"-0.76055812835693359375,0.561777532100677490234375,0.3215625286102294921875";
              1 = xpoint3:"0.482117116451263427734375,0.8240697383880615234375,-0.29701328277587890625";
              2 = xpoint3:"-0.43192541599273681640625,-0.071132190525531768798828125,-0.897567272186279296875";
            }
            #0 = {
              scale = fixp:"1";
              name = str:"Bip01 R Calf01";
              translation = xpoint3:"77.0057220458984375,0,0";
              rotation = {
                0 = xpoint3:"-0.15905702114105224609375,0.954326808452606201171875,0.249558269977569580078125";
                1 = xpoint3:"-0.986232340335845947265625,-0.14893543720245361328125,-0.0591334402561187744140625";
                2 = xpoint3:"-0.019097335636615753173828125,-0.25575649738311767578125,0.966527462005615234375";
              }
              #0 = {
                scale = fixp:"1";
                name = str:"Bip01 R HorseLink01";
                translation = xpoint3:"79.8355560302734375,0,0";
                rotation = {
                  0 = xpoint3:"-0.57227599620819091796875,-0.8186686038970947265625,0";
                  1 = xpoint3:"0.8186686038970947265625,-0.57227599620819091796875,0";
                  2 = xpoint3:"0,0,1";
                }
                #0 = {
                  scale = fixp:"1";
                  name = str:"Bip01 R Foot01";
                  translation = xpoint3:"44.65932464599609375,0,0";
                  rotation = {
                    0 = xpoint3:"0.482395946979522705078125,0.862549483776092529296875,0.15017105638980865478515625";
                    1 = xpoint3:"-0.871367514133453369140625,0.489686906337738037109375,-0.0135939419269561767578125";
                    2 = xpoint3:"-0.0852151215076446533203125,-0.1243966519832611083984375,0.98855817317962646484375";
                  }
                  #0 = {
                    scale = fixp:"1";
                    name = str:"Bip01 R Toe03";
                    translation = xpoint3:"34.535614013671875,44.445835113525390625,0";
                    rotation = {
                      0 = xpoint3:"0,-0.9992744922637939453125,0";
                      1 = xpoint3:"0.9992744922637939453125,0,0";
                      2 = xpoint3:"0,0,1";
                    }
                  }
                  #1 = {
                    scale = fixp:"1";
                    name = str:"pt_foot";
                    translation = xpoint3:"20.008449554443359375,14.11827850341796875,0.401927769184112548828125";
                    rotation = {
                      0 = xpoint3:"0,-0.0011215428821742534637451171875,-0.999999225139617919921875";
                      1 = xpoint3:"-0.0068478626199066638946533203125,-0.9999759197235107421875,0.0011253743432462215423583984375";
                      2 = xpoint3:"-0.999976456165313720703125,0.0068484912626445293426513671875,0";
                    }
                  }
                  #2 = {
                    scale = fixp:"1";
                    name = str:"pt_footprint01";
                    translation = xpoint3:"34.4891510009765625,14.119846343994140625,1.22443115711212158203125";
                    rotation = {
                      0 = xpoint3:"0,-0.0011213743127882480621337890625,-0.999999225139617919921875";
                      1 = xpoint3:"-0.0068476083688437938690185546875,-0.9999759197235107421875,0.00112520507536828517913818359375";
                      2 = xpoint3:"-0.999976456165313720703125,0.00684823654592037200927734375,0";
                    }
                  }
                }
              }
            }
          }
          #1 = {
            scale = fixp:"1";
            name = str:"Bip01 L Thigh01";
            translation = xpoint3:"0,0,13.5137729644775390625";
            rotation = {
              0 = xpoint3:"-0.76510155200958251953125,0.562339007854461669921875,-0.30956876277923583984375";
              1 = xpoint3:"0.486534655094146728515625,0.823577463626861572265625,0.2911153733730316162109375";
              2 = xpoint3:"0.4187386035919189453125,0.072380684316158294677734375,-0.903690338134765625";
            }
            #0 = {
              scale = fixp:"1";
              name = str:"Bip01 L Calf01";
              translation = xpoint3:"77.0057220458984375,0,0";
              rotation = {
                0 = xpoint3:"-0.14292752742767333984375,0.951100766658782958984375,-0.27077734470367431640625";
                1 = xpoint3:"-0.988873541355133056640625,-0.13563907146453857421875,0.045639850199222564697265625";
                2 = xpoint3:"0.006488323211669921875,0.2745200693607330322265625,0.9615304470062255859375";
              }
              #0 = {
                scale = fixp:"1";
                name = str:"Bip01 L HorseLink01";
                translation = xpoint3:"79.8355560302734375,0,0";
                rotation = {
                  0 = xpoint3:"-0.571056663990020751953125,-0.81945788860321044921875,-0.010160471312701702117919921875";
                  1 = xpoint3:"0.81952083110809326171875,-0.5710127353668212890625,-0.0070887473411858081817626953125";
                  2 = xpoint3:"0,-0.01238892786204814910888671875,0.999923169612884521484375";
                }
                #0 = {
                  scale = fixp:"1";
                  name = str:"Bip01 L Foot01";
                  translation = xpoint3:"44.659328460693359375,0,0";
                  rotation = {
                    0 = xpoint3:"0.4959468841552734375,0.864778697490692138671875,-0.073912344872951507568359375";
                    1 = xpoint3:"-0.865729153156280517578125,0.498954296112060546875,0.02881874330341815948486328125";
                    2 = xpoint3:"0.0617919228971004486083984375,0.04975251853466033935546875,0.9968459606170654296875";
                  }
                  #0 = {
                    scale = fixp:"1";
                    name = str:"Bip01 L Toe03";
                    translation = xpoint3:"33.605220794677734375,43.248504638671875,0";
                    rotation = {
                      0 = xpoint3:"0,-0.9992744922637939453125,0";
                      1 = xpoint3:"0.9992744922637939453125,0,0";
                      2 = xpoint3:"0,0,1";
                    }
                  }
                  #1 = {
                    scale = fixp:"1";
                    name = str:"pt_foot@#0";
                    translation = xpoint3:"19.4874629974365234375,13.339141845703125,-0.1859671175479888916015625";
                    rotation = {
                      0 = xpoint3:"0.00211238674819469451904296875,-0.025005586445331573486328125,-0.9996850490570068359375";
                      1 = xpoint3:"0.048614345490932464599609375,-0.9985027313232421875,0.0250787325203418731689453125";
                      2 = xpoint3:"-0.99881541728973388671875,-0.0486520119011402130126953125,0";
                    }
                  }
                  #2 = {
                    scale = fixp:"1";
                    name = str:"pt_footprint02";
                    translation = xpoint3:"33.981533050537109375,12.8585491180419921875,0.047597594559192657470703125";
                    rotation = {
                      0 = xpoint3:"0.0021123788319528102874755859375,-0.0250044055283069610595703125,-0.999685108661651611328125";
                      1 = xpoint3:"0.0486138425767421722412109375,-0.9985027313232421875,0.0250775553286075592041015625";
                      2 = xpoint3:"-0.998815357685089111328125,-0.0486515052616596221923828125,0";
                    }
                  }
                }
              }
            }
          }
          #2 = {
            scale = fixp:"1";
            name = str:"Bip01 Spine01";
            translation = xpoint3:"15.55009746551513671875,-0.0417716093361377716064453125,0";
            rotation = {
              0 = xpoint3:"0.9762668609619140625,-0.2165710926055908203125,0";
              1 = xpoint3:"0.2165710926055908203125,0.9762668609619140625,0";
              2 = xpoint3:"0,0,1";
            }
            #0 = {
              scale = fixp:"1";
              name = str:"Bip01 Neck01";
              translation = xpoint3:"53.739635467529296875,-0.0068687885068356990814208984375,0";
              rotation = {
                0 = xpoint3:"0.344952762126922607421875,-0.938620030879974365234375,0";
                1 = xpoint3:"0.938620030879974365234375,0.344952762126922607421875,0";
                2 = xpoint3:"0,0,1";
              }
              #0 = {
                scale = fixp:"1";
                name = str:"Bip01 Head01";
                translation = xpoint3:"24.9422969818115234375,0,0";
                rotation = {
                  0 = xpoint3:"0.097952902317047119140625,0.995191037654876708984375,0";
                  1 = xpoint3:"-0.995191037654876708984375,0.097952902317047119140625,0";
                  2 = xpoint3:"0,0,1";
                }
                #0 = {
                  scale = fixp:"1";
                  name = str:"pt_head";
                  translation = xpoint3:"17.188442230224609375,1.70195019245147705078125,0.0819854438304901123046875";
                  rotation = {
                    0 = xpoint3:"0,-0.1385491192340850830078125,0.99035561084747314453125";
                    1 = xpoint3:"0,-0.99035561084747314453125,-0.1385491192340850830078125";
                    2 = xpoint3:"1,0,0";
                  }
                }
              }
            }
            #1 = {
              scale = fixp:"1";
              name = str:"IK Chain01";
              translation = xpoint3:"-11.4574737548828125,77.01073455810546875,-59.897552490234375";
              rotation = {
                0 = xpoint3:"0,-0.21622727811336517333984375,0.975599825382232666015625";
                1 = xpoint3:"0,-0.97487413883209228515625,-0.21622727811336517333984375";
                2 = xpoint3:"0.999274313449859619140625,0,0";
              }
            }
            #2 = {
              scale = fixp:"1";
              name = str:"IK Chain02";
              translation = xpoint3:"-10.4026165008544921875,77.6476898193359375,66.0580596923828125";
              rotation = {
                0 = xpoint3:"0,-0.21622727811336517333984375,0.975599825382232666015625";
                1 = xpoint3:"0,-0.97487413883209228515625,-0.21622727811336517333984375";
                2 = xpoint3:"0.999274313449859619140625,0,0";
              }
            }
            #3 = {
              scale = fixp:"1";
              name = str:"Bip01 R Clavicle01";
              translation = xpoint3:"53.72100830078125,0,-3.61585903167724609375";
              rotation = {
                0 = xpoint3:"-0.483684718608856201171875,0,-0.875242292881011962890625";
                1 = xpoint3:"0.41670286655426025390625,-0.87957561016082763671875,-0.2295781672000885009765625";
                2 = xpoint3:"-0.769680678844451904296875,-0.4757592976093292236328125,0.425728738307952880859375";
              }
              #0 = {
                scale = fixp:"1";
                name = str:"Bone01";
                translation = xpoint3:"57.1080474853515625,1.44173085689544677734375,-2.2076511383056640625";
                rotation = {
                  0 = xpoint3:"0.909095704555511474609375,-0.20809233188629150390625,0.3608913719654083251953125";
                  1 = xpoint3:"-0.4165561199188232421875,-0.443470060825347900390625,0.7936089038848876953125";
                  2 = xpoint3:"-0.005099356174468994140625,-0.87179791927337646484375,-0.4898388385772705078125";
                }
                #0 = {
                  scale = fixp:"1";
                  name = str:"BONE_GUN_1";
                  translation = xpoint3:"19.790134429931640625,0,0";
                  rotation = {
                    0 = xpoint3:"0.8628818988800048828125,0.1046034395694732666015625,0.4942610263824462890625";
                    1 = xpoint3:"-0.13896302878856658935546875,0.98973715305328369140625,0.0330874361097812652587890625";
                    2 = xpoint3:"-0.48572123050689697265625,-0.09728114306926727294921875,0.868573844432830810546875";
                  }
                  #0 = {
                    scale = fixp:"1";
                    name = str:"Bone03";
                    translation = xpoint3:"51.290538787841796875,0,0";
                    rotation = {
                      0 = xpoint3:"1,0,0";
                      1 = xpoint3:"0,1,0";
                      2 = xpoint3:"0,0,1";
                    }
                    #0 = {
                      scale = fixp:"1";
                      name = str:"pt_hand";
                      translation = xpoint3:"-19.7091217041015625,6.29633617401123046875,4.415497303009033203125";
                      rotation = {
                        0 = xpoint3:"0,-0.703344643115997314453125,-0.7108490467071533203125";
                        1 = xpoint3:"-0.731786668300628662109375,-0.484666347503662109375,0.4791525304317474365234375";
                        2 = xpoint3:"-0.6815338134765625,0.520004928112030029296875,-0.5148851871490478515625";
                      }
                    }
                  }
                  #1 = {
                    scale = fixp:"1";
                    name = str:"pt_shoot_1";
                    translation = xpoint3:"102.841156005859375,10.70230579376220703125,12.0139522552490234375";
                    rotation = {
                      0 = xpoint3:"0,-0.999068737030029296875,0.0431467592716217041015625";
                      1 = xpoint3:"-0.72341144084930419921875,0.02950759232044219970703125,0.689786434173583984375";
                      2 = xpoint3:"-0.69041717052459716796875,-0.0314816534519195556640625,-0.72272622585296630859375";
                    }
                  }
                }
              }
            }
            #4 = {
              scale = fixp:"1";
              name = str:"Bip01 L Clavicle01";
              translation = xpoint3:"53.72100830078125,0,3.615828037261962890625";
              rotation = {
                0 = xpoint3:"-0.48368442058563232421875,0,0.8752422332763671875";
                1 = xpoint3:"0.41669881343841552734375,-0.87957775592803955078125,0.22957585752010345458984375";
                2 = xpoint3:"0.76968276500701904296875,0.47575461864471435546875,0.4257299602031707763671875";
              }
              #0 = {
                scale = fixp:"1";
                name = str:"Bone04";
                translation = xpoint3:"56.39835357666015625,-1.243133544921875,2.3449423313140869140625";
                rotation = {
                  0 = xpoint3:"0.933633327484130859375,-0.2247570455074310302734375,-0.2789499461650848388671875";
                  1 = xpoint3:"-0.3524692952632904052734375,-0.43726360797882080078125,-0.82738494873046875";
                  2 = xpoint3:"0.063985951244831085205078125,0.8707954883575439453125,-0.48746383190155029296875";
                }
                #0 = {
                  scale = fixp:"1";
                  name = str:"BONE_GUN_2";
                  translation = xpoint3:"19.7901325225830078125,0,0";
                  rotation = {
                    0 = xpoint3:"0.8784618377685546875,0.2022121250629425048828125,-0.4327108561992645263671875";
                    1 = xpoint3:"-0.1661999523639678955078125,0.97875750064849853515625,0.11991886794567108154296875";
                    2 = xpoint3:"0.4477789700031280517578125,-0.033364832401275634765625,0.893435001373291015625";
                  }
                  #0 = {
                    scale = fixp:"1";
                    name = str:"Bone06";
                    translation = xpoint3:"51.290523529052734375,0,0";
                    rotation = {
                      0 = xpoint3:"1,0,0";
                      1 = xpoint3:"0,1,0";
                      2 = xpoint3:"0,0,1";
                    }
                    #0 = {
                      scale = fixp:"1";
                      name = str:"pt_hand@#1";
                      translation = xpoint3:"-20.3980884552001953125,2.5228302478790283203125,-1.66979277133941650390625";
                      rotation = {
                        0 = xpoint3:"0.071955166757106781005859375,-0.669182240962982177734375,-0.739606380462646484375";
                        1 = xpoint3:"0.704548895359039306640625,-0.49077689647674560546875,0.5125904083251953125";
                        2 = xpoint3:"-0.70599806308746337890625,-0.557972431182861328125,0.4361576735973358154296875";
                      }
                    }
                  }
                  #1 = {
                    scale = fixp:"1";
                    name = str:"pt_shoot_2";
                    translation = xpoint3:"103.1410369873046875,7.840315341949462890625,0.438825130462646484375";
                    rotation = {
                      0 = xpoint3:"0.074057511985301971435546875,-0.9954912662506103515625,-0.0592696964740753173828125";
                      1 = xpoint3:"0.8177411556243896484375,0.0266014039516448974609375,0.574971377849578857421875";
                      2 = xpoint3:"-0.570802211761474609375,-0.09104831516742706298828125,0.81602394580841064453125";
                    }
                  }
                }
              }
            }
            #5 = {
              scale = fixp:"1";
              name = str:"Point06";
              translation = xpoint3:"5.25769329071044921875,55.598052978515625,-1.9407036304473876953125";
              rotation = {
                0 = xpoint3:"0,0.97588789463043212890625,0.218273222446441650390625";
                1 = xpoint3:"0,-0.218273341655731201171875,0.97588789463043212890625";
                2 = xpoint3:"1.0000002384185791015625,0,0";
              }
            }
            #6 = {
              scale = fixp:"1";
              name = str:"Point05";
              translation = xpoint3:"8.570575714111328125,51.560909271240234375,125.1520843505859375";
              rotation = {
                0 = xpoint3:"0,0.97588789463043212890625,0.218273222446441650390625";
                1 = xpoint3:"0,-0.218273341655731201171875,0.97588789463043212890625";
                2 = xpoint3:"1.0000002384185791015625,0,0";
              }
            }
            #7 = {
              scale = fixp:"1";
              name = str:"pt_chest ";
              translation = xpoint3:"38.0031585693359375,-1.4011266231536865234375,0.7460172176361083984375";
              rotation = {
                0 = xpoint3:"0,-0.3816818296909332275390625,0.9242937564849853515625";
                1 = xpoint3:"0,-0.9242937564849853515625,-0.3816818296909332275390625";
                2 = xpoint3:"1,0,0";
              }
            }
          }
          #3 = {
            scale = fixp:"1";
            name = str:"Point09";
            translation = xpoint3:"-135.794677734375,33.805507659912109375,-11.1884746551513671875";
            rotation = {
              0 = xpoint3:"0,1,0";
              1 = xpoint3:"0,0,1";
              2 = xpoint3:"1,0,0";
            }
          }
          #4 = {
            scale = fixp:"1";
            name = str:"Point08";
            translation = xpoint3:"-84.27037811279296875,76.59554290771484375,54.37070465087890625";
            rotation = {
              0 = xpoint3:"0,0.999972879886627197265625,0.0073771774768829345703125";
              1 = xpoint3:"0,-0.00737726688385009765625,0.999972879886627197265625";
              2 = xpoint3:"1.00000011920928955078125,0,0";
            }
          }
        }
        #1 = {
          scale = fixp:"1";
          name = str:"pt_cast";
          translation = xpoint3:"98.9825592041015625,0.473798215389251708984375,33.139865875244140625";
          rotation = {
            0 = xpoint3:"0,-0.999999940395355224609375,0";
            1 = xpoint3:"0.999999940395355224609375,0,0";
            2 = xpoint3:"0,0,1";
          }
        }
        #2 = {
          scale = fixp:"1";
          name = str:"pt_center";
          translation = xpoint3:"2.15567779541015625,1.6724655628204345703125,17.9714221954345703125";
          rotation = {
            0 = xpoint3:"0,-0.999999940395355224609375,0";
            1 = xpoint3:"0.999999940395355224609375,0,0";
            2 = xpoint3:"0,0,1";
          }
        }
      }
      #1 = {
        scale = fixp:"1";
        name = str:"pt_top";
        translation = xpoint3:"0.4442596733570098876953125,-0.711142480373382568359375,297.51226806640625";
        rotation = {
          0 = xpoint3:"1,0,0";
          1 = xpoint3:"0,1,0";
          2 = xpoint3:"0,0,1";
        }
      }
      #2 = {
        scale = fixp:"1";
        name = str:"pt_ground";
        translation = xpoint3:"0,0,0";
        rotation = {
          0 = xpoint3:"1,0,0";
          1 = xpoint3:"0,1,0";
          2 = xpoint3:"0,0,1";
        }
      }
      #3 = {
        scale = fixp:"1";
        name = str:"pt_aim";
        translation = xpoint3:"0.6885833740234375,7.17322444915771484375,177.3195648193359375";
        rotation = {
          0 = xpoint3:"1,0,0";
          1 = xpoint3:"0,1,0";
          2 = xpoint3:"0,0,1";
        }
      }
    }
  }
  #2 = {
    scale = fixp:"1";
    name = str:"Dominator748";
    translation = xpoint3:"0,0,0";
    rotation = {
      0 = xpoint3:"1,0,0";
      1 = xpoint3:"0,1,0";
      2 = xpoint3:"0,0,1";
    }
  }
  #3 = {
    scale = fixp:"1";
    name = str:"Dominator 377";
    translation = xpoint3:"0,0,0";
    rotation = {
      0 = xpoint3:"1,0,0";
      1 = xpoint3:"0,1,0";
      2 = xpoint3:"0,0,1";
    }
  }
}