model = {
  file = str:"data\models\units\dominator\dominator2.nif";
  animation = {
    loop = fixp:"0";
    duration = fixp:"22.0666675567626953125";
  }
  #1 = {
    scale = fixp:"1";
    name = str:"ROOT";
    translation = xpoint3:"0,0,0";
    rotation = {
      0 = xpoint3:"1,0,0";
      1 = xpoint3:"0,1,0";
      2 = xpoint3:"0,0,1";
    }
    #1 = {
      scale = fixp:"1";
      name = str:"ROOT NonAccum";
      translation = xpoint3:"0,0,0";
      rotation = {
        0 = xpoint3:"1,0,0";
        1 = xpoint3:"0,1,0";
        2 = xpoint3:"0,0,1";
      }
      #0 = {
        scale = fixp:"1";
        name = str:"Bip01";
        translation = xpoint3:"0,-9.24817657470703125,155.1074066162109375";
        rotation = {
          0 = xpoint3:"0,1,0";
          1 = xpoint3:"-1,0,0";
          2 = xpoint3:"0,0,1";
        }
        #0 = {
          scale = fixp:"1";
          name = str:"Bip01 Pelvis01";
          translation = xpoint3:"-7.598965167999267578125,0,0";
          rotation = {
            0 = xpoint3:"0,1,0";
            1 = xpoint3:"0,0,1";
            2 = xpoint3:"1,0,0";
          }
          #0 = {
            scale = fixp:"1";
            name = str:"Bip01 R Thigh01";
            translation = xpoint3:"0,0,-23.262767791748046875";
            rotation = {
              0 = xpoint3:"-0.935582339763641357421875,0.2388108074665069580078125,0.2546491324901580810546875";
              1 = xpoint3:"0.1268812119960784912109375,0.912560164928436279296875,-0.3885977268218994140625";
              2 = xpoint3:"-0.3252352178096771240234375,-0.33177769184112548828125,-0.88397490978240966796875";
            }
            #0 = {
              scale = fixp:"1";
              name = str:"Bip01 R Calf01";
              translation = xpoint3:"90.10642242431640625,0,0";
              rotation = {
                0 = xpoint3:"0.15880878269672393798828125,0.974496066570281982421875,-0.15464954078197479248046875";
                1 = xpoint3:"-0.977321565151214599609375,0.133839666843414306640625,-0.16022659838199615478515625";
                2 = xpoint3:"-0.13565258681774139404296875,0.17659960687160491943359375,0.97487151622772216796875";
              }
              #0 = {
                scale = fixp:"1";
                name = str:"Bip01 R HorseLink01";
                translation = xpoint3:"51.016216278076171875,0,0";
                rotation = {
                  0 = xpoint3:"-0.364711284637451171875,-0.93005645275115966796875,0";
                  1 = xpoint3:"0.93005645275115966796875,-0.364711284637451171875,0";
                  2 = xpoint3:"0,0,1";
                }
                #0 = {
                  scale = fixp:"1";
                  name = str:"Bip01 R Foot01";
                  translation = xpoint3:"33.516773223876953125,0,0";
                  rotation = {
                    0 = xpoint3:"0.62592136859893798828125,0.65295183658599853515625,0.4258325994014739990234375";
                    1 = xpoint3:"-0.6930539608001708984375,0.7161960601806640625,-0.07954616844654083251953125";
                    2 = xpoint3:"-0.3568694293498992919921875,-0.24557121098041534423828125,0.901218950748443603515625";
                  }
                }
              }
            }
          }
          #1 = {
            scale = fixp:"1";
            name = str:"Bip01 L Thigh01";
            translation = xpoint3:"0,0,23.2627696990966796875";
            rotation = {
              0 = xpoint3:"-0.765537083148956298828125,0.636738359928131103515625,-0.077169291675090789794921875";
              1 = xpoint3:"0.574866473674774169921875,0.735837638378143310546875,0.357334792613983154296875";
              2 = xpoint3:"0.284463226795196533203125,0.2296168804168701171875,-0.9292776584625244140625";
            }
            #0 = {
              scale = fixp:"1";
              name = str:"Bip01 L Calf01";
              translation = xpoint3:"90.10638427734375,0,0";
              rotation = {
                0 = xpoint3:"0.10514281690120697021484375,0.991138458251953125,0.072738461196422576904296875";
                1 = xpoint3:"-0.9920482635498046875,0.109024383127689361572265625,-0.051584400236606597900390625";
                2 = xpoint3:"-0.0590476132929325103759765625,-0.0668222606182098388671875,0.996013224124908447265625";
              }
              #0 = {
                scale = fixp:"1";
                name = str:"Bip01 L HorseLink01";
                translation = xpoint3:"51.01621246337890625,0,0";
                rotation = {
                  0 = xpoint3:"-0.06257915496826171875,-0.997267246246337890625,0";
                  1 = xpoint3:"0.997267246246337890625,-0.06257915496826171875,0";
                  2 = xpoint3:"0,0,1";
                }
                #0 = {
                  scale = fixp:"1";
                  name = str:"Bip01 L Foot01";
                  translation = xpoint3:"33.516780853271484375,0,0";
                  rotation = {
                    0 = xpoint3:"0.64053428173065185546875,0.757824957370758056640625,-0.12204758822917938232421875";
                    1 = xpoint3:"-0.749534785747528076171875,0.651795208454132080078125,0.11338150501251220703125";
                    2 = xpoint3:"0.16550488770008087158203125,0.0189501903951168060302734375,0.986016571521759033203125";
                  }
                }
              }
            }
          }
          #2 = {
            scale = fixp:"1";
            name = str:"Bip01 Spine02";
            translation = xpoint3:"15.5185871124267578125,-0.0279442369937896728515625,0";
            rotation = {
              0 = xpoint3:"0.982506096363067626953125,-0.1862303316593170166015625,0";
              1 = xpoint3:"0.1862303316593170166015625,0.982506096363067626953125,0";
              2 = xpoint3:"0,0,1";
            }
            #0 = {
              scale = fixp:"1";
              name = str:"Bip01 Spine03";
              translation = xpoint3:"35.09117889404296875,-0.02733963169157505035400390625,0";
              rotation = {
                0 = xpoint3:"0.965534627437591552734375,-0.2584686279296875,0.03060789220035076141357421875";
                1 = xpoint3:"0.250415980815887451171875,0.954575955867767333984375,0.161482393741607666015625";
                2 = xpoint3:"-0.070955686271190643310546875,-0.14825212955474853515625,0.9864008426666259765625";
              }
              #0 = {
                scale = fixp:"1";
                name = str:"Bip01 Neck01";
                translation = xpoint3:"35.085453033447265625,-0.00806326232850551605224609375,0";
                rotation = {
                  0 = xpoint3:"1,0,0";
                  1 = xpoint3:"0,1,0";
                  2 = xpoint3:"0,0,1";
                }
                #0 = {
                  scale = fixp:"1";
                  name = str:"Bip01 Head01";
                  translation = xpoint3:"6.572731494903564453125,12.0022373199462890625,0";
                  rotation = {
                    0 = xpoint3:"0.985312163829803466796875,0.15522007644176483154296875,-0.07118089497089385986328125";
                    1 = xpoint3:"-0.16435025632381439208984375,0.975154876708984375,-0.14853270351886749267578125";
                    2 = xpoint3:"0.0463571362197399139404296875,0.15804968774318695068359375,0.986342370510101318359375";
                  }
                  #0 = {
                    scale = fixp:"1";
                    name = str:"pt_head";
                    translation = xpoint3:"18.402095794677734375,1.04123628139495849609375,-0.08795751631259918212890625";
                    rotation = {
                      0 = xpoint3:"-0.00344619317911565303802490234375,0.004333454184234142303466796875,0.999984681606292724609375";
                      1 = xpoint3:"0,-0.99999058246612548828125,0.004333497025072574615478515625";
                      2 = xpoint3:"0.9999940395355224609375,0,0.00344613916240632534027099609375";
                    }
                  }
                }
                #1 = {
                  scale = fixp:"1";
                  name = str:"Bip01 L Clavicle01";
                  translation = xpoint3:"0,0.0080414898693561553955078125,4.723052501678466796875";
                  rotation = {
                    0 = xpoint3:"-0.3643318116664886474609375,0,0.931268870830535888671875";
                    1 = xpoint3:"-0.19471229612827301025390625,-0.97783386707305908203125,-0.076993592083454132080078125";
                    2 = xpoint3:"0.9106862545013427734375,-0.20938070118427276611328125,0.3561042845249176025390625";
                  }
                  #0 = {
                    scale = fixp:"1";
                    name = str:"Bip01 L UpperArm01";
                    translation = xpoint3:"45.508213043212890625,0,0";
                    rotation = {
                      0 = xpoint3:"0.848957955837249755859375,-0.106653936207294464111328125,0.517374217510223388671875";
                      1 = xpoint3:"-0.2277322709560394287109375,0.80997467041015625,0.54018819332122802734375";
                      2 = xpoint3:"-0.4766436517238616943359375,-0.57644617557525634765625,0.663349092006683349609375";
                    }
                    #0 = {
                      scale = fixp:"1";
                      name = str:"Bip01 L Forearm01";
                      translation = xpoint3:"45.96671295166015625,0,0";
                      rotation = {
                        0 = xpoint3:"0.18796028196811676025390625,0.975693285465240478515625,0.1073081791400909423828125";
                        1 = xpoint3:"-0.846564829349517822265625,0.21653078496456146240234375,-0.4850828349590301513671875";
                        2 = xpoint3:"-0.4968102276325225830078125,0,0.86774861812591552734375";
                      }
                      #0 = {
                        scale = fixp:"1";
                        name = str:"Bip01 L Hand01";
                        translation = xpoint3:"29.9284763336181640625,0,0";
                        rotation = {
                          0 = xpoint3:"0.99807584285736083984375,-0.0284826718270778656005859375,-0.0550509802997112274169921875";
                          1 = xpoint3:"0.0545777566730976104736328125,-0.01639709062874317169189453125,0.997635900974273681640625";
                          2 = xpoint3:"-0.0293792746961116790771484375,-0.998721659183502197265625,-0.01480847038328647613525390625";
                        }
                        #0 = {
                          scale = fixp:"1";
                          name = str:"Bip01 L Finger04";
                          translation = xpoint3:"16.98046112060546875,4.4687061309814453125,-14.56817913055419921875";
                          rotation = {
                            0 = xpoint3:"0.6015474796295166015625,0.007192909717559814453125,0.798804700374603271484375";
                            1 = xpoint3:"0.6900203227996826171875,0.4991682469844818115234375,-0.524121224880218505859375";
                            2 = xpoint3:"-0.402507960796356201171875,0.866475284099578857421875,0.2953101098537445068359375";
                          }
                          #0 = {
                            scale = fixp:"1";
                            name = str:"Bip01 L Finger05";
                            translation = xpoint3:"13.69956874847412109375,0,0";
                            rotation = {
                              0 = xpoint3:"0.495984733104705810546875,-0.7274668216705322265625,-0.4741214215755462646484375";
                              1 = xpoint3:"0.615218639373779296875,0.679726123809814453125,-0.39934742450714111328125";
                              2 = xpoint3:"0.61278474330902099609375,-0.09361810982227325439453125,0.784684956073760986328125";
                            }
                          }
                        }
                        #1 = {
                          scale = fixp:"1";
                          name = str:"Bip01 L Finger06";
                          translation = xpoint3:"25.4720668792724609375,-3.150223255157470703125,-7.288802623748779296875";
                          rotation = {
                            0 = xpoint3:"0.963450372219085693359375,0.266877830028533935546875,-0.0232280530035495758056640625";
                            1 = xpoint3:"-0.2666594982147216796875,0.963714897632598876953125,0.0120959579944610595703125";
                            2 = xpoint3:"0.0256133638322353363037109375,-0.00545987300574779510498046875,0.99965703487396240234375";
                          }
                          #0 = {
                            scale = fixp:"1";
                            name = str:"Bip01 L Finger07";
                            translation = xpoint3:"16.6175365447998046875,0,0";
                            rotation = {
                              0 = xpoint3:"0.101623833179473876953125,-0.994822919368743896484375,0";
                              1 = xpoint3:"0.994822919368743896484375,0.101623833179473876953125,0";
                              2 = xpoint3:"0,0,1";
                            }
                          }
                        }
                        #2 = {
                          scale = fixp:"1";
                          name = str:"Bip01 L Finger08";
                          translation = xpoint3:"27.25913238525390625,-2.6150557994842529296875,5.053845882415771484375";
                          rotation = {
                            0 = xpoint3:"0.99454414844512939453125,-0.07592217624187469482421875,-0.071538873016834259033203125";
                            1 = xpoint3:"0.07779233157634735107421875,0.996687233448028564453125,0.023724786937236785888671875";
                            2 = xpoint3:"0.069500647485256195068359375,-0.029160521924495697021484375,0.997155606746673583984375";
                          }
                          #0 = {
                            scale = fixp:"1";
                            name = str:"Bip01 L Finger09";
                            translation = xpoint3:"18.108600616455078125,0.0240331590175628662109375,0.0738310515880584716796875";
                            rotation = {
                              0 = xpoint3:"0.10761027038097381591796875,-0.97694885730743408203125,0.18436647951602935791015625";
                              1 = xpoint3:"0.972982883453369140625,0.141588747501373291015625,0.18236510455608367919921875";
                              2 = xpoint3:"-0.20426560938358306884765625,0.15976105630397796630859375,0.96579086780548095703125";
                            }
                          }
                        }
                        #3 = {
                          scale = fixp:"1";
                          name = str:"Bip01 L Finger10";
                          translation = xpoint3:"24.41613006591796875,2.7794663906097412109375,13.5682125091552734375";
                          rotation = {
                            0 = xpoint3:"0.932211697101593017578125,-0.222487747669219970703125,-0.2854481041431427001953125";
                            1 = xpoint3:"0.243766009807586669921875,0.968973934650421142578125,0.04083649814128875732421875";
                            2 = xpoint3:"0.2675061523914337158203125,-0.10765080153942108154296875,0.957523763179779052734375";
                          }
                          #0 = {
                            scale = fixp:"1";
                            name = str:"Bip01 L Finger12";
                            translation = xpoint3:"16.548343658447265625,-0.041996665298938751220703125,0.0431425683200359344482421875";
                            rotation = {
                              0 = xpoint3:"0.13320250809192657470703125,-0.916917979717254638671875,0.3761894702911376953125";
                              1 = xpoint3:"0.880180180072784423828125,0.2839179933071136474609375,0.380359709262847900390625";
                              2 = xpoint3:"-0.455565631389617919921875,0.2804496288299560546875,0.844871580600738525390625";
                            }
                          }
                        }
                      }
                    }
                  }
                }
                #2 = {
                  scale = fixp:"1";
                  name = str:"Bip01 R Clavicle01";
                  translation = xpoint3:"0,0.008073902688920497894287109375,-4.72303676605224609375";
                  rotation = {
                    0 = xpoint3:"-0.3643319904804229736328125,0,-0.93126881122589111328125";
                    1 = xpoint3:"-0.194707095623016357421875,-0.977835118770599365234375,0.076991267502307891845703125";
                    2 = xpoint3:"-0.910687267780303955078125,0.20937502384185791015625,0.35610496997833251953125";
                  }
                  #0 = {
                    scale = fixp:"1";
                    name = str:"Bip01 R UpperArm01";
                    translation = xpoint3:"45.508251190185546875,0,0";
                    rotation = {
                      0 = xpoint3:"0.548537731170654296875,0.18837495148181915283203125,-0.814227283000946044921875";
                      1 = xpoint3:"-0.650928795337677001953125,0.70749950408935546875,-0.274429798126220703125";
                      2 = xpoint3:"0.524159252643585205078125,0.68083393573760986328125,0.510893762111663818359375";
                    }
                    #0 = {
                      scale = fixp:"1";
                      name = str:"Bip01 R Forearm01";
                      translation = xpoint3:"45.966701507568359375,0,0";
                      rotation = {
                        0 = xpoint3:"0.547984659671783447265625,0.798494398593902587890625,-0.2479183971881866455078125";
                        1 = xpoint3:"-0.727340638637542724609375,0.6015217304229736328125,0.32949793338775634765625";
                        2 = xpoint3:"0.4123498499393463134765625,0,0.910954654216766357421875";
                      }
                      #0 = {
                        scale = fixp:"1";
                        name = str:"Bip01 L Hand02";
                        translation = xpoint3:"30.1641845703125,0,0";
                        rotation = {
                          0 = xpoint3:"0.998111546039581298828125,-0.0395548529922962188720703125,0.0469682626426219940185546875";
                          1 = xpoint3:"0.0460967533290386199951171875,-0.0219238437712192535400390625,-0.997953593730926513671875";
                          2 = xpoint3:"0.0405671484768390655517578125,0.998234331607818603515625,-0.02005636505782604217529296875";
                        }
                        #0 = {
                          scale = fixp:"1";
                          name = str:"Bip01 R Finger04";
                          translation = xpoint3:"16.88851165771484375,4.537204742431640625,14.486461639404296875";
                          rotation = {
                            0 = xpoint3:"0.691724598407745361328125,0.4201152622699737548828125,-0.58738422393798828125";
                            1 = xpoint3:"0.620370388031005859375,0.07067377865314483642578125,0.781118333339691162109375";
                            2 = xpoint3:"0.36967241764068603515625,-0.904714524745941162109375,-0.2117402553558349609375";
                          }
                          #0 = {
                            scale = fixp:"1";
                            name = str:"Bip01 R Finger05";
                            translation = xpoint3:"13.515773773193359375,0,0";
                            rotation = {
                              0 = xpoint3:"0.50747001171112060546875,-0.85813057422637939453125,0.078013740479946136474609375";
                              1 = xpoint3:"0.8562648296356201171875,0.512340486049652099609375,0.065709777176380157470703125";
                              2 = xpoint3:"-0.096357159316539764404296875,0.033454678952693939208984375,0.994784414768218994140625";
                            }
                          }
                        }
                        #1 = {
                          scale = fixp:"1";
                          name = str:"Bip01 R Finger06";
                          translation = xpoint3:"25.2361888885498046875,-2.9136488437652587890625,7.12289524078369140625";
                          rotation = {
                            0 = xpoint3:"0.93703544139862060546875,0.3484261333942413330078125,0.0237453989684581756591796875";
                            1 = xpoint3:"-0.3482774198055267333984375,0.9373352527618408203125,-0.010268189013004302978515625";
                            2 = xpoint3:"-0.025835104286670684814453125,0.001351670362055301666259765625,0.999665319919586181640625";
                          }
                          #0 = {
                            scale = fixp:"1";
                            name = str:"Bip01 R Finger07";
                            translation = xpoint3:"16.6070709228515625,0,0";
                            rotation = {
                              0 = xpoint3:"0.275219500064849853515625,-0.96119415760040283203125,-0.018973879516124725341796875";
                              1 = xpoint3:"0.96061813831329345703125,0.2757337391376495361328125,-0.03440500795841217041015625";
                              2 = xpoint3:"0.03830163180828094482421875,-0.00875772349536418914794921875,0.999227821826934814453125";
                            }
                          }
                        }
                        #2 = {
                          scale = fixp:"1";
                          name = str:"Bip01 R Finger08";
                          translation = xpoint3:"26.96607208251953125,-3.0431616306304931640625,-5.221865177154541015625";
                          rotation = {
                            0 = xpoint3:"0.987160384654998779296875,0.1098872125148773193359375,0.1159274578094482421875";
                            1 = xpoint3:"-0.10795931518077850341796875,0.9938938617706298828125,-0.0227992497384548187255859375";
                            2 = xpoint3:"-0.11772494018077850341796875,0.009991067461669445037841796875,0.9929959774017333984375";
                          }
                          #0 = {
                            scale = fixp:"1";
                            name = str:"Bip01 R Finger09";
                            translation = xpoint3:"17.839015960693359375,0,0";
                            rotation = {
                              0 = xpoint3:"0.3675378262996673583984375,-0.9271488189697265625,-0.07287728786468505859375";
                              1 = xpoint3:"0.90165078639984130859375,0.3744384944438934326171875,-0.21638317406177520751953125";
                              2 = xpoint3:"0.2279074490070343017578125,0.013819158077239990234375,0.973584711551666259765625";
                            }
                          }
                        }
                        #3 = {
                          scale = fixp:"1";
                          name = str:"Bip01 R Finger10";
                          translation = xpoint3:"24.204608917236328125,2.454069614410400390625,-13.666767120361328125";
                          rotation = {
                            0 = xpoint3:"0.94428813457489013671875,-0.16560582816600799560546875,0.2844197750091552734375";
                            1 = xpoint3:"0.0777554810047149658203125,0.95197355747222900390625,0.2961424887180328369140625";
                            2 = xpoint3:"-0.319803059101104736328125,-0.2575286328792572021484375,0.911814153194427490234375";
                          }
                          #0 = {
                            scale = fixp:"1";
                            name = str:"Bip01 R Finger12";
                            translation = xpoint3:"16.7015533447265625,0,0";
                            rotation = {
                              0 = xpoint3:"0.2173817455768585205078125,-0.3638393878936767578125,-0.905740559101104736328125";
                              1 = xpoint3:"0.589349567890167236328125,0.7886197566986083984375,-0.17534506320953369140625";
                              2 = xpoint3:"0.778082311153411865234375,-0.4956810474395751953125,0.3858601748943328857421875";
                            }
                          }
                        }
                      }
                    }
                  }
                }
              }
              #1 = {
                scale = fixp:"1";
                name = str:"pt_chest ";
                translation = xpoint3:"21.0271091461181640625,2.4413969516754150390625,-0.3863680362701416015625";
                rotation = {
                  0 = xpoint3:"-0.07122458517551422119140625,-0.10178387165069580078125,0.9922535419464111328125";
                  1 = xpoint3:"-0.1475085318088531494140625,-0.982767283916473388671875,-0.11139903962612152099609375";
                  2 = xpoint3:"0.986492931842803955078125,-0.154300212860107421875,0.0549832023680210113525390625";
                }
              }
            }
          }
        }
        #1 = {
          scale = fixp:"1";
          name = str:"pt_cast";
          translation = xpoint3:"57.942195892333984375,0.836265504360198974609375,49.32916259765625";
          rotation = {
            0 = xpoint3:"0,-1,0";
            1 = xpoint3:"1,0,0";
            2 = xpoint3:"0,0,1";
          }
        }
        #2 = {
          scale = fixp:"1";
          name = str:"pt_center";
          translation = xpoint3:"-6.297458171844482421875,0.380832135677337646484375,23.323822021484375";
          rotation = {
            0 = xpoint3:"0,-1,0";
            1 = xpoint3:"1,0,0";
            2 = xpoint3:"0,0,1";
          }
        }
      }
      #1 = {
        scale = fixp:"1";
        name = str:"pt_ground";
        translation = xpoint3:"0,0,0";
        rotation = {
          0 = xpoint3:"1,0,0";
          1 = xpoint3:"0,1,0";
          2 = xpoint3:"0,0,1";
        }
      }
    }
  }
  #3 = {
    scale = fixp:"1";
    name = str:"pt_top";
    translation = xpoint3:"-1.08189165592193603515625,-3.6229054927825927734375,329.430023193359375";
    rotation = {
      0 = xpoint3:"0,0,1";
      1 = xpoint3:"0,-1,0";
      2 = xpoint3:"1,0,0";
    }
  }
}