model = {
  file = str:"data\models\lifeforms\ape\ape.nif";
  animation = {
    loop = fixp:"0";
    duration = fixp:"12";
  }
  #0 = {
    scale = fixp:"1";
    name = str:"Ape";
    translation = xpoint3:"0,0,0";
    rotation = {
      0 = xpoint3:"1,0,0";
      1 = xpoint3:"0,1,0";
      2 = xpoint3:"0,0,1";
    }
  }
  #1 = {
    scale = fixp:"1";
    name = str:"ROOT";
    translation = xpoint3:"0,0,0";
    rotation = {
      0 = xpoint3:"1,0,0";
      1 = xpoint3:"0,1,0";
      2 = xpoint3:"0,0,1";
    }
    #0 = {
      scale = fixp:"1";
      name = str:"ROOT NonAccum";
      translation = xpoint3:"0,0,0";
      rotation = {
        0 = xpoint3:"1,0,0";
        1 = xpoint3:"0,1,0";
        2 = xpoint3:"0,0,1";
      }
      #0 = {
        scale = fixp:"1";
        name = str:"Pelvis";
        translation = xpoint3:"-0.13208770751953125,1.644813060760498046875,69.315765380859375";
        rotation = {
          0 = xpoint3:"1,0,0";
          1 = xpoint3:"0,0.940300405025482177734375,-0.3403456211090087890625";
          2 = xpoint3:"0,0.3403456211090087890625,0.940300405025482177734375";
        }
        #0 = {
          scale = fixp:"1";
          name = str:"R_Foot1";
          translation = xpoint3:"-14.6451625823974609375,-3.1118409633636474609375,-5.673625946044921875";
          rotation = {
            0 = xpoint3:"-0.518525302410125732421875,0.7906095981597900390625,-0.32227993011474609375";
            1 = xpoint3:"-0.2113471925258636474609375,-0.4837665855884552001953125,-0.848026573657989501953125";
            2 = xpoint3:"-0.82720029354095458984375,-0.372495830059051513671875,0.4196956455707550048828125";
          }
          #0 = {
            scale = fixp:"1";
            name = str:"R_Foot2";
            translation = xpoint3:"31.7224521636962890625,0,0";
            rotation = {
              0 = xpoint3:"0.7164161205291748046875,-0.30971300601959228515625,0.6248314380645751953125";
              1 = xpoint3:"0.199339449405670166015625,0.949545383453369140625,0.24197961390018463134765625";
              2 = xpoint3:"-0.66828155517578125,-0.04866428673267364501953125,0.742062866687774658203125";
            }
            #0 = {
              scale = fixp:"1";
              name = str:"R_foot3";
              translation = xpoint3:"40.4022064208984375,0,0";
              rotation = {
                0 = xpoint3:"-0.542363464832305908203125,0.013465390540659427642822265625,-0.838702738285064697265625";
                1 = xpoint3:"0.007319665513932704925537109375,0.99990928173065185546875,0.01130217872560024261474609375";
                2 = xpoint3:"0.838778913021087646484375,0,-0.542412817478179931640625";
              }
              #0 = {
                scale = fixp:"1";
                name = str:"R_Ff";
                translation = xpoint3:"32.1817626953125,0,0";
                rotation = {
                  0 = xpoint3:"0.988343179225921630859375,-0.003087945282459259033203125,-0.1521554291248321533203125";
                  1 = xpoint3:"-0.024259813129901885986328125,0.983824551105499267578125,-0.1774183809757232666015625";
                  2 = xpoint3:"0.150240719318389892578125,0.17904269695281982421875,0.97228145599365234375";
                }
              }
            }
          }
        }
        #1 = {
          scale = fixp:"1";
          name = str:"L_Foot1";
          translation = xpoint3:"14.90933704376220703125,-3.1118409633636474609375,-5.673625946044921875";
          rotation = {
            0 = xpoint3:"0.1431891918182373046875,0.988622188568115234375,0.0296556055545806884765625";
            1 = xpoint3:"-0.8182098865509033203125,0.13535954058170318603515625,-0.55763375759124755859375";
            2 = xpoint3:"-0.5556850433349609375,0.055218040943145751953125,0.8294079303741455078125";
          }
          #0 = {
            scale = fixp:"1";
            name = str:"L_Foot2";
            translation = xpoint3:"31.7224521636962890625,0,0";
            rotation = {
              0 = xpoint3:"0.2090146541595458984375,0.068701721727848052978515625,0.97490775585174560546875";
              1 = xpoint3:"-0.0564289651811122894287109375,0.996710479259490966796875,-0.0581309758126735687255859375";
              2 = xpoint3:"-0.97569501399993896484375,-0.0429361425340175628662109375,0.212208569049835205078125";
            }
            #0 = {
              scale = fixp:"1";
              name = str:"L_foot3";
              translation = xpoint3:"40.40221405029296875,0,0";
              rotation = {
                0 = xpoint3:"-0.634047925472259521484375,-0.012391866184771060943603515625,-0.771659314632415771484375";
                1 = xpoint3:"-0.007872342132031917572021484375,0.999923169612884521484375,-0.0095699839293956756591796875";
                2 = xpoint3:"0.771718680858612060546875,0,-0.63409674167633056640625";
              }
              #0 = {
                scale = fixp:"1";
                name = str:"L_Ff";
                translation = xpoint3:"32.181766510009765625,0,0";
                rotation = {
                  0 = xpoint3:"0.971455276012420654296875,0,-0.2371353805065155029296875";
                  1 = xpoint3:"0.00721414200961589813232421875,0.999543011188507080078125,0.0293431580066680908203125";
                  2 = xpoint3:"0.23702561855316162109375,-0.0302169285714626312255859375,0.971011698246002197265625";
                }
              }
            }
          }
        }
        #2 = {
          scale = fixp:"1";
          name = str:"Spine1";
          translation = xpoint3:"0.13208787143230438232421875,0.525764524936676025390625,0.4613815248012542724609375";
          rotation = {
            0 = xpoint3:"0,-0.99999988079071044921875,0";
            1 = xpoint3:"-0.2942427098751068115234375,0,-0.9557306766510009765625";
            2 = xpoint3:"0.9557306766510009765625,0,-0.294242680072784423828125";
          }
          #0 = {
            scale = fixp:"1";
            name = str:"Spine2";
            translation = xpoint3:"35.344806671142578125,0,0";
            rotation = {
              0 = xpoint3:"0.920673847198486328125,0,-0.39033281803131103515625";
              1 = xpoint3:"0,1,0";
              2 = xpoint3:"0.39033281803131103515625,0,0.920673847198486328125";
            }
            #0 = {
              scale = fixp:"1";
              name = str:"Neck2";
              translation = xpoint3:"34.55941009521484375,0,0";
              rotation = {
                0 = xpoint3:"0.842875778675079345703125,0.53810822963714599609375,0";
                1 = xpoint3:"0,0,1";
                2 = xpoint3:"0.53810822963714599609375,-0.8428757190704345703125,0";
              }
              #0 = {
                scale = fixp:"1";
                name = str:"Neck1";
                translation = xpoint3:"19.316875457763671875,0,0";
                rotation = {
                  0 = xpoint3:"0.844269454479217529296875,0.53591883182525634765625,0";
                  1 = xpoint3:"-0.53591883182525634765625,0.844269454479217529296875,0";
                  2 = xpoint3:"0,0,1";
                }
                #0 = {
                  scale = fixp:"1";
                  name = str:"Head";
                  translation = xpoint3:"24.341304779052734375,-0.18653738498687744140625,-0.2261505126953125";
                  rotation = {
                    0 = xpoint3:"0.944306075572967529296875,-0.3289454281330108642578125,0";
                    1 = xpoint3:"0.3289444744586944580078125,0.944305121898651123046875,-0.00157756195403635501861572265625";
                    2 = xpoint3:"0,0.00136109045706689357757568359375,0.99999868869781494140625";
                  }
                  #0 = {
                    scale = fixp:"1";
                    name = str:"Mouth";
                    translation = xpoint3:"-0.22543536126613616943359375,-12.47583293914794921875,0";
                    rotation = {
                      0 = xpoint3:"0.9926621913909912109375,-0.120920516550540924072265625,0";
                      1 = xpoint3:"0.120920516550540924072265625,0.9926621913909912109375,0";
                      2 = xpoint3:"0,0,1";
                    }
                  }
                }
              }
            }
            #1 = {
              scale = fixp:"1";
              name = str:"L_Clav";
              translation = xpoint3:"34.559482574462890625,0,0";
              rotation = {
                0 = xpoint3:"-0.3055589199066162109375,0.45319807529449462890625,0.836271941661834716796875";
                1 = xpoint3:"-0.926620006561279296875,-0.3397870957851409912109375,-0.1548415720462799072265625";
                2 = xpoint3:"0.214743077754974365234375,-0.822928905487060546875,0.52534234523773193359375";
              }
              #0 = {
                scale = fixp:"1";
                name = str:"R_Hand(mirrored)";
                translation = xpoint3:"43.327663421630859375,0,0";
                rotation = {
                  0 = xpoint3:"0.827477872371673583984375,0.464409172534942626953125,-0.3152048587799072265625";
                  1 = xpoint3:"-0.551544487476348876953125,0.776978552341461181640625,-0.3029510080814361572265625";
                  2 = xpoint3:"0.10406099259853363037109375,0.4246230423450469970703125,0.899288833141326904296875";
                }
                #0 = {
                  scale = fixp:"1";
                  name = str:"R_Arm(mirrored)";
                  translation = xpoint3:"41.027950286865234375,0,0";
                  rotation = {
                    0 = xpoint3:"0.40510070323944091796875,0.578327119350433349609375,-0.707508265972137451171875";
                    1 = xpoint3:"-0.608651816844940185546875,0.748273313045501708984375,0.26318204402923583984375";
                    2 = xpoint3:"0.681595981121063232421875,0.324437320232391357421875,0.655490219593048095703125";
                  }
                  #0 = {
                    scale = fixp:"1";
                    name = str:"Bone02";
                    translation = xpoint3:"32.532360076904296875,0,0";
                    rotation = {
                      0 = xpoint3:"1,0,0";
                      1 = xpoint3:"0,1,0";
                      2 = xpoint3:"0,0,1";
                    }
                    #0 = {
                      scale = fixp:"1";
                      name = str:"L_Palm";
                      translation = xpoint3:"1.9976673126220703125,0.19477771222591400146484375,-1.136495113372802734375";
                      rotation = {
                        0 = xpoint3:"0.290003001689910888671875,-0.53750693798065185546875,-0.791823565959930419921875";
                        1 = xpoint3:"0.5835053920745849609375,0.755111277103424072265625,-0.298878729343414306640625";
                        2 = xpoint3:"0.758564293384552001953125,-0.375357568264007568359375,0.53262269496917724609375";
                      }
                      #0 = {
                        scale = fixp:"1";
                        name = str:"L_index1";
                        translation = xpoint3:"2.3088562488555908203125,-5.5512638092041015625,-21.500827789306640625";
                        rotation = {
                          0 = xpoint3:"1,0,0";
                          1 = xpoint3:"0,0.999999225139617919921875,-0.00125043536536395549774169921875";
                          2 = xpoint3:"0,0.0012504351325333118438720703125,0.999999225139617919921875";
                        }
                        #0 = {
                          scale = fixp:"1";
                          name = str:"L_index2";
                          translation = xpoint3:"-0.654118955135345458984375,0,-13.614414215087890625";
                          rotation = {
                            0 = xpoint3:"0.053256809711456298828125,0,0.998580873012542724609375";
                            1 = xpoint3:"0,1,0";
                            2 = xpoint3:"-0.998580873012542724609375,0,0.053256809711456298828125";
                          }
                        }
                      }
                      #1 = {
                        scale = fixp:"1";
                        name = str:"L_fingesrs1";
                        translation = xpoint3:"0.66401386260986328125,5.3387451171875,-22.476566314697265625";
                        rotation = {
                          0 = xpoint3:"0.9611561298370361328125,-0.138350307941436767578125,0.23882658779621124267578125";
                          1 = xpoint3:"0.1503028571605682373046875,0.988105952739715576171875,-0.032491110265254974365234375";
                          2 = xpoint3:"-0.23149080574512481689453125,0.067125342786312103271484375,0.970518529415130615234375";
                        }
                        #0 = {
                          scale = fixp:"1";
                          name = str:"L_fingers2";
                          translation = xpoint3:"0,-0.432396411895751953125,-13.3694210052490234375";
                          rotation = {
                            0 = xpoint3:"0.361965239048004150390625,-0.073405884206295013427734375,0.929296910762786865234375";
                            1 = xpoint3:"0.084813646972179412841796875,0.995353400707244873046875,0.0455884449183940887451171875";
                            2 = xpoint3:"-0.928325235843658447265625,0.0623156316578388214111328125,0.3665091693401336669921875";
                          }
                        }
                      }
                      #2 = {
                        scale = fixp:"1";
                        name = str:"L_Thumb1";
                        translation = xpoint3:"-1.0609190464019775390625,-10.6546573638916015625,-12.22116947174072265625";
                        rotation = {
                          0 = xpoint3:"0.887230217456817626953125,-0.104155682027339935302734375,0.449415385723114013671875";
                          1 = xpoint3:"-0.239009439945220947265625,0.72945988178253173828125,0.640907764434814453125";
                          2 = xpoint3:"-0.39458465576171875,-0.67604720592498779296875,0.6223046779632568359375";
                        }
                        #0 = {
                          scale = fixp:"1";
                          name = str:"L_Thumb2";
                          translation = xpoint3:"-0.2473278045654296875,0,-10.67353057861328125";
                          rotation = {
                            0 = xpoint3:"1,0,0";
                            1 = xpoint3:"0,0.84260082244873046875,-0.538538634777069091796875";
                            2 = xpoint3:"0,0.538538634777069091796875,0.84260082244873046875";
                          }
                        }
                      }
                    }
                  }
                }
              }
            }
            #2 = {
              scale = fixp:"1";
              name = str:"R_Clav";
              translation = xpoint3:"34.559375762939453125,0,0";
              rotation = {
                0 = xpoint3:"-0.14402998983860015869140625,-0.653910934925079345703125,0.74161684513092041015625";
                1 = xpoint3:"0.935732185840606689453125,-0.3319845497608184814453125,-0.1107179820537567138671875";
                2 = xpoint3:"0.31937491893768310546875,0.67841994762420654296875,0.661252081394195556640625";
              }
              #0 = {
                scale = fixp:"1";
                name = str:"R_Hand";
                translation = xpoint3:"43.32762908935546875,0,0";
                rotation = {
                  0 = xpoint3:"0.824169814586639404296875,-0.56294786930084228515625,-0.059821762144565582275390625";
                  1 = xpoint3:"0.5454180240631103515625,0.8179123401641845703125,-0.1824123859405517578125";
                  2 = xpoint3:"0.151684284210205078125,0.117663919925689697265625,0.98138678073883056640625";
                }
                #0 = {
                  scale = fixp:"1";
                  name = str:"R_Arm";
                  translation = xpoint3:"41.027942657470703125,0,0";
                  rotation = {
                    0 = xpoint3:"0.6385638713836669921875,-0.486829459667205810546875,-0.595574319362640380859375";
                    1 = xpoint3:"0.5123565196990966796875,0.84668815135955810546875,-0.1427846848964691162109375";
                    2 = xpoint3:"0.573761641979217529296875,-0.21422827243804931640625,0.790316104888916015625";
                  }
                  #0 = {
                    scale = fixp:"1";
                    name = str:"Bone01";
                    translation = xpoint3:"32.5323638916015625,0,0";
                    rotation = {
                      0 = xpoint3:"1,0,0";
                      1 = xpoint3:"0,1,0";
                      2 = xpoint3:"0,0,1";
                    }
                    #0 = {
                      scale = fixp:"1";
                      name = str:"R_palm";
                      translation = xpoint3:"2.784005641937255859375,0.4753671586513519287109375,-1.49412333965301513671875";
                      rotation = {
                        0 = xpoint3:"-0.2570627033710479736328125,-0.3513416349887847900390625,-0.9002654552459716796875";
                        1 = xpoint3:"0.93128120899200439453125,-0.33889591693878173828125,-0.13365995883941650390625";
                        2 = xpoint3:"-0.2581359446048736572265625,-0.87275922298431396484375,0.4143153131008148193359375";
                      }
                      #0 = {
                        scale = fixp:"1";
                        name = str:"R_thumb1";
                        translation = xpoint3:"3.6621859073638916015625,-10.240436553955078125,-11.3271579742431640625";
                        rotation = {
                          0 = xpoint3:"0.1617944538593292236328125,0.81527388095855712890625,-0.5560133457183837890625";
                          1 = xpoint3:"-0.15089190006256103515625,0.577250063419342041015625,0.8025047779083251953125";
                          2 = xpoint3:"0.9752199649810791015625,-0.0459428131580352783203125,0.21641413867473602294921875";
                        }
                        #0 = {
                          scale = fixp:"1";
                          name = str:"R_thumb2";
                          translation = xpoint3:"-0.24732482433319091796875,0,-10.67352771759033203125";
                          rotation = {
                            0 = xpoint3:"0.2331230640411376953125,-0.62216436862945556640625,0.747372150421142578125";
                            1 = xpoint3:"0.97224915027618408203125,0.13360999524593353271484375,-0.1920413076877593994140625";
                            2 = xpoint3:"0.0196249186992645263671875,0.7714011669158935546875,0.63604640960693359375";
                          }
                        }
                      }
                      #1 = {
                        scale = fixp:"1";
                        name = str:"R_index1";
                        translation = xpoint3:"0.3485231101512908935546875,-5.783175945281982421875,-20.953411102294921875";
                        rotation = {
                          0 = xpoint3:"0.639693200588226318359375,-0.06419514119625091552734375,-0.765944898128509521484375";
                          1 = xpoint3:"0.0470773838460445404052734375,0.997907578945159912109375,-0.044318772852420806884765625";
                          2 = xpoint3:"0.767187297344207763671875,-0.0077082626521587371826171875,0.64137685298919677734375";
                        }
                        #0 = {
                          scale = fixp:"1";
                          name = str:"R_index2";
                          translation = xpoint3:"1.78368628025054931640625,0,-14.5273036956787109375";
                          rotation = {
                            0 = xpoint3:"0.56076848506927490234375,0,-0.827972590923309326171875";
                            1 = xpoint3:"0,1,0";
                            2 = xpoint3:"0.827972590923309326171875,0,0.56076848506927490234375";
                          }
                        }
                      }
                      #2 = {
                        scale = fixp:"1";
                        name = str:"R_fingers1";
                        translation = xpoint3:"-0.1638998091220855712890625,5.227820873260498046875,-21.8167572021484375";
                        rotation = {
                          0 = xpoint3:"0.557196438312530517578125,-0.377980768680572509765625,-0.73936641216278076171875";
                          1 = xpoint3:"0.24312269687652587890625,0.92563498020172119140625,-0.2899849414825439453125";
                          2 = xpoint3:"0.79399216175079345703125,-0.018178164958953857421875,0.607656180858612060546875";
                        }
                        #0 = {
                          scale = fixp:"1";
                          name = str:"R_fingers2";
                          translation = xpoint3:"0,-0.432396829128265380859375,-13.36943149566650390625";
                          rotation = {
                            0 = xpoint3:"0.71086227893829345703125,0.0554137267172336578369140625,-0.701144874095916748046875";
                            1 = xpoint3:"-0.079742453992366790771484375,0.996813356876373291015625,-0.00206627510488033294677734375";
                            2 = xpoint3:"0.698796093463897705078125,0.05737985670566558837890625,0.7130157947540283203125";
                          }
                        }
                      }
                    }
                  }
                }
              }
            }
          }
        }
      }
    }
  }
}