model = {
  file = str:"data\models\units\trisatglow\trisat.nif";
  animation = {
    loop = fixp:"0";
    duration = fixp:"7.06666660308837890625";
  }
  #1 = {
    scale = fixp:"1";
    name = str:"ROOT";
    translation = xpoint3:"0,0,0";
    rotation = {
      0 = xpoint3:"1,0,0";
      1 = xpoint3:"0,-1,0";
      2 = xpoint3:"0,0,-1";
    }
    #0 = {
      scale = fixp:"1";
      name = str:"ROOT NonAccum";
      translation = xpoint3:"0,0,0";
      rotation = {
        0 = xpoint3:"1,0,0";
        1 = xpoint3:"0,1,0";
        2 = xpoint3:"0,0,1";
      }
      #0 = {
        scale = fixp:"1";
        name = str:"Bip01";
        translation = xpoint3:"-0.01578974537551403045654296875,0.01180566661059856414794921875,-45.566799163818359375";
        rotation = {
          0 = xpoint3:"1,0,0";
          1 = xpoint3:"0,1,0";
          2 = xpoint3:"0,0,1";
        }
        #0 = {
          scale = fixp:"1";
          name = str:"Bone25";
          translation = xpoint3:"-17.1867198944091796875,5.51476192474365234375,-13.09190082550048828125";
          rotation = {
            0 = xpoint3:"-0.3247137367725372314453125,0.915494978427886962890625,0.23346818983554840087890625";
            1 = xpoint3:"-0.863316237926483154296875,-0.3877421319484710693359375,0.3198859393596649169921875";
            2 = xpoint3:"0.383827388286590576171875,-0.097524143755435943603515625,0.91817581653594970703125";
          }
        }
        #1 = {
          scale = fixp:"1";
          name = str:"Bone27";
          translation = xpoint3:"-20.0993976593017578125,-3.2232739925384521484375,-18.575260162353515625";
          rotation = {
            0 = xpoint3:"-0.098718680441379547119140625,0.99390327930450439453125,0.02857702039182186126708984375";
            1 = xpoint3:"-0.99205911159515380859375,-0.100385241210460662841796875,0.06437997519969940185546875";
            2 = xpoint3:"0.066925466060638427734375,-0.021963812410831451416015625,0.99751436710357666015625";
          }
        }
        #2 = {
          scale = fixp:"1";
          name = str:"Bone29";
          translation = xpoint3:"16.794528961181640625,5.19113254547119140625,-13.12518405914306640625";
          rotation = {
            0 = xpoint3:"0.340539634227752685546875,0.90909492969512939453125,-0.237954199314117431640625";
            1 = xpoint3:"-0.86075842380523681640625,0.4033694565296173095703125,0.3090665638446807861328125";
            2 = xpoint3:"0.377055227756500244140625,0.0998683869838714599609375,0.92072832584381103515625";
          }
        }
        #3 = {
          scale = fixp:"1";
          name = str:"Bone31";
          translation = xpoint3:"20.35446929931640625,-2.899641513824462890625,-18.732830047607421875";
          rotation = {
            0 = xpoint3:"0.089621223509311676025390625,0.99480402469635009765625,-0.0318105220794677734375";
            1 = xpoint3:"-0.99251472949981689453125,0.09171898663043975830078125,0.0720002949237823486328125";
            2 = xpoint3:"0.07457484304904937744140625,0.02519018016755580902099609375,0.99689495563507080078125";
          }
        }
        #4 = {
          scale = fixp:"1";
          name = str:"Bone09";
          translation = xpoint3:"6.119217395782470703125,13.8756046295166015625,3.1131455898284912109375";
          rotation = {
            0 = xpoint3:"0.4132981002330780029296875,-0.888536870479583740234375,-0.19706751406192779541015625";
            1 = xpoint3:"0.736701548099517822265625,0.4538097083568572998046875,-0.500534713268280029296875";
            2 = xpoint3:"0.534419476985931396484375,0.06137149035930633544921875,0.842853128910064697265625";
          }
          #0 = {
            scale = fixp:"1";
            name = str:"Bone10";
            translation = xpoint3:"27.460910797119140625,0,0";
            rotation = {
              0 = xpoint3:"0.65723049640655517578125,0.2708533704280853271484375,0.70298588275909423828125";
              1 = xpoint3:"0.1526563465595245361328125,0.86601078510284423828125,-0.475948512554168701171875";
              2 = xpoint3:"-0.73773086071014404296875,0.420082569122314453125,0.52782452106475830078125";
            }
            #0 = {
              scale = fixp:"1";
              name = str:"Bone11";
              translation = xpoint3:"16.18529510498046875,0,0";
              rotation = {
                0 = xpoint3:"0.292704105377197265625,-0.72244203090667724609375,-0.625600039958953857421875";
                1 = xpoint3:"0.50220966339111328125,0.673258244991302490234375,-0.5422496795654296875";
                2 = xpoint3:"0.813070356845855712890625,-0.155970275402069091796875,0.56031405925750732421875";
              }
            }
          }
        }
        #5 = {
          scale = fixp:"1";
          name = str:"Bone13";
          translation = xpoint3:"-6.392255306243896484375,13.8756046295166015625,2.8981530666351318359375";
          rotation = {
            0 = xpoint3:"-0.4233735501766204833984375,-0.884176194667816162109375,0.1921495497226715087890625";
            1 = xpoint3:"0.714865744113922119140625,-0.45678746700286865234375,-0.52744472026824951171875";
            2 = xpoint3:"0.55466747283935546875,-0.0863904654979705810546875,0.8274238109588623046875";
          }
          #0 = {
            scale = fixp:"1";
            name = str:"Bone14";
            translation = xpoint3:"27.4592647552490234375,0,0";
            rotation = {
              0 = xpoint3:"0.64937126636505126953125,-0.26844704151153564453125,0.71115696430206298828125";
              1 = xpoint3:"-0.07001243531703948974609375,0.9105384349822998046875,0.407293736934661865234375";
              2 = xpoint3:"-0.7569057941436767578125,-0.314207136631011962890625,0.57249200344085693359375";
            }
            #0 = {
              scale = fixp:"1";
              name = str:"Bone15";
              translation = xpoint3:"15.91153717041015625,0,0";
              rotation = {
                0 = xpoint3:"0.3357086181640625,0.68669211864471435546875,-0.644041597843170166015625";
                1 = xpoint3:"-0.4878506362438201904296875,0.711993992328643798828125,0.504626929759979248046875";
                2 = xpoint3:"0.805194079875946044921875,0.14526008069515228271484375,0.57440793514251708984375";
              }
            }
          }
        }
        #6 = {
          scale = fixp:"1";
          name = str:"Bone21";
          translation = xpoint3:"10.10014057159423828125,-13.8297901153564453125,-5.3038425445556640625";
          rotation = {
            0 = xpoint3:"0.3103040754795074462890625,0.91215693950653076171875,-0.265857517719268798828125";
            1 = xpoint3:"-0.65158760547637939453125,0.408054053783416748046875,0.6388008594512939453125";
            2 = xpoint3:"0.69147968292236328125,-0.0245473086833953857421875,0.7216989994049072265625";
          }
          #0 = {
            scale = fixp:"1";
            name = str:"Bone22";
            translation = xpoint3:"34.824001312255859375,0,0";
            rotation = {
              0 = xpoint3:"-0.019224345684051513671875,0.0842129886150360107421875,0.99551975727081298828125";
              1 = xpoint3:"0.9175508022308349609375,0.3962287604808807373046875,-0.0150689780712127685546875";
              2 = xpoint3:"-0.3952870666980743408203125,0.9138023853302001953125,-0.0844962298870086669921875";
            }
            #0 = {
              scale = fixp:"1";
              name = str:"Bone23";
              translation = xpoint3:"20.5406093597412109375,0,0";
              rotation = {
                0 = xpoint3:"-0.254252970218658447265625,-0.004502542316913604736328125,-0.9661858081817626953125";
                1 = xpoint3:"-0.076379887759685516357421875,0.99695587158203125,0.01551426760852336883544921875";
                2 = xpoint3:"0.96317255496978759765625,0.0778094232082366943359375,-0.253820359706878662109375";
              }
            }
          }
        }
        #7 = {
          scale = fixp:"1";
          name = str:"Bone17";
          translation = xpoint3:"-8.6670684814453125,-13.7065067291259765625,-5.2598781585693359375";
          rotation = {
            0 = xpoint3:"-0.345335304737091064453125,0.9053862094879150390625,0.2430365383625030517578125";
            1 = xpoint3:"-0.64323580265045166015625,-0.417068064212799072265625,0.64050400257110595703125";
            2 = xpoint3:"0.6819374561309814453125,0.0653710663318634033203125,0.72821247577667236328125";
          }
          #0 = {
            scale = fixp:"1";
            name = str:"Bone18";
            translation = xpoint3:"34.8587799072265625,0,0";
            rotation = {
              0 = xpoint3:"-0.0736148059368133544921875,-0.17084895074367523193359375,0.981750190258026123046875";
              1 = xpoint3:"-0.08579953014850616455078125,0.98264539241790771484375,0.16438151895999908447265625";
              2 = xpoint3:"-0.992804706096649169921875,-0.0720658004283905029296875,-0.0869931280612945556640625";
            }
            #0 = {
              scale = fixp:"1";
              name = str:"Bone19";
              translation = xpoint3:"20.6463832855224609375,0,0";
              rotation = {
                0 = xpoint3:"-0.3117767870426177978515625,-0.2940323352813720703125,-0.90246140956878662109375";
                1 = xpoint3:"-0.232679843902587890625,0.945583283901214599609375,-0.2272737026214599609375";
                2 = xpoint3:"0.92019116878509521484375,0.13906192779541015625,-0.36322414875030517578125";
              }
            }
          }
        }
        #8 = {
          scale = fixp:"1";
          name = str:"Box02";
          translation = xpoint3:"0.0157889015972614288330078125,8.08676624298095703125,-9.29089832305908203125";
          rotation = {
            0 = xpoint3:"0,0,-0.99999988079071044921875";
            1 = xpoint3:"0.99999988079071044921875,0,0";
            2 = xpoint3:"0,-0.99999988079071044921875,0";
          }
          #0 = {
            scale = fixp:"1";
            name = str:"Box03";
            translation = xpoint3:"22.5897979736328125,0.30169665813446044921875,0";
            rotation = {
              0 = xpoint3:"0.990588843822479248046875,0.136871397495269775390625,0";
              1 = xpoint3:"-0.136871397495269775390625,0.990588843822479248046875,0";
              2 = xpoint3:"0,0,1";
            }
          }
        }
        #9 = {
          scale = fixp:"1";
          name = str:"Box01";
          translation = xpoint3:"0.0157895646989345550537109375,4.11546611785888671875,-11.73249912261962890625";
          rotation = {
            0 = xpoint3:"0,0,-0.999999940395355224609375";
            1 = xpoint3:"0.999999940395355224609375,0,0";
            2 = xpoint3:"0,-0.999999940395355224609375,0";
          }
          #0 = {
            scale = fixp:"1";
            name = str:"Bone33";
            translation = xpoint3:"-16.9650096893310546875,14.41422557830810546875,0";
            rotation = {
              0 = xpoint3:"-0.92596530914306640625,0.37760865688323974609375,0";
              1 = xpoint3:"0.37760865688323974609375,0.92596530914306640625,0";
              2 = xpoint3:"0,0,-1";
            }
            #0 = {
              scale = fixp:"1";
              name = str:"Bone34";
              translation = xpoint3:"21.7414646148681640625,0,0";
              rotation = {
                0 = xpoint3:"0.991168439388275146484375,0.13260908424854278564453125,0";
                1 = xpoint3:"-0.13260908424854278564453125,0.991168439388275146484375,0";
                2 = xpoint3:"0,0,1";
              }
              #0 = {
                scale = fixp:"1";
                name = str:"Bone35";
                translation = xpoint3:"19.270313262939453125,0,0";
                rotation = {
                  0 = xpoint3:"0.986822426319122314453125,0.1618070304393768310546875,0";
                  1 = xpoint3:"-0.1618070304393768310546875,0.986822426319122314453125,0";
                  2 = xpoint3:"0,0,1";
                }
              }
              #1 = {
                scale = fixp:"1";
                name = str:"Back";
                translation = xpoint3:"16.2913494110107421875,0.0952408015727996826171875,-0.4421398341655731201171875";
                rotation = {
                  0 = xpoint3:"0,0.989431798458099365234375,0.144998967647552490234375";
                  1 = xpoint3:"0,-0.14499898254871368408203125,0.989431798458099365234375";
                  2 = xpoint3:"1,0,0";
                }
              }
            }
          }
        }
        #10 = {
          scale = fixp:"1";
          name = str:"Bone01";
          translation = xpoint3:"17.701953887939453125,6.04416942596435546875,-0.764546334743499755859375";
          rotation = {
            0 = xpoint3:"0.5873196125030517578125,-0.75765836238861083984375,-0.283567726612091064453125";
            1 = xpoint3:"0.491251468658447265625,0.61262524127960205078125,-0.618708431720733642578125";
            2 = xpoint3:"0.6427509784698486328125,0.22378997504711151123046875,0.732393920421600341796875";
          }
          #0 = {
            scale = fixp:"1";
            name = str:"Bone07";
            translation = xpoint3:"30.868488311767578125,0,0";
            rotation = {
              0 = xpoint3:"0.3480455875396728515625,-0.48068106174468994140625,0.804278552532196044921875";
              1 = xpoint3:"0.13850416243076324462890625,0.87539803981781005859375,0.462940633296966552734375";
              2 = xpoint3:"-0.926679432392120361328125,-0.04942850768566131591796875,0.37136209011077880859375";
            }
            #0 = {
              scale = fixp:"1";
              name = str:"Bone08";
              translation = xpoint3:"34.875518798828125,0,0";
              rotation = {
                0 = xpoint3:"0.559417784214019775390625,-0.814490795135498046875,0.1517136096954345703125";
                1 = xpoint3:"-0.04538881778717041015625,-0.21207511425018310546875,-0.97529733180999755859375";
                2 = xpoint3:"0.827255785465240478515625,0.53839552402496337890625,-0.15524642169475555419921875";
              }
              #0 = {
                scale = fixp:"1";
                name = str:"R_Blade";
                translation = xpoint3:"75.22251129150390625,0,0";
                rotation = {
                  0 = xpoint3:"1,0,0";
                  1 = xpoint3:"0,1,0";
                  2 = xpoint3:"0,0,1";
                }
              }
              #1 = {
                scale = fixp:"1";
                name = str:"Plane02";
                translation = xpoint3:"36.29055023193359375,-1.1387426853179931640625,0";
                rotation = {
                  0 = xpoint3:"0,1,0";
                  1 = xpoint3:"0,0,-1";
                  2 = xpoint3:"-1,0,0";
                }
              }
            }
          }
        }
        #11 = {
          scale = fixp:"1";
          name = str:"Bone03";
          translation = xpoint3:"-17.874050140380859375,5.97739124298095703125,-0.582451760768890380859375";
          rotation = {
            0 = xpoint3:"-0.518315136432647705078125,-0.77507460117340087890625,0.358336925506591796875";
            1 = xpoint3:"0.4442002773284912109375,-0.6024920940399169921875,-0.661334812641143798828125";
            2 = xpoint3:"0.72926819324493408203125,-0.184220016002655029296875,0.658585965633392333984375";
          }
          #0 = {
            scale = fixp:"1";
            name = str:"Bone04";
            translation = xpoint3:"30.5149383544921875,0,0";
            rotation = {
              0 = xpoint3:"0.1616288125514984130859375,0.50690877437591552734375,0.845992267131805419921875";
              1 = xpoint3:"-0.0594893991947174072265625,0.861330807209014892578125,-0.504350125789642333984375";
              2 = xpoint3:"-0.984439194202423095703125,0.0308463573455810546875,0.169477880001068115234375";
            }
            #0 = {
              scale = fixp:"1";
              name = str:"Bone05";
              translation = xpoint3:"35.052059173583984375,0,0";
              rotation = {
                0 = xpoint3:"0.477183818817138671875,0.834941387176513671875,0.272781431674957275390625";
                1 = xpoint3:"0.0875466763973236083984375,-0.353197574615478515625,0.93038880825042724609375";
                2 = xpoint3:"0.873997986316680908203125,-0.4197148382663726806640625,-0.24117587506771087646484375";
              }
              #0 = {
                scale = fixp:"1";
                name = str:"L_Blade";
                translation = xpoint3:"75.3115386962890625,0,0";
                rotation = {
                  0 = xpoint3:"1,0,0";
                  1 = xpoint3:"0,1,0";
                  2 = xpoint3:"0,0,1";
                }
              }
              #1 = {
                scale = fixp:"1";
                name = str:"Plane01";
                translation = xpoint3:"43.643459320068359375,1.53806555271148681640625,-0.86370718479156494140625";
                rotation = {
                  0 = xpoint3:"0.01259025372564792633056640625,0.999894797801971435546875,0.00720510445535182952880859375";
                  1 = xpoint3:"-0.29197788238525390625,-0.00321536441333591938018798828125,0.956419646739959716796875";
                  2 = xpoint3:"0.956342220306396484375,-0.0141452960669994354248046875,0.2919066846370697021484375";
                }
              }
            }
          }
        }
      }
    }
  }
}