model = {
  file = str:"data\models\lifeforms\punk\punk.nif";
  animation = {
    loop = fixp:"0";
    duration = fixp:"14";
  }
  #1 = {
    scale = fixp:"1";
    name = str:"ROOT";
    translation = xpoint3:"0,0,0";
    rotation = {
      0 = xpoint3:"1,0,0";
      1 = xpoint3:"0,1,0";
      2 = xpoint3:"0,0,1";
    }
    #0 = {
      scale = fixp:"1";
      name = str:"Bip01";
      translation = xpoint3:"2.2953205108642578125,67.46380615234375,95.7544097900390625";
      rotation = {
        0 = xpoint3:"1,0,0";
        1 = xpoint3:"0,1,0";
        2 = xpoint3:"0,0,1";
      }
      #0 = {
        scale = fixp:"1";
        name = str:"Box01";
        translation = xpoint3:"0.209437847137451171875,0,0.90704345703125";
        rotation = {
          0 = xpoint3:"1,0,0";
          1 = xpoint3:"0,1,0";
          2 = xpoint3:"0,0,1";
        }
        #0 = {
          scale = fixp:"1";
          name = str:"Box02";
          translation = xpoint3:"0,-15.070774078369140625,4.818113803863525390625";
          rotation = {
            0 = xpoint3:"1,0,0";
            1 = xpoint3:"0,1,0";
            2 = xpoint3:"0,0,1";
          }
          #0 = {
            scale = fixp:"1";
            name = str:"Box03";
            translation = xpoint3:"0,-23.0304355621337890625,12.5477466583251953125";
            rotation = {
              0 = xpoint3:"1,0,0";
              1 = xpoint3:"0,1,0";
              2 = xpoint3:"0,0,1";
            }
            #0 = {
              scale = fixp:"1";
              name = str:"Box04";
              translation = xpoint3:"0,-38.758174896240234375,3.650816440582275390625";
              rotation = {
                0 = xpoint3:"1,0,0";
                1 = xpoint3:"0,1,0";
                2 = xpoint3:"0,0,1";
              }
              #0 = {
                scale = fixp:"1";
                name = str:"Box05";
                translation = xpoint3:"0,-39.913860321044921875,-8.436214447021484375";
                rotation = {
                  0 = xpoint3:"1,0,0";
                  1 = xpoint3:"0,1,0";
                  2 = xpoint3:"0,0,1";
                }
                #0 = {
                  scale = fixp:"1";
                  name = str:"Box06";
                  translation = xpoint3:"0,-37.395206451416015625,7.52194309234619140625";
                  rotation = {
                    0 = xpoint3:"1,0,0";
                    1 = xpoint3:"0,0.99619472026824951171875,0.087155759334564208984375";
                    2 = xpoint3:"0,-0.087155759334564208984375,0.99619472026824951171875";
                  }
                  #0 = {
                    scale = fixp:"1";
                    name = str:"Box07";
                    translation = xpoint3:"0,-0.071547485888004302978515625,-13.9403324127197265625";
                    rotation = {
                      0 = xpoint3:"1,0,0";
                      1 = xpoint3:"0,0.906307756900787353515625,0.4226182997226715087890625";
                      2 = xpoint3:"0,-0.4226182997226715087890625,0.906307756900787353515625";
                    }
                    #0 = {
                      scale = fixp:"1";
                      name = str:"Bone01";
                      translation = xpoint3:"-2.5047628879547119140625,-15.24603939056396484375,-19.3889827728271484375";
                      rotation = {
                        0 = xpoint3:"0,0,-0.99999988079071044921875";
                        1 = xpoint3:"-0.88245141506195068359375,-0.470403194427490234375,0";
                        2 = xpoint3:"-0.47040331363677978515625,0.88245141506195068359375,0";
                      }
                      #0 = {
                        scale = fixp:"1";
                        name = str:"Bone02";
                        translation = xpoint3:"55.130283355712890625,0,0";
                        rotation = {
                          0 = xpoint3:"0.975322246551513671875,0.22078619897365570068359375,0";
                          1 = xpoint3:"-0.22078619897365570068359375,0.975322246551513671875,0";
                          2 = xpoint3:"0,0,1";
                        }
                        #0 = {
                          scale = fixp:"1";
                          name = str:"Bone03";
                          translation = xpoint3:"30.2494964599609375,0,0";
                          rotation = {
                            0 = xpoint3:"0.990106880664825439453125,0.1403152942657470703125,0";
                            1 = xpoint3:"-0.1403152942657470703125,0.990106880664825439453125,0";
                            2 = xpoint3:"0,0,1";
                          }
                        }
                      }
                    }
                  }
                }
                #1 = {
                  scale = fixp:"1";
                  name = str:"Bone18";
                  translation = xpoint3:"-2.5047614574432373046875,-22.8519153594970703125,35.57410430908203125";
                  rotation = {
                    0 = xpoint3:"-0.422618329524993896484375,0,-0.906307697296142578125";
                    1 = xpoint3:"-0.42154979705810546875,0.885243117809295654296875,0.19657163321971893310546875";
                    2 = xpoint3:"0.8023025989532470703125,0.465128600597381591796875,-0.37412011623382568359375";
                  }
                }
              }
              #1 = {
                scale = fixp:"1";
                name = str:"Bone20";
                translation = xpoint3:"-2.50475978851318359375,-21.1312503814697265625,37.334110260009765625";
                rotation = {
                  0 = xpoint3:"-0.1404247581958770751953125,-0.0142123699188232421875,-0.98998928070068359375";
                  1 = xpoint3:"-0.539751529693603515625,0.83934891223907470703125,0.06451116502285003662109375";
                  2 = xpoint3:"0.83002960681915283203125,0.5434072017669677734375,-0.1255365312099456787109375";
                }
              }
              #2 = {
                scale = fixp:"1";
                name = str:"Bone34";
                translation = xpoint3:"-38.5520477294921875,-33.375640869140625,-24.2160701751708984375";
                rotation = {
                  0 = xpoint3:"-0.544446289539337158203125,-0.2613457143306732177734375,-0.795635223388671875";
                  1 = xpoint3:"0.3245379030704498291015625,-0.94038951396942138671875,0.08675770461559295654296875";
                  2 = xpoint3:"-0.7720181941986083984375,-0.21106909215450286865234375,0.59904575347900390625";
                }
                #0 = {
                  scale = fixp:"1";
                  name = str:"Bone35";
                  translation = xpoint3:"53.1932830810546875,0,0";
                  rotation = {
                    0 = xpoint3:"0.1894893348217010498046875,-0.963973522186279296875,0.18350081145763397216796875";
                    1 = xpoint3:"0.72149288654327392578125,0.263722240924835205078125,0.63939821720123291015625";
                    2 = xpoint3:"-0.665105640888214111328125,0.011707842350006103515625,0.74641096591949462890625";
                  }
                  #0 = {
                    scale = fixp:"1";
                    name = str:"Bone36";
                    translation = xpoint3:"41.75698089599609375,0,0";
                    rotation = {
                      0 = xpoint3:"0.8768632411956787109375,-0.401345670223236083984375,-0.264298737049102783203125";
                      1 = xpoint3:"0.29972922801971435546875,0.88670146465301513671875,-0.3517932593822479248046875";
                      2 = xpoint3:"0.375625550746917724609375,0.2291675508022308349609375,0.8979084491729736328125";
                    }
                  }
                }
              }
              #3 = {
                scale = fixp:"1";
                name = str:"Bone14";
                translation = xpoint3:"41.078372955322265625,-33.375640869140625,-24.2160701751708984375";
                rotation = {
                  0 = xpoint3:"0.58705997467041015625,0.3267088830471038818359375,-0.740285456180572509765625";
                  1 = xpoint3:"0.2846041023731231689453125,-0.93832910060882568359375,-0.18901400268077850341796875";
                  2 = xpoint3:"-0.757470667362213134765625,-0.09993539750576019287109375,-0.64332449436187744140625";
                }
                #0 = {
                  scale = fixp:"1";
                  name = str:"Bone15";
                  translation = xpoint3:"53.32433319091796875,0,0";
                  rotation = {
                    0 = xpoint3:"0.173760890960693359375,-0.84622859954833984375,-0.50249898433685302734375";
                    1 = xpoint3:"0.5532925128936767578125,0.50631439685821533203125,-0.66090595722198486328125";
                    2 = xpoint3:"0.8139259815216064453125,-0.16378770768642425537109375,0.55682575702667236328125";
                  }
                  #0 = {
                    scale = fixp:"1";
                    name = str:"Bone16";
                    translation = xpoint3:"41.847232818603515625,0,0";
                    rotation = {
                      0 = xpoint3:"0.847931385040283203125,-0.448583662509918212890625,0.2820716202259063720703125";
                      1 = xpoint3:"0.421632826328277587890625,0.893584668636322021484375,0.1535503864288330078125";
                      2 = xpoint3:"-0.3209632933139801025390625,-0.011166222393512725830078125,0.946985185146331787109375";
                    }
                  }
                }
              }
            }
            #1 = {
              scale = fixp:"1";
              name = str:"Bone22";
              translation = xpoint3:"-2.5047576427459716796875,-14.43131351470947265625,37.58618927001953125";
              rotation = {
                0 = xpoint3:"0.37011051177978515625,-0.021974980831146240234375,-0.92872774600982666015625";
                1 = xpoint3:"0.2566641867160797119140625,0.963226020336151123046875,0.07949285209178924560546875";
                2 = xpoint3:"0.89282786846160888671875,-0.267792284488677978515625,0.3621402680873870849609375";
              }
            }
          }
          #1 = {
            scale = fixp:"1";
            name = str:"Bone24";
            translation = xpoint3:"-2.5047562122344970703125,-2.1998512744903564453125,33.989933013916015625";
            rotation = {
              0 = xpoint3:"0.3447802960872650146484375,-0.010165393352508544921875,-0.93862831592559814453125";
              1 = xpoint3:"0.57524335384368896484375,0.792464792728424072265625,0.202717959880828857421875";
              2 = xpoint3:"0.74176919460296630859375,-0.60983288288116455078125,0.27907383441925048828125";
            }
          }
        }
        #1 = {
          scale = fixp:"1";
          name = str:"Bone26";
          translation = xpoint3:"-2.5047547817230224609375,16.2919940948486328125,17.5658855438232421875";
          rotation = {
            0 = xpoint3:"-0.13160715997219085693359375,0.0068007409572601318359375,-0.991278588771820068359375";
            1 = xpoint3:"0.7668666839599609375,0.634363353252410888671875,-0.0974610149860382080078125";
            2 = xpoint3:"0.628168046474456787109375,-0.77300512790679931640625,-0.088702023029327392578125";
          }
        }
        #2 = {
          scale = fixp:"1";
          name = str:"Bone09";
          translation = xpoint3:"35.451442718505859375,4.619932651519775390625,0.674606025218963623046875";
          rotation = {
            0 = xpoint3:"0.63119375705718994140625,0.18193598091602325439453125,-0.75363028049468994140625";
            1 = xpoint3:"-0.435507297515869140625,-0.71978938579559326171875,-0.5382759571075439453125";
            2 = xpoint3:"-0.64139902591705322265625,0.66806209087371826171875,-0.374574005603790283203125";
          }
          #0 = {
            scale = fixp:"1";
            name = str:"Bone10";
            translation = xpoint3:"54.458103179931640625,0,0";
            rotation = {
              0 = xpoint3:"-0.680522918701171875,0.67787778377532958984375,-0.2737360298633575439453125";
              1 = xpoint3:"-0.73099696636199951171875,-0.6358497142791748046875,0.2428263127803802490234375";
              2 = xpoint3:"-0.00965404510498046875,0.3657906949520111083984375,0.930592954158782958984375";
            }
            #0 = {
              scale = fixp:"1";
              name = str:"Bone11";
              translation = xpoint3:"39.940921783447265625,0,0";
              rotation = {
                0 = xpoint3:"-0.27497231960296630859375,-0.955689609050750732421875,0.0959039628505706787109375";
                1 = xpoint3:"0.950403630733489990234375,-0.2851354777812957763671875,-0.116472415626049041748046875";
                2 = xpoint3:"0.13882739841938018798828125,0.059079147875308990478515625,0.988544404506683349609375";
              }
              #0 = {
                scale = fixp:"1";
                name = str:"Bone12";
                translation = xpoint3:"47.175037384033203125,0,0";
                rotation = {
                  0 = xpoint3:"0.680402278900146484375,-0.73139512538909912109375,0.040621139109134674072265625";
                  1 = xpoint3:"0.723324298858642578125,0.662081182003021240234375,-0.1948334276676177978515625";
                  2 = xpoint3:"0.115719176828861236572265625,0.1619234979152679443359375,0.979979991912841796875";
                }
              }
            }
          }
        }
        #3 = {
          scale = fixp:"1";
          name = str:"Bone29";
          translation = xpoint3:"-34.462677001953125,4.619932651519775390625,0.674606025218963623046875";
          rotation = {
            0 = xpoint3:"-0.613331973552703857421875,-0.1251218616962432861328125,-0.7783489227294921875";
            1 = xpoint3:"-0.4428557455539703369140625,-0.7607491016387939453125,0.471788465976715087890625";
            2 = xpoint3:"-0.652197360992431640625,0.634862244129180908203125,0.413203299045562744140625";
          }
          #0 = {
            scale = fixp:"1";
            name = str:"Bone30";
            translation = xpoint3:"54.261859893798828125,0,0";
            rotation = {
              0 = xpoint3:"-0.683431923389434814453125,0.68161189556121826171875,0.25667750835418701171875";
              1 = xpoint3:"-0.726418972015380859375,-0.612295210361480712890625,-0.3083352148532867431640625";
              2 = xpoint3:"-0.05285464227199554443359375,-0.3976937830448150634765625,0.915927946567535400390625";
            }
            #0 = {
              scale = fixp:"1";
              name = str:"Bone31";
              translation = xpoint3:"39.800998687744140625,0,0";
              rotation = {
                0 = xpoint3:"-0.297368705272674560546875,-0.95318114757537841796875,-0.03368628025054931640625";
                1 = xpoint3:"0.94755876064300537109375,-0.299264013767242431640625,0.1033828258514404296875";
                2 = xpoint3:"-0.10872699320316314697265625,-0.0011026896536350250244140625,0.994066715240478515625";
              }
              #0 = {
                scale = fixp:"1";
                name = str:"Bone32";
                translation = xpoint3:"47.3462982177734375,0,0";
                rotation = {
                  0 = xpoint3:"0.67491853237152099609375,-0.737210571765899658203125,0.023104839026927947998046875";
                  1 = xpoint3:"0.711268126964569091796875,0.65884053707122802734375,0.2439913451671600341796875";
                  2 = xpoint3:"-0.195220291614532470703125,-0.148171007633209228515625,0.9694793224334716796875";
                }
              }
            }
          }
        }
        #4 = {
          scale = fixp:"1";
          name = str:"Bone05";
          translation = xpoint3:"-2.504754543304443359375,17.8368892669677734375,1.8176019191741943359375";
          rotation = {
            0 = xpoint3:"0,0,-0.99999988079071044921875";
            1 = xpoint3:"0.9690883159637451171875,-0.246713936328887939453125,0";
            2 = xpoint3:"-0.2467139661312103271484375,-0.9690883159637451171875,0";
          }
          #0 = {
            scale = fixp:"1";
            name = str:"Bone06";
            translation = xpoint3:"48.91507720947265625,0,0";
            rotation = {
              0 = xpoint3:"0.992652237415313720703125,0.12100203335285186767578125,0";
              1 = xpoint3:"-0.12100203335285186767578125,0.992652237415313720703125,0";
              2 = xpoint3:"0,0,1";
            }
            #0 = {
              scale = fixp:"1";
              name = str:"Bone07";
              translation = xpoint3:"58.821758270263671875,0,0";
              rotation = {
                0 = xpoint3:"0.9931824207305908203125,0.116570435464382171630859375,0";
                1 = xpoint3:"-0.116570435464382171630859375,0.9931824207305908203125,0";
                2 = xpoint3:"0,0,1";
              }
            }
            #1 = {
              scale = fixp:"1";
              name = str:"Bone28";
              translation = xpoint3:"1.06773078441619873046875,-7.6367950439453125,0";
              rotation = {
                0 = xpoint3:"0.366311490535736083984375,0.914679467678070068359375,-0.17081391811370849609375";
                1 = xpoint3:"-0.828981101512908935546875,0.404180049896240234375,0.3865602910518646240234375";
                2 = xpoint3:"0.422618329524993896484375,0,0.906307756900787353515625";
              }
            }
          }
        }
      }
    }
  }
}