model = {
  file = str:"data\models\buildings\missioncommandpost\missioncommandpost.nif";
  animation = {
    loop = fixp:"30";
    duration = fixp:"0";
  }
  #0 = {
    scale = fixp:"1";
    name = str:"MissionCommandPost";
    translation = xpoint3:"-5.941802978515625,-17.5001678466796875,163.322967529296875";
    rotation = {
      0 = xpoint3:"1,0,0";
      1 = xpoint3:"0,1,0";
      2 = xpoint3:"0,0,1";
    }
  }
  #1 = {
    scale = fixp:"1";
    name = str:"decal_plane";
    translation = xpoint3:"-14.5958099365234375,-13.605854034423828125,0";
    rotation = {
      0 = xpoint3:"1,0,0";
      1 = xpoint3:"0,1,0";
      2 = xpoint3:"0,0,1";
    }
  }
  #2 = {
    scale = fixp:"1";
    name = str:"RootDummy";
    translation = xpoint3:"0,0,0";
    rotation = {
      0 = xpoint3:"1,0,0";
      1 = xpoint3:"0,1,0";
      2 = xpoint3:"0,0,1";
    }
    #0 = {
      scale = fixp:"1";
      name = str:"DishDummy02";
      translation = xpoint3:"-239.2566986083984375,20.8002777099609375,242.536590576171875";
      rotation = {
        0 = xpoint3:"1,0,0";
        1 = xpoint3:"0,1,0";
        2 = xpoint3:"0,0,1";
      }
    }
    #1 = {
      scale = fixp:"1";
      name = str:"DishDummy01";
      translation = xpoint3:"125.61925506591796875,79.0767822265625,340.235565185546875";
      rotation = {
        0 = xpoint3:"1,0,0";
        1 = xpoint3:"0,1,0";
        2 = xpoint3:"0,0,1";
      }
      #0 = {
        scale = fixp:"1";
        name = str:"LightBillboard04";
        translation = xpoint3:"69.92350006103515625,21.743621826171875,81.864471435546875";
        rotation = {
          0 = xpoint3:"0.331178724765777587890625,-0.69721221923828125,0.635779678821563720703125";
          1 = xpoint3:"0.691311359405517578125,0.63787925243377685546875,0.3394093811511993408203125";
          2 = xpoint3:"-0.642190992832183837890625,0.3271165192127227783203125,0.693242728710174560546875";
        }
      }
    }
    #2 = {
      scale = fixp:"1";
      name = str:"LightBillboard02";
      translation = xpoint3:"-3.208666324615478515625,14.125263214111328125,551.63568115234375";
      rotation = {
        0 = xpoint3:"0.995526015758514404296875,0.087911494076251983642578125,0.0346349216997623443603515625";
        1 = xpoint3:"0.03450064361095428466796875,0.00304682017304003238677978515625,-0.99940001964569091796875";
        2 = xpoint3:"-0.08796428143978118896484375,0.99612367153167724609375,0";
      }
    }
    #3 = {
      scale = fixp:"1";
      name = str:"LightBillboard01";
      translation = xpoint3:"-41.6504669189453125,15.354400634765625,668.6319580078125";
      rotation = {
        0 = xpoint3:"-0.523235797882080078125,-0.851483821868896484375,0.034635014832019805908203125";
        1 = xpoint3:"-0.018133156001567840576171875,-0.029508851468563079833984375,-0.99940001964569091796875";
        2 = xpoint3:"0.851994991302490234375,-0.52354991436004638671875,0";
      }
    }
  }
}