model = {
  file = str:"data\models\units\shaman\shaman.nif";
  animation = {
    loop = fixp:"0";
    duration = fixp:"9";
  }
  #0 = {
    scale = fixp:"1";
    name = str:"ROOT";
    translation = xpoint3:"0,0,0";
    rotation = {
      0 = xpoint3:"1,0,0";
      1 = xpoint3:"0,1,0";
      2 = xpoint3:"0,0,1";
    }
    #3 = {
      scale = fixp:"1";
      name = str:"ROOT NonAccum";
      translation = xpoint3:"0,0,0";
      rotation = {
        0 = xpoint3:"1,0,0";
        1 = xpoint3:"0,1,0";
        2 = xpoint3:"0,0,1";
      }
      #0 = {
        scale = fixp:"1";
        name = str:"Bip01";
        translation = xpoint3:"-0.4697139263153076171875,-15.635265350341796875,109.8675537109375";
        rotation = {
          0 = xpoint3:"0.007651283405721187591552734375,0.995497643947601318359375,0.08652062714099884033203125";
          1 = xpoint3:"-0.999002158641815185546875,0.00569486059248447418212890625,0.0227909199893474578857421875";
          2 = xpoint3:"0.0222745202481746673583984375,-0.08665502071380615234375,0.995986402034759521484375";
        }
        #0 = {
          scale = fixp:"1";
          name = str:"Bip01 Footsteps";
          translation = xpoint3:"-2.429931163787841796875,9.45320892333984375,-108.57317352294921875";
          rotation = {
            0 = xpoint3:"0.0069307875819504261016845703125,-0.9997274875640869140625,0.0222906880080699920654296875";
            1 = xpoint3:"0.99622046947479248046875,0.0049729458987712860107421875,-0.08671791851520538330078125";
            2 = xpoint3:"0.086583435535430908203125,0.02280746400356292724609375,0.99598348140716552734375";
          }
        }
        #1 = {
          scale = fixp:"1";
          name = str:"Bip01 Pelvis";
          translation = xpoint3:"0.2158930301666259765625,0,0.01744194328784942626953125";
          rotation = {
            0 = xpoint3:"0,0.999274432659149169921875,0";
            1 = xpoint3:"0.039728343486785888671875,0,0.9984843730926513671875";
            2 = xpoint3:"0.998484432697296142578125,0,-0.039002835750579833984375";
          }
          #0 = {
            scale = fixp:"1";
            name = str:"Bip01 Spine";
            translation = xpoint3:"12.046390533447265625,0.420802533626556396484375,-0.4795967638492584228515625";
            rotation = {
              0 = xpoint3:"0.98787915706634521484375,-0.12814606726169586181640625,0.087497286498546600341796875";
              1 = xpoint3:"0.12973703444004058837890625,0.9914608001708984375,-0.01270401664078235626220703125";
              2 = xpoint3:"-0.085120432078838348388671875,0.02390980161726474761962890625,0.996080875396728515625";
            }
            #0 = {
              scale = fixp:"1";
              name = str:"Bip01 Spine1";
              translation = xpoint3:"19.068660736083984375,-0.01571436412632465362548828125,0.00126804760657250881195068359375";
              rotation = {
                0 = xpoint3:"0.967166244983673095703125,0.24159656465053558349609375,0.078567683696746826171875";
                1 = xpoint3:"-0.24652941524982452392578125,0.9672195911407470703125,0.0605135373771190643310546875";
                2 = xpoint3:"-0.0613598525524139404296875,-0.07790851593017578125,0.9950668811798095703125";
              }
              #0 = {
                scale = fixp:"1";
                name = str:"Bip01 Neck";
                translation = xpoint3:"20.3251667022705078125,-2.426294803619384765625,0";
                rotation = {
                  0 = xpoint3:"0.983898818492889404296875,-0.17682731151580810546875,-0.025530390441417694091796875";
                  1 = xpoint3:"0.1780841052532196044921875,0.982132136821746826171875,0.06063528358936309814453125";
                  2 = xpoint3:"0.0143441259860992431640625,-0.06420813500881195068359375,0.997831881046295166015625";
                }
                #0 = {
                  scale = fixp:"1";
                  name = str:"Bip01 Head";
                  translation = xpoint3:"19.474491119384765625,0,0";
                  rotation = {
                    0 = xpoint3:"0.997165143489837646484375,0.0539933405816555023193359375,0.0523672960698604583740234375";
                    1 = xpoint3:"-0.0487617887556552886962890625,0.994140625,-0.0964269936084747314453125";
                    2 = xpoint3:"-0.0572704337537288665771484375,0.09359805285930633544921875,0.993957102298736572265625";
                  }
                  #0 = {
                    scale = fixp:"1";
                    name = str:"pt_head";
                    translation = xpoint3:"10.3620471954345703125,0.36111545562744140625,0.14817802608013153076171875";
                    rotation = {
                      0 = xpoint3:"-0.010236739180982112884521484375,0.02265394292771816253662109375,0.999690949916839599609375";
                      1 = xpoint3:"-0.043019481003284454345703125,-0.9988276958465576171875,0.02219386398792266845703125";
                      2 = xpoint3:"0.9990217685699462890625,-0.042778991162776947021484375,0.0111992992460727691650390625";
                    }
                  }
                }
                #1 = {
                  scale = fixp:"1";
                  name = str:"Bip01 L Clavicle";
                  translation = xpoint3:"0.1653407514095306396484375,-1.2060527801513671875,6.14667415618896484375";
                  rotation = {
                    0 = xpoint3:"-0.123834751546382904052734375,-0.178396046161651611328125,0.975299417972564697265625";
                    1 = xpoint3:"-0.0103948116302490234375,-0.98195135593414306640625,-0.18107306957244873046875";
                    2 = xpoint3:"0.991426289081573486328125,-0.032716296613216400146484375,0.121361233294010162353515625";
                  }
                  #0 = {
                    scale = fixp:"1";
                    name = str:"Bip01 L UpperArm";
                    translation = xpoint3:"15.499248504638671875,0,0";
                    rotation = {
                      0 = xpoint3:"0.524043560028076171875,0.0941967666149139404296875,0.846058309078216552734375";
                      1 = xpoint3:"0.4694145619869232177734375,0.797299444675445556640625,-0.379037439823150634765625";
                      2 = xpoint3:"-0.710167348384857177734375,0.595941603183746337890625,0.373640239238739013671875";
                    }
                    #0 = {
                      scale = fixp:"1";
                      name = str:"Bip01 L Forearm";
                      translation = xpoint3:"29.251041412353515625,0,0";
                      rotation = {
                        0 = xpoint3:"0.9073832035064697265625,0.4201444089412689208984375,0";
                        1 = xpoint3:"-0.4201444089412689208984375,0.9073832035064697265625,0";
                        2 = xpoint3:"0,0,1";
                      }
                      #0 = {
                        scale = fixp:"1";
                        name = str:"Bip01 L Hand";
                        translation = xpoint3:"24.39493560791015625,0,0";
                        rotation = {
                          0 = xpoint3:"0.8896815776824951171875,-0.446522653102874755859375,-0.09446741640567779541015625";
                          1 = xpoint3:"-0.10512559115886688232421875,-0.400866210460662841796875,0.908967554569244384765625";
                          2 = xpoint3:"-0.444134235382080078125,-0.798680722713470458984375,-0.403506100177764892578125";
                        }
                        #0 = {
                          scale = fixp:"1";
                          name = str:"Bip01 L Finger0";
                          translation = xpoint3:"5.6245326995849609375,0.3710605800151824951171875,-3.686107635498046875";
                          rotation = {
                            0 = xpoint3:"0.86357629299163818359375,0.454018115997314453125,0.2188734114170074462890625";
                            1 = xpoint3:"0.277900040149688720703125,-0.065802097320556640625,-0.957546234130859375";
                            2 = xpoint3:"-0.4204873144626617431640625,0.88768851757049560546875,-0.18298281729221343994140625";
                          }
                          #0 = {
                            scale = fixp:"1";
                            name = str:"Bip01 L Finger01";
                            translation = xpoint3:"5.750778675079345703125,0,0";
                            rotation = {
                              0 = xpoint3:"0.9785311222076416015625,-0.206023633480072021484375,0";
                              1 = xpoint3:"0.206023633480072021484375,0.9785311222076416015625,0";
                              2 = xpoint3:"0,0,1";
                            }
                          }
                        }
                        #1 = {
                          scale = fixp:"1";
                          name = str:"Bip01 L Finger1";
                          translation = xpoint3:"9.93579006195068359375,0.3352487981319427490234375,0";
                          rotation = {
                            0 = xpoint3:"0.98987495899200439453125,-0.074221193790435791015625,-0.12093009054660797119140625";
                            1 = xpoint3:"0.09713982045650482177734375,0.9757339954376220703125,0.196142256259918212890625";
                            2 = xpoint3:"0.10342498123645782470703125,-0.2059105336666107177734375,0.9730699062347412109375";
                          }
                          #0 = {
                            scale = fixp:"1";
                            name = str:"Bip01 L Finger11";
                            translation = xpoint3:"6.82480716705322265625,0,0";
                            rotation = {
                              0 = xpoint3:"0.8979141712188720703125,-0.4400022923946380615234375,0";
                              1 = xpoint3:"0.4400022923946380615234375,0.8979141712188720703125,0";
                              2 = xpoint3:"0,0,1";
                            }
                          }
                        }
                        #2 = {
                          scale = fixp:"1";
                          name = str:"pt_hand";
                          translation = xpoint3:"10.211902618408203125,5.478991985321044921875,0";
                          rotation = {
                            0 = xpoint3:"1,0,0";
                            1 = xpoint3:"0,1,0";
                            2 = xpoint3:"0,0,1";
                          }
                        }
                      }
                    }
                  }
                }
                #2 = {
                  scale = fixp:"1";
                  name = str:"Bip01 R Clavicle";
                  translation = xpoint3:"-0.01306095533072948455810546875,-0.4074354469776153564453125,-6.254772186279296875";
                  rotation = {
                    0 = xpoint3:"-0.15220300853252410888671875,-0.1791981756687164306640625,-0.971107900142669677734375";
                    1 = xpoint3:"0.116597898304462432861328125,-0.978361070156097412109375,0.16230881214141845703125";
                    2 = xpoint3:"-0.980595409870147705078125,-0.0884716808795928955078125,0.17147363722324371337890625";
                  }
                  #0 = {
                    scale = fixp:"1";
                    name = str:"Bip01 R UpperArm";
                    translation = xpoint3:"15.49924755096435546875,0,0";
                    rotation = {
                      0 = xpoint3:"0.609873116016387939453125,0.22632245719432830810546875,-0.759122431278228759765625";
                      1 = xpoint3:"0.2591082751750946044921875,0.848740100860595703125,0.460742473602294921875";
                      2 = xpoint3:"0.748566329479217529296875,-0.477701663970947265625,0.458982050418853759765625";
                    }
                    #0 = {
                      scale = fixp:"1";
                      name = str:"Bip01 R Forearm";
                      translation = xpoint3:"29.2510433197021484375,0,0";
                      rotation = {
                        0 = xpoint3:"0.834787905216217041015625,0.55035388469696044921875,0";
                        1 = xpoint3:"-0.55035388469696044921875,0.834787905216217041015625,0";
                        2 = xpoint3:"0,0,1";
                      }
                      #0 = {
                        scale = fixp:"1";
                        name = str:"pt_rhand";
                        translation = xpoint3:"24.3949432373046875,0,0";
                        rotation = {
                          0 = xpoint3:"0.8896815776824951171875,-0.446522653102874755859375,0.09446741640567779541015625";
                          1 = xpoint3:"-0.10512559115886688232421875,-0.400866210460662841796875,-0.908967554569244384765625";
                          2 = xpoint3:"0.444134235382080078125,0.798680722713470458984375,-0.403506100177764892578125";
                        }
                        #0 = {
                          scale = fixp:"1";
                          name = str:"Bip01 R Finger0";
                          translation = xpoint3:"5.4245738983154296875,0.666753292083740234375,3.711265087127685546875";
                          rotation = {
                            0 = xpoint3:"0.863576352596282958984375,0.45401799678802490234375,-0.2188734710216522216796875";
                            1 = xpoint3:"0.27790009975433349609375,-0.065802313387393951416015625,0.957546293735504150390625";
                            2 = xpoint3:"0.4204871952533721923828125,-0.887688577175140380859375,-0.18298302590847015380859375";
                          }
                          #0 = {
                            scale = fixp:"1";
                            name = str:"Bip01 R Finger01";
                            translation = xpoint3:"5.750782012939453125,0,0";
                            rotation = {
                              0 = xpoint3:"0.9785311222076416015625,-0.20602361857891082763671875,0";
                              1 = xpoint3:"0.20602361857891082763671875,0.9785311222076416015625,0";
                              2 = xpoint3:"0,0,1";
                            }
                          }
                        }
                        #1 = {
                          scale = fixp:"1";
                          name = str:"Bip01 R Finger1";
                          translation = xpoint3:"9.93579196929931640625,0.33525073528289794921875,0";
                          rotation = {
                            0 = xpoint3:"0.98987495899200439453125,-0.074221245944499969482421875,0.120930083096027374267578125";
                            1 = xpoint3:"0.097139872610569000244140625,0.9757339954376220703125,-0.19614227116107940673828125";
                            2 = xpoint3:"-0.103424973785877227783203125,0.20591054856777191162109375,0.9730699062347412109375";
                          }
                          #0 = {
                            scale = fixp:"1";
                            name = str:"Bip01 R Finger11";
                            translation = xpoint3:"6.824806690216064453125,0,0";
                            rotation = {
                              0 = xpoint3:"0.8979141712188720703125,-0.44000232219696044921875,0";
                              1 = xpoint3:"0.44000232219696044921875,0.8979141712188720703125,0";
                              2 = xpoint3:"0,0,1";
                            }
                          }
                        }
                      }
                    }
                  }
                }
              }
              #1 = {
                scale = fixp:"1";
                name = str:"pt_chest";
                translation = xpoint3:"15.29940509796142578125,0.9563579559326171875,0.0395348370075225830078125";
                rotation = {
                  0 = xpoint3:"0,0.08126412332057952880859375,0.996692597866058349609375";
                  1 = xpoint3:"0,-0.996692597866058349609375,0.08126412332057952880859375";
                  2 = xpoint3:"1,0,0";
                }
              }
            }
            #1 = {
              scale = fixp:"1";
              name = str:"Bip01 L Thigh";
              translation = xpoint3:"-13.0676746368408203125,1.440204143524169921875,11.96263217926025390625";
              rotation = {
                0 = xpoint3:"-0.95693242549896240234375,0.22119124233722686767578125,-0.18031847476959228515625";
                1 = xpoint3:"0.20240284502506256103515625,0.97228682041168212890625,0.116838395595550537109375";
                2 = xpoint3:"0.201180040836334228515625,0.07544900476932525634765625,-0.9751756191253662109375";
              }
              #0 = {
                scale = fixp:"1";
                name = str:"Bip01 L Calf";
                translation = xpoint3:"52.201953887939453125,0,0";
                rotation = {
                  0 = xpoint3:"0.909917294979095458984375,0.4146320521831512451171875,0";
                  1 = xpoint3:"-0.4146320521831512451171875,0.909917294979095458984375,0";
                  2 = xpoint3:"0,0,1";
                }
                #0 = {
                  scale = fixp:"1";
                  name = str:"Bip01 L Foot";
                  translation = xpoint3:"45.471424102783203125,0,0";
                  rotation = {
                    0 = xpoint3:"0.952477276325225830078125,-0.2547023594379425048828125,-0.16686762869358062744140625";
                    1 = xpoint3:"0.2823841273784637451171875,0.943897664546966552734375,0.1709823906421661376953125";
                    2 = xpoint3:"0.11391793191432952880859375,-0.210005939006805419921875,0.97101914882659912109375";
                  }
                  #0 = {
                    scale = fixp:"1";
                    name = str:"Bip01 L Toe0";
                    translation = xpoint3:"13.28914546966552734375,18.121799468994140625,0";
                    rotation = {
                      0 = xpoint3:"-0.01503920368850231170654296875,-0.99909770488739013671875,-0.010220260359346866607666015625";
                      1 = xpoint3:"0.9984524250030517578125,-0.0154092647135257720947265625,0.0371713452041149139404296875";
                      2 = xpoint3:"-0.037329800426959991455078125,-0.009625426493585109710693359375,0.999256074428558349609375";
                    }
                  }
                  #1 = {
                    scale = fixp:"1";
                    name = str:"pt_footprint01";
                    translation = xpoint3:"13.0288066864013671875,6.4751262664794921875,0.03459252417087554931640625";
                    rotation = {
                      0 = xpoint3:"1,0,0";
                      1 = xpoint3:"0,1,0";
                      2 = xpoint3:"0,0,1";
                    }
                  }
                  #2 = {
                    scale = fixp:"1";
                    name = str:"pt_foot";
                    translation = xpoint3:"5.582410335540771484375,-0.3375239074230194091796875,-0.1343978345394134521484375";
                    rotation = {
                      0 = xpoint3:"1,0,0";
                      1 = xpoint3:"0,1,0";
                      2 = xpoint3:"0,0,1";
                    }
                  }
                }
              }
            }
            #2 = {
              scale = fixp:"1";
              name = str:"Bip01 R Thigh";
              translation = xpoint3:"-10.92383289337158203125,0.837979257106781005859375,-13.10608673095703125";
              rotation = {
                0 = xpoint3:"-0.99608814716339111328125,-0.0012378282845020294189453125,-0.070070438086986541748046875";
                1 = xpoint3:"0.009435352869331836700439453125,0.988377094268798828125,-0.1516735553741455078125";
                2 = xpoint3:"0.069443307816982269287109375,-0.1519617140293121337890625,-0.98448216915130615234375";
              }
              #0 = {
                scale = fixp:"1";
                name = str:"Bip01 R Calf";
                translation = xpoint3:"52.201961517333984375,0,0";
                rotation = {
                  0 = xpoint3:"0.999999105930328369140625,0.001336290501058101654052734375,0";
                  1 = xpoint3:"-0.001336290501058101654052734375,0.999999105930328369140625,0";
                  2 = xpoint3:"0,0,1";
                }
                #0 = {
                  scale = fixp:"1";
                  name = str:"Bip01 R Foot";
                  translation = xpoint3:"45.47142791748046875,0,0";
                  rotation = {
                    0 = xpoint3:"0.9965198040008544921875,-0.0809126794338226318359375,-0.01990757696330547332763671875";
                    1 = xpoint3:"0.07587714493274688720703125,0.979909002780914306640625,-0.1843686401844024658203125";
                    2 = xpoint3:"0.034435920417308807373046875,0.182214915752410888671875,0.982642710208892822265625";
                  }
                  #0 = {
                    scale = fixp:"1";
                    name = str:"Bip01 R Toe0";
                    translation = xpoint3:"13.2891445159912109375,18.12180328369140625,0";
                    rotation = {
                      0 = xpoint3:"-0.015039202757179737091064453125,-0.99909770488739013671875,0.01022030599415302276611328125";
                      1 = xpoint3:"0.9984524250030517578125,-0.015409265644848346710205078125,-0.037171341478824615478515625";
                      2 = xpoint3:"0.03732979297637939453125,0.009625472128391265869140625,0.999256074428558349609375";
                    }
                  }
                  #1 = {
                    scale = fixp:"1";
                    name = str:"pt_footprint02";
                    translation = xpoint3:"14.0456485748291015625,6.472930908203125,0.0620029903948307037353515625";
                    rotation = {
                      0 = xpoint3:"1,0,0";
                      1 = xpoint3:"0,1,0";
                      2 = xpoint3:"0,0,1";
                    }
                  }
                  #2 = {
                    scale = fixp:"1";
                    name = str:"pt_foot@#0";
                    translation = xpoint3:"5.58250331878662109375,-0.3375262320041656494140625,0.2328457534313201904296875";
                    rotation = {
                      0 = xpoint3:"1,0,0";
                      1 = xpoint3:"0,1,0";
                      2 = xpoint3:"0,0,1";
                    }
                  }
                }
              }
            }
          }
          #1 = {
            scale = fixp:"1";
            name = str:"parcal_1";
            translation = xpoint3:"8.09017658233642578125,18.074848175048828125,-0.30495488643646240234375";
            rotation = {
              0 = xpoint3:"-0.9902517795562744140625,-0.13630287349224090576171875,0.0286888517439365386962890625";
              1 = xpoint3:"0.13638447225093841552734375,-0.9906556606292724609375,0";
              2 = xpoint3:"0.028298415243625640869140625,0.00480162538588047027587890625,0.9995880126953125";
            }
            #0 = {
              scale = fixp:"1";
              name = str:"parcal_2";
              translation = xpoint3:"19.8087215423583984375,0,0";
              rotation = {
                0 = xpoint3:"0.997088611125946044921875,0.074304103851318359375,-0.0171222053468227386474609375";
                1 = xpoint3:"-0.0762513577938079833984375,0.971625626087188720703125,-0.22389586269855499267578125";
                2 = xpoint3:"0,0.22454960644245147705078125,0.97446262836456298828125";
              }
            }
          }
        }
        #2 = {
          scale = fixp:"1";
          name = str:"pt_center";
          translation = xpoint3:"-0.0242969281971454620361328125,-0.307449758052825927734375,14.2343425750732421875";
          rotation = {
            0 = xpoint3:"0,-0.999412715435028076171875,0.034266807138919830322265625";
            1 = xpoint3:"1,0,0";
            2 = xpoint3:"0,0.034266807138919830322265625,0.999412715435028076171875";
          }
        }
      }
      #1 = {
        scale = fixp:"1";
        name = str:"pt_ground";
        translation = xpoint3:"1.672408580780029296875,-13.08620166778564453125,0";
        rotation = {
          0 = xpoint3:"0.999931871891021728515625,-0.0052417875267565250396728515625,-0.010431715287268161773681640625";
          1 = xpoint3:"0.00497155450284481048583984375,0.999655663967132568359375,-0.02576438151299953460693359375";
          2 = xpoint3:"0.010563175193965435028076171875,0.02571076340973377227783203125,0.99961364269256591796875";
        }
      }
      #2 = {
        scale = fixp:"1";
        name = str:"pt_top";
        translation = xpoint3:"-5.06709766387939453125,-14.24796390533447265625,231.5390472412109375";
        rotation = {
          0 = xpoint3:"0.9999825954437255859375,-0.00530411303043365478515625,-0.0025841225869953632354736328125";
          1 = xpoint3:"0.0052742525003850460052490234375,0.999920785427093505859375,-0.011428349651396274566650390625";
          2 = xpoint3:"0.0026445351541042327880859375,0.011414521373808383941650390625,0.99993133544921875";
        }
      }
      #3 = {
        scale = fixp:"1";
        name = str:"pt_aim";
        translation = xpoint3:"0.6067943572998046875,-89.8730926513671875,176.120391845703125";
        rotation = {
          0 = xpoint3:"1,0,0";
          1 = xpoint3:"0,1,0";
          2 = xpoint3:"0,0,1";
        }
      }
    }
  }
  #1 = {
    scale = fixp:"1";
    name = str:"shaman";
    translation = xpoint3:"0,-7.136857509613037109375,105.93947601318359375";
    rotation = {
      0 = xpoint3:"1,0,0";
      1 = xpoint3:"0,1,0";
      2 = xpoint3:"0,0,1";
    }
  }
  #2 = {
    scale = fixp:"1";
    name = str:"pt_cast";
    translation = xpoint3:"12.81962299346923828125,-134.1167144775390625,115.104522705078125";
    rotation = {
      0 = xpoint3:"0.99968814849853515625,-0.0249721705913543701171875,0";
      1 = xpoint3:"0.02494393289089202880859375,0.998709738254547119140625,-0.0442337654531002044677734375";
      2 = xpoint3:"0.00119033106602728366851806640625,0.0442178286612033843994140625,0.999021232128143310546875";
    }
    #0 = {
      scale = fixp:"1";
      name = str:"pt_shoot_1";
      translation = xpoint3:"0,0,0";
      rotation = {
        0 = xpoint3:"1,0,0";
        1 = xpoint3:"0,1,0";
        2 = xpoint3:"0,0,1";
      }
    }
  }
}