model = {
  file = str:"data\models\units\arbiter\arbiter.nif";
  animation = {
    loop = fixp:"0";
    duration = fixp:"22.8333339691162109375";
  }
  #0 = {
    scale = fixp:"1";
    name = str:"ROOT";
    translation = xpoint3:"0,0,0";
    rotation = {
      0 = xpoint3:"1,0,0";
      1 = xpoint3:"0,1,0";
      2 = xpoint3:"0,0,1";
    }
    #5 = {
      scale = fixp:"1";
      name = str:"ROOT NonAccum";
      translation = xpoint3:"0,0,0";
      rotation = {
        0 = xpoint3:"1,0,0";
        1 = xpoint3:"0,1,0";
        2 = xpoint3:"0,0,1";
      }
      #0 = {
        scale = fixp:"1";
        name = str:"Bip01";
        translation = xpoint3:"0,0,156.20684814453125";
        rotation = {
          0 = xpoint3:"0,1,0";
          1 = xpoint3:"-1,0,0";
          2 = xpoint3:"0,0,1";
        }
        #0 = {
          scale = fixp:"1";
          name = str:"Bip01 Pelvis01";
          translation = xpoint3:"0,0,0";
          rotation = {
            0 = xpoint3:"0,1,0";
            1 = xpoint3:"0,0,1";
            2 = xpoint3:"1,0,0";
          }
          #0 = {
            scale = fixp:"1";
            name = str:"Bip01 Spine02";
            translation = xpoint3:"16.1913604736328125,-0.0291413031518459320068359375,0";
            rotation = {
              0 = xpoint3:"0.993080794811248779296875,-0.11743223667144775390625,0";
              1 = xpoint3:"0.1174029409885406494140625,0.99272143840789794921875,0.02684566937386989593505859375";
              2 = xpoint3:"-0.00266777793876826763153076171875,-0.02671724744141101837158203125,0.999639451503753662109375";
            }
            #0 = {
              scale = fixp:"1";
              name = str:"Bip01 Spine03";
              translation = xpoint3:"36.6065216064453125,0.020616233348846435546875,-0.02061462961137294769287109375";
              rotation = {
                0 = xpoint3:"0.984919607639312744140625,-0.1730126440525054931640625,0";
                1 = xpoint3:"0.17086493968963623046875,0.972693264484405517578125,0.15707637369632720947265625";
                2 = xpoint3:"-0.027176164090633392333984375,-0.15470759570598602294921875,0.987586438655853271484375";
              }
              #0 = {
                scale = fixp:"1";
                name = str:"Bip01 Neck01";
                translation = xpoint3:"36.611186981201171875,0.0427743680775165557861328125,-0.02061461471021175384521484375";
                rotation = {
                  0 = xpoint3:"0.83055055141448974609375,-0.55694293975830078125,0";
                  1 = xpoint3:"0.55694305896759033203125,0.830550670623779296875,0";
                  2 = xpoint3:"0,0,0.999999821186065673828125";
                }
                #0 = {
                  scale = fixp:"1";
                  name = str:"Bip01 Head";
                  translation = xpoint3:"10.55959224700927734375,0,0";
                  rotation = {
                    0 = xpoint3:"0.83109819889068603515625,0.55298054218292236328125,-0.059062443673610687255859375";
                    1 = xpoint3:"-0.55599606037139892578125,0.823912203311920166015625,-0.109713278710842132568359375";
                    2 = xpoint3:"-0.01200703345239162445068359375,0.124021001160144805908203125,0.99220693111419677734375";
                  }
                  #0 = {
                    scale = fixp:"1";
                    name = str:"Bone11";
                    translation = xpoint3:"26.7628345489501953125,-0.94515740871429443359375,-20.149173736572265625";
                    rotation = {
                      0 = xpoint3:"0.871510326862335205078125,-0.37964236736297607421875,-0.31038916110992431640625";
                      1 = xpoint3:"-0.35763680934906005859375,-0.925133168697357177734375,0.127374470233917236328125";
                      2 = xpoint3:"-0.3355081081390380859375,0,-0.942037165164947509765625";
                    }
                  }
                  #1 = {
                    scale = fixp:"1";
                    name = str:"Bone21";
                    translation = xpoint3:"45.059383392333984375,-25.222991943359375,-14.19910717010498046875";
                    rotation = {
                      0 = xpoint3:"0.78181159496307373046875,-0.623361051082611083984375,0.01384283788502216339111328125";
                      1 = xpoint3:"-0.623263418674468994140625,-0.781934320926666259765625,-0.011034651659429073333740234375";
                      2 = xpoint3:"0.01770276017487049102783203125,0,-0.99984347820281982421875";
                    }
                  }
                  #2 = {
                    scale = fixp:"1";
                    name = str:"Bone33";
                    translation = xpoint3:"45.3929595947265625,-25.4889354705810546875,10.49349498748779296875";
                    rotation = {
                      0 = xpoint3:"0.780167996883392333984375,-0.623361408710479736328125,0.052520327270030975341796875";
                      1 = xpoint3:"-0.621953785419464111328125,-0.78193378448486328125,-0.041868545114994049072265625";
                      2 = xpoint3:"0.0671666562557220458984375,0,-0.99774169921875";
                    }
                  }
                  #3 = {
                    scale = fixp:"1";
                    name = str:"Bone01";
                    translation = xpoint3:"26.762847900390625,-0.945212781429290771484375,17.923427581787109375";
                    rotation = {
                      0 = xpoint3:"0.90358293056488037109375,-0.3796416819095611572265625,0.19851958751678466796875";
                      1 = xpoint3:"-0.3707982599735260009765625,-0.925133526325225830078125,-0.081464342772960662841796875";
                      2 = xpoint3:"0.214584410190582275390625,0,-0.976705372333526611328125";
                    }
                  }
                  #4 = {
                    scale = fixp:"1";
                    name = str:"Bone02";
                    translation = xpoint3:"23.4699954986572265625,-26.5955677032470703125,-20.555995941162109375";
                    rotation = {
                      0 = xpoint3:"0.841534137725830078125,-0.3691466152667999267578125,-0.394399583339691162109375";
                      1 = xpoint3:"-0.4095015823841094970703125,-0.912088334560394287109375,-0.02006880939006805419921875";
                      2 = xpoint3:"-0.352319061756134033203125,0.17839588224887847900390625,-0.918719589710235595703125";
                    }
                  }
                  #5 = {
                    scale = fixp:"1";
                    name = str:"Bone44";
                    translation = xpoint3:"22.131229400634765625,-26.8889255523681640625,18.839931488037109375";
                    rotation = {
                      0 = xpoint3:"0.8848493099212646484375,-0.314529478549957275390625,0.3436755836009979248046875";
                      1 = xpoint3:"-0.2844951152801513671875,-0.94897902011871337890625,-0.13601948320865631103515625";
                      2 = xpoint3:"0.3689230382442474365234375,0.0225827135145664215087890625,-0.92918550968170166015625";
                    }
                  }
                  #6 = {
                    scale = fixp:"1";
                    name = str:"pt_head";
                    translation = xpoint3:"19.77082061767578125,1.99415457248687744140625,-1.257079601287841796875";
                    rotation = {
                      0 = xpoint3:"-0.0375143624842166900634765625,-0.2036089599132537841796875,0.978333294391632080078125";
                      1 = xpoint3:"-0.0596859417855739593505859375,-0.976818084716796875,-0.20558227598667144775390625";
                      2 = xpoint3:"0.997512042522430419921875,-0.066105030477046966552734375,0.0244921147823333740234375";
                    }
                  }
                }
                #1 = {
                  scale = fixp:"1";
                  name = str:"Bip01 L Clavicle01";
                  translation = xpoint3:"0,0.008390300907194614410400390625,4.92780971527099609375";
                  rotation = {
                    0 = xpoint3:"-0.2765128612518310546875,-0.537411630153656005859375,0.796699047088623046875";
                    1 = xpoint3:"-0.123047769069671630859375,-0.802399933338165283203125,-0.58396375179290771484375";
                    2 = xpoint3:"0.953100144863128662109375,-0.2595055103302001953125,0.1557466089725494384765625";
                  }
                  #0 = {
                    scale = fixp:"1";
                    name = str:"Bip01 L UpperArm01";
                    translation = xpoint3:"42.3512725830078125,0,0";
                    rotation = {
                      0 = xpoint3:"0.8092498779296875,-0.356744110584259033203125,0.466445505619049072265625";
                      1 = xpoint3:"0.30491912364959716796875,0.934119880199432373046875,0.18533436954021453857421875";
                      2 = xpoint3:"-0.501858651638031005859375,-0.0076247155666351318359375,0.8648025989532470703125";
                    }
                    #0 = {
                      scale = fixp:"1";
                      name = str:"Bip01 L Forearm01";
                      translation = xpoint3:"31.726177215576171875,0,0";
                      rotation = {
                        0 = xpoint3:"-0.05997455120086669921875,0.99742901325225830078125,0";
                        1 = xpoint3:"-0.99742901325225830078125,-0.05997455120086669921875,0";
                        2 = xpoint3:"0,0,1";
                      }
                      #0 = {
                        scale = fixp:"1";
                        name = str:"Bip01 L Hand01";
                        translation = xpoint3:"42.23833465576171875,0,0";
                        rotation = {
                          0 = xpoint3:"0.887324154376983642578125,-0.45744419097900390625,-0.05689598619937896728515625";
                          1 = xpoint3:"0.17692558467388153076171875,0.224520027637481689453125,0.957686126232147216796875";
                          2 = xpoint3:"-0.42566382884979248046875,-0.859773337841033935546875,0.28027784824371337890625";
                        }
                        #0 = {
                          scale = fixp:"1";
                          name = str:"Bip01 L Finger04";
                          translation = xpoint3:"14.58741474151611328125,9.19540691375732421875,-12.244304656982421875";
                          rotation = {
                            0 = xpoint3:"0.6896107196807861328125,0.646803796291351318359375,0.32570230960845947265625";
                            1 = xpoint3:"0.589397490024566650390625,-0.2399728596210479736328125,-0.771377742290496826171875";
                            2 = xpoint3:"-0.420770347118377685546875,0.723918497562408447265625,-0.546712398529052734375";
                          }
                          #0 = {
                            scale = fixp:"1";
                            name = str:"Bip01 L Finger05";
                            translation = xpoint3:"13.02631092071533203125,0,0";
                            rotation = {
                              0 = xpoint3:"0.6343095302581787109375,-0.7730791568756103515625,0";
                              1 = xpoint3:"0.7730791568756103515625,0.6343095302581787109375,0";
                              2 = xpoint3:"0,0,1";
                            }
                          }
                        }
                        #1 = {
                          scale = fixp:"1";
                          name = str:"Bip01 L Finger06";
                          translation = xpoint3:"21.779338836669921875,2.8221085071563720703125,-7.27175235748291015625";
                          rotation = {
                            0 = xpoint3:"0.94703352451324462890625,0.3199967443943023681640625,-0.02701028995215892791748046875";
                            1 = xpoint3:"-0.3200930655002593994140625,0.9473857879638671875,0";
                            2 = xpoint3:"0.02584408037364482879638671875,0.007891379296779632568359375,0.99963486194610595703125";
                          }
                          #0 = {
                            scale = fixp:"1";
                            name = str:"Bip01 L Finger07";
                            translation = xpoint3:"17.1929378509521484375,0,0";
                            rotation = {
                              0 = xpoint3:"0.5573112964630126953125,-0.830303609371185302734375,0";
                              1 = xpoint3:"0.830303609371185302734375,0.5573112964630126953125,0";
                              2 = xpoint3:"0,0,1";
                            }
                          }
                        }
                        #2 = {
                          scale = fixp:"1";
                          name = str:"Bip01 L Finger08";
                          translation = xpoint3:"23.7015018463134765625,0.858272492885589599609375,2.571857452392578125";
                          rotation = {
                            0 = xpoint3:"0.96474444866180419921875,0.18527652323246002197265625,-0.1869244277477264404296875";
                            1 = xpoint3:"-0.11020798981189727783203125,0.92935276031494140625,0.352360069751739501953125";
                            2 = xpoint3:"0.2390027940273284912109375,-0.31933689117431640625,0.917006909847259521484375";
                          }
                          #0 = {
                            scale = fixp:"1";
                            name = str:"Bip01 L Finger09";
                            translation = xpoint3:"15.5404491424560546875,0,0";
                            rotation = {
                              0 = xpoint3:"0.653240382671356201171875,-0.757150590419769287109375,0";
                              1 = xpoint3:"0.757150590419769287109375,0.653240382671356201171875,0";
                              2 = xpoint3:"0,0,1";
                            }
                          }
                        }
                        #3 = {
                          scale = fixp:"1";
                          name = str:"Bip01 L Finger10";
                          translation = xpoint3:"19.4336490631103515625,4.187009334564208984375,9.37990856170654296875";
                          rotation = {
                            0 = xpoint3:"0.92471826076507568359375,0.1861538589000701904296875,-0.3320284783840179443359375";
                            1 = xpoint3:"0.014657311141490936279296875,0.854201734066009521484375,0.519735038280487060546875";
                            2 = xpoint3:"0.3803699910640716552734375,-0.485475122928619384765625,0.78716742992401123046875";
                          }
                          #0 = {
                            scale = fixp:"1";
                            name = str:"Bip01 L Finger12";
                            translation = xpoint3:"14.27616024017333984375,0,0";
                            rotation = {
                              0 = xpoint3:"0.691240608692169189453125,-0.72262465953826904296875,0";
                              1 = xpoint3:"0.72262465953826904296875,0.691240608692169189453125,0";
                              2 = xpoint3:"0,0,1";
                            }
                          }
                        }
                        #4 = {
                          scale = fixp:"1";
                          name = str:"pt_hand";
                          translation = xpoint3:"10.28886699676513671875,1.2245213985443115234375,-1.9279496669769287109375";
                          rotation = {
                            0 = xpoint3:"-0.0780722796916961669921875,-0.996798813343048095703125,-0.01722847856581211090087890625";
                            1 = xpoint3:"-0.991988480091094970703125,0.079393856227397918701171875,-0.09826187789440155029296875";
                            2 = xpoint3:"0.099315166473388671875,0.0094189234077930450439453125,-0.995011389255523681640625";
                          }
                        }
                      }
                    }
                  }
                }
                #2 = {
                  scale = fixp:"1";
                  name = str:"Bip01 R Clavicle01";
                  translation = xpoint3:"0,0.00841362588107585906982421875,-4.927794933319091796875";
                  rotation = {
                    0 = xpoint3:"-0.2765128910541534423828125,-0.53741168975830078125,-0.796698987483978271484375";
                    1 = xpoint3:"-0.12304294109344482421875,-0.80240118503570556640625,0.58396303653717041015625";
                    2 = xpoint3:"-0.953100740909576416015625,0.2595014870166778564453125,0.15574954450130462646484375";
                  }
                  #0 = {
                    scale = fixp:"1";
                    name = str:"Bip01 R UpperArm01";
                    translation = xpoint3:"42.351287841796875,0,0";
                    rotation = {
                      0 = xpoint3:"0.6690161228179931640625,0.3995171487331390380859375,-0.62635707855224609375";
                      1 = xpoint3:"-0.5175883769989013671875,0.855478227138519287109375,-0.007042467594146728515625";
                      2 = xpoint3:"0.5329535007476806640625,0.3291403353214263916015625,0.7792990207672119140625";
                    }
                    #0 = {
                      scale = fixp:"1";
                      name = str:"Bip01 R Forearm01";
                      translation = xpoint3:"31.7262058258056640625,0,0";
                      rotation = {
                        0 = xpoint3:"0.506867587566375732421875,0.861608684062957763671875,0";
                        1 = xpoint3:"-0.861608684062957763671875,0.506867587566375732421875,0";
                        2 = xpoint3:"0,0,1";
                      }
                      #0 = {
                        scale = fixp:"1";
                        name = str:"Bip01 R Hand01";
                        translation = xpoint3:"42.2383270263671875,0,0";
                        rotation = {
                          0 = xpoint3:"0.887324035167694091796875,-0.4574445188045501708984375,0.0568957626819610595703125";
                          1 = xpoint3:"0.1769255697727203369140625,0.224520206451416015625,-0.95768606662750244140625";
                          2 = xpoint3:"0.425664126873016357421875,0.859773159027099609375,0.2802779972553253173828125";
                        }
                        #0 = {
                          scale = fixp:"1";
                          name = str:"Bip01 R Finger04";
                          translation = xpoint3:"14.587413787841796875,9.19539165496826171875,12.24430751800537109375";
                          rotation = {
                            0 = xpoint3:"0.689610660076141357421875,0.64680373668670654296875,-0.3257024586200714111328125";
                            1 = xpoint3:"0.5893976688385009765625,-0.2399728596210479736328125,0.77137768268585205078125";
                            2 = xpoint3:"0.4207702577114105224609375,-0.72391855716705322265625,-0.546712458133697509765625";
                          }
                          #0 = {
                            scale = fixp:"1";
                            name = str:"Bip01 R Finger05";
                            translation = xpoint3:"13.02630615234375,0,0";
                            rotation = {
                              0 = xpoint3:"0.6343095302581787109375,-0.7730791568756103515625,0";
                              1 = xpoint3:"0.7730791568756103515625,0.6343095302581787109375,0";
                              2 = xpoint3:"0,0,1";
                            }
                          }
                        }
                        #1 = {
                          scale = fixp:"1";
                          name = str:"Bip01 R Finger06";
                          translation = xpoint3:"21.7793426513671875,2.8221032619476318359375,7.271762371063232421875";
                          rotation = {
                            0 = xpoint3:"0.947033584117889404296875,0.319996654987335205078125,0.02701031230390071868896484375";
                            1 = xpoint3:"-0.320092976093292236328125,0.9473857879638671875,0";
                            2 = xpoint3:"-0.02584399096667766571044921875,-0.00789170898497104644775390625,0.99963486194610595703125";
                          }
                          #0 = {
                            scale = fixp:"1";
                            name = str:"Bip01 R Finger07";
                            translation = xpoint3:"17.1929111480712890625,0,0";
                            rotation = {
                              0 = xpoint3:"0.5573112964630126953125,-0.830303609371185302734375,0";
                              1 = xpoint3:"0.830303609371185302734375,0.5573112964630126953125,0";
                              2 = xpoint3:"0,0,1";
                            }
                          }
                        }
                        #2 = {
                          scale = fixp:"1";
                          name = str:"Bip01 R Finger08";
                          translation = xpoint3:"23.70148468017578125,0.8582594394683837890625,-2.5718631744384765625";
                          rotation = {
                            0 = xpoint3:"0.96474444866180419921875,0.185276508331298828125,0.186924636363983154296875";
                            1 = xpoint3:"-0.110207974910736083984375,0.92935287952423095703125,-0.3523598015308380126953125";
                            2 = xpoint3:"-0.2390029430389404296875,0.3193365633487701416015625,0.917006969451904296875";
                          }
                          #0 = {
                            scale = fixp:"1";
                            name = str:"Bip01 R Finger09";
                            translation = xpoint3:"15.5404415130615234375,0,0";
                            rotation = {
                              0 = xpoint3:"0.653240203857421875,-0.75715076923370361328125,0";
                              1 = xpoint3:"0.75715076923370361328125,0.653240203857421875,0";
                              2 = xpoint3:"0,0,1";
                            }
                          }
                        }
                        #3 = {
                          scale = fixp:"1";
                          name = str:"Bip01 R Finger10";
                          translation = xpoint3:"19.4336414337158203125,4.187013149261474609375,-9.3799228668212890625";
                          rotation = {
                            0 = xpoint3:"0.92471802234649658203125,0.1861541569232940673828125,0.332028925418853759765625";
                            1 = xpoint3:"0.014657199382781982421875,0.85420191287994384765625,-0.519734799861907958984375";
                            2 = xpoint3:"-0.380370557308197021484375,0.485474765300750732421875,0.787167370319366455078125";
                          }
                          #0 = {
                            scale = fixp:"1";
                            name = str:"Bip01 R Finger12";
                            translation = xpoint3:"14.2761478424072265625,0,0";
                            rotation = {
                              0 = xpoint3:"0.6912405490875244140625,-0.72262477874755859375,0";
                              1 = xpoint3:"0.72262477874755859375,0.6912405490875244140625,0";
                              2 = xpoint3:"0,0,1";
                            }
                          }
                        }
                        #4 = {
                          scale = fixp:"1";
                          name = str:"pt_hand@#0";
                          translation = xpoint3:"10.44172382354736328125,0.4406464397907257080078125,-2.427013874053955078125";
                          rotation = {
                            0 = xpoint3:"-0.0100881569087505340576171875,-0.995208740234375,-0.097251154482364654541015625";
                            1 = xpoint3:"0.99900758266448974609375,-0.01425038278102874755859375,0.042199611663818359375";
                            2 = xpoint3:"-0.04338328540325164794921875,-0.09672892093658447265625,0.994364798069000244140625";
                          }
                        }
                      }
                    }
                  }
                }
              }
              #1 = {
                scale = fixp:"1";
                name = str:"Bone15";
                translation = xpoint3:"9.59492015838623046875,-52.00691986083984375,-13.050167083740234375";
                rotation = {
                  0 = xpoint3:"0.0531970560550689697265625,-0.997874736785888671875,-0.03763282299041748046875";
                  1 = xpoint3:"-0.81967830657958984375,-0.0651602447032928466796875,0.56910622119903564453125";
                  2 = xpoint3:"-0.570348799228668212890625,0,-0.82140266895294189453125";
                }
              }
              #2 = {
                scale = fixp:"1";
                name = str:"Bone27";
                translation = xpoint3:"8.8334980010986328125,-45.0050048828125,-11.11011981964111328125";
                rotation = {
                  0 = xpoint3:"-0.21742118895053863525390625,-0.974392950534820556640625,-0.057325862348079681396484375";
                  1 = xpoint3:"-0.942799150943756103515625,0.22485111653804779052734375,-0.24611294269561767578125";
                  2 = xpoint3:"0.252700507640838623046875,0,-0.96754419803619384765625";
                }
              }
              #3 = {
                scale = fixp:"1";
                name = str:"Bone39";
                translation = xpoint3:"8.84434604644775390625,-45.00502777099609375,8.1405792236328125";
                rotation = {
                  0 = xpoint3:"-0.2247031629085540771484375,-0.974387586116790771484375,-0.008795022033154964447021484375";
                  1 = xpoint3:"-0.973735153675079345703125,0.2248744666576385498046875,-0.0356568880379199981689453125";
                  2 = xpoint3:"0.0367214046418666839599609375,0,-0.999325454235076904296875";
                }
              }
              #4 = {
                scale = fixp:"1";
                name = str:"Bone05";
                translation = xpoint3:"9.20034313201904296875,-48.27569580078125,12.9477081298828125";
                rotation = {
                  0 = xpoint3:"0.0507175922393798828125,-0.997878491878509521484375,0.0408198833465576171875";
                  1 = xpoint3:"-0.772435128688812255859375,-0.065102100372314453125,-0.631748139858245849609375";
                  2 = xpoint3:"0.63306534290313720703125,0,-0.77409827709197998046875";
                }
              }
              #5 = {
                scale = fixp:"1";
                name = str:"Bone13";
                translation = xpoint3:"57.9264068603515625,-37.5486907958984375,-12.299678802490234375";
                rotation = {
                  0 = xpoint3:"0.603435814380645751953125,-0.674270093441009521484375,-0.425705254077911376953125";
                  1 = xpoint3:"-0.551293671131134033203125,-0.73848450183868408203125,0.3882211744785308837890625";
                  2 = xpoint3:"-0.576142728328704833984375,0,-0.81734883785247802734375";
                }
              }
              #6 = {
                scale = fixp:"1";
                name = str:"Bone23";
                translation = xpoint3:"68.294403076171875,-37.230808258056640625,-7.1364116668701171875";
                rotation = {
                  0 = xpoint3:"0.4769913852214813232421875,-0.87889516353607177734375,0.0047269798815250396728515625";
                  1 = xpoint3:"-0.87884128093719482421875,-0.4770142138004302978515625,-0.009747914969921112060546875";
                  2 = xpoint3:"0.01082223467528820037841796875,0,-0.99994099140167236328125";
                }
              }
              #7 = {
                scale = fixp:"1";
                name = str:"Bone25";
                translation = xpoint3:"38.399974822998046875,-46.395847320556640625,6.989776134490966796875";
                rotation = {
                  0 = xpoint3:"0.31071555614471435546875,-0.9498844146728515625,-0.0342854373157024383544921875";
                  1 = xpoint3:"-0.94433963298797607421875,-0.31260097026824951171875,0.102485358715057373046875";
                  2 = xpoint3:"-0.10806690156459808349609375,0,-0.99414348602294921875";
                }
              }
              #8 = {
                scale = fixp:"1";
                name = str:"Bone35";
                translation = xpoint3:"68.30126190185546875,-37.23082733154296875,5.067291736602783203125";
                rotation = {
                  0 = xpoint3:"0.476910650730133056640625,-0.87891495227813720703125,0.00803005136549472808837890625";
                  1 = xpoint3:"-0.8787724971771240234375,-0.476977646350860595703125,-0.01583313755691051483154296875";
                  2 = xpoint3:"0.01774614118039608001708984375,0,-0.99984204769134521484375";
                }
              }
              #9 = {
                scale = fixp:"1";
                name = str:"Bone37";
                translation = xpoint3:"38.390796661376953125,-46.39583587646484375,-9.29528522491455078125";
                rotation = {
                  0 = xpoint3:"0.3107583820819854736328125,-0.949908196926116943359375,-0.0332194454967975616455078125";
                  1 = xpoint3:"-0.944706618785858154296875,-0.3125283420085906982421875,0.09927354753017425537109375";
                  2 = xpoint3:"-0.10468278825283050537109375,0,-0.994505405426025390625";
                }
              }
              #10 = {
                scale = fixp:"1";
                name = str:"Bone03";
                translation = xpoint3:"57.864849090576171875,-37.480865478515625,10.41107177734375";
                rotation = {
                  0 = xpoint3:"0.63785183429718017578125,-0.67416703701019287109375,0.3723489940166473388671875";
                  1 = xpoint3:"-0.5819222927093505859375,-0.738578617572784423828125,-0.340393722057342529296875";
                  2 = xpoint3:"0.504491329193115234375,0,-0.863416492938995361328125";
                }
              }
              #11 = {
                scale = fixp:"1";
                name = str:"Dummy02";
                translation = xpoint3:"-31.6519374847412109375,-106.77346038818359375,-75.7582855224609375";
                rotation = {
                  0 = xpoint3:"0,0.999999821186065673828125,0";
                  1 = xpoint3:"0,0,0.999999701976776123046875";
                  2 = xpoint3:"0.999999821186065673828125,0,0";
                }
              }
              #12 = {
                scale = fixp:"1";
                name = str:"Dummy01";
                translation = xpoint3:"-33.07916259765625,-106.77446746826171875,77.0440216064453125";
                rotation = {
                  0 = xpoint3:"0,0.999999821186065673828125,0";
                  1 = xpoint3:"0,0,0.999999701976776123046875";
                  2 = xpoint3:"0.999999821186065673828125,0,0";
                }
              }
              #13 = {
                scale = fixp:"1";
                name = str:"IK Chain08";
                translation = xpoint3:"10.20671558380126953125,41.159847259521484375,-77.9600677490234375";
                rotation = {
                  0 = xpoint3:"-0.033606283366680145263671875,-0.2843178212642669677734375,0.957357823848724365234375";
                  1 = xpoint3:"-0.180044651031494140625,-0.93974006175994873046875,-0.2857577800750732421875";
                  2 = xpoint3:"0.982320964336395263671875,-0.182310044765472412109375,-0.018190018832683563232421875";
                }
              }
              #14 = {
                scale = fixp:"1";
                name = str:"IK Chain07";
                translation = xpoint3:"9.45230960845947265625,9.32836151123046875,87.8000640869140625";
                rotation = {
                  0 = xpoint3:"-0.033606283366680145263671875,-0.2843178212642669677734375,0.957357823848724365234375";
                  1 = xpoint3:"-0.180044651031494140625,-0.93974006175994873046875,-0.2857577800750732421875";
                  2 = xpoint3:"0.982320964336395263671875,-0.182310044765472412109375,-0.018190018832683563232421875";
                }
              }
              #15 = {
                scale = fixp:"1";
                name = str:"Line04";
                translation = xpoint3:"10.3021945953369140625,-58.094989776611328125,23.696441650390625";
                rotation = {
                  0 = xpoint3:"-0.2845242321491241455078125,0.958053112030029296875,-0.03435672819614410400390625";
                  1 = xpoint3:"-0.9411487579345703125,-0.2859652042388916015625,-0.18017522990703582763671875";
                  2 = xpoint3:"-0.182442247867584228515625,-0.018929421901702880859375,0.983034312725067138671875";
                }
              }
              #16 = {
                scale = fixp:"1";
                name = str:"Plane05";
                translation = xpoint3:"10.3021945953369140625,-58.094989776611328125,23.696441650390625";
                rotation = {
                  0 = xpoint3:"-0.2845242321491241455078125,0.958053112030029296875,-0.03435672819614410400390625";
                  1 = xpoint3:"-0.9411487579345703125,-0.2859652042388916015625,-0.18017522990703582763671875";
                  2 = xpoint3:"-0.182442247867584228515625,-0.018929421901702880859375,0.983034312725067138671875";
                }
              }
              #17 = {
                scale = fixp:"1";
                name = str:"Line01";
                translation = xpoint3:"14.288631439208984375,-75.6731109619140625,6.046433925628662109375";
                rotation = {
                  0 = xpoint3:"-0.2845287024974822998046875,0.958053112030029296875,0.0343190617859363555908203125";
                  1 = xpoint3:"-0.95699155330657958984375,-0.285965144634246826171875,0.04890085756778717041015625";
                  2 = xpoint3:"0.0566636659204959869384765625,-0.01892935670912265777587890625,0.99821388721466064453125";
                }
              }
              #18 = {
                scale = fixp:"1";
                name = str:"Plane07";
                translation = xpoint3:"14.288631439208984375,-75.6731109619140625,6.046433925628662109375";
                rotation = {
                  0 = xpoint3:"-0.2845287024974822998046875,0.958053112030029296875,0.0343190617859363555908203125";
                  1 = xpoint3:"-0.95699155330657958984375,-0.285965144634246826171875,0.04890085756778717041015625";
                  2 = xpoint3:"0.0566636659204959869384765625,-0.01892935670912265777587890625,0.99821388721466064453125";
                }
              }
              #19 = {
                scale = fixp:"1";
                name = str:"Line02";
                translation = xpoint3:"13.26497364044189453125,-81.23126983642578125,-20.3962802886962890625";
                rotation = {
                  0 = xpoint3:"0.3073290288448333740234375,-0.950215816497802734375,-0.0513674914836883544921875";
                  1 = xpoint3:"0.89211273193359375,0.268909394741058349609375,0.3630736172199249267578125";
                  2 = xpoint3:"-0.3311851322650909423828125,-0.1574086248874664306640625,0.930343449115753173828125";
                }
              }
              #20 = {
                scale = fixp:"1";
                name = str:"Plane06";
                translation = xpoint3:"13.26497364044189453125,-81.23126983642578125,-20.3962802886962890625";
                rotation = {
                  0 = xpoint3:"0.30732905864715576171875,-0.95021593570709228515625,-0.05136705935001373291015625";
                  1 = xpoint3:"0.8921129703521728515625,0.2689096927642822265625,0.3630729615688323974609375";
                  2 = xpoint3:"-0.3311846256256103515625,-0.1574080884456634521484375,0.93034374713897705078125";
                }
              }
              #21 = {
                scale = fixp:"1";
                name = str:"Line03";
                translation = xpoint3:"12.62126064300537109375,-45.933246612548828125,-42.65792083740234375";
                rotation = {
                  0 = xpoint3:"-0.2845242321491241455078125,0.958053112030029296875,-0.03435672819614410400390625";
                  1 = xpoint3:"-0.9411487579345703125,-0.2859652042388916015625,-0.18017522990703582763671875";
                  2 = xpoint3:"-0.182442247867584228515625,-0.018929421901702880859375,0.983034312725067138671875";
                }
              }
              #22 = {
                scale = fixp:"1";
                name = str:"Plane01";
                translation = xpoint3:"12.62126064300537109375,-45.933246612548828125,-42.65792083740234375";
                rotation = {
                  0 = xpoint3:"-0.2845242321491241455078125,0.958053112030029296875,-0.03435672819614410400390625";
                  1 = xpoint3:"-0.9411487579345703125,-0.2859652042388916015625,-0.18017522990703582763671875";
                  2 = xpoint3:"-0.182442247867584228515625,-0.018929421901702880859375,0.983034312725067138671875";
                }
              }
              #23 = {
                scale = fixp:"1";
                name = str:"Bone06";
                translation = xpoint3:"34.62599945068359375,-49.60034942626953125,-7.409435749053955078125";
                rotation = {
                  0 = xpoint3:"0.225942671298980712890625,-0.905935704708099365234375,-0.358092784881591796875";
                  1 = xpoint3:"-0.522787392139434814453125,-0.4229438304901123046875,0.740143120288848876953125";
                  2 = xpoint3:"-0.821975231170654296875,0.01997649669647216796875,-0.569172799587249755859375";
                }
              }
              #24 = {
                scale = fixp:"1";
                name = str:"Bone45";
                translation = xpoint3:"34.63409423828125,-49.600368499755859375,6.96766757965087890625";
                rotation = {
                  0 = xpoint3:"0.20550715923309326171875,-0.915998756885528564453125,0.34454762935638427734375";
                  1 = xpoint3:"-0.636583387851715087890625,-0.392520606517791748046875,-0.66384422779083251953125";
                  2 = xpoint3:"0.74332249164581298828125,-0.082908570766448974609375,-0.663775384426116943359375";
                }
              }
              #25 = {
                scale = fixp:"1";
                name = str:"pt_chest ";
                translation = xpoint3:"27.755523681640625,-1.39995682239532470703125,-2.502456188201904296875";
                rotation = {
                  0 = xpoint3:"-0.02769351564347743988037109375,-0.24982564151287078857421875,0.967894732952117919921875";
                  1 = xpoint3:"-0.18107776343822479248046875,-0.950993359088897705078125,-0.250644207000732421875";
                  2 = xpoint3:"0.983078777790069580078125,-0.1822054386138916015625,-0.01890152134001255035400390625";
                }
              }
            }
            #1 = {
              scale = fixp:"1";
              name = str:"Bone17";
              translation = xpoint3:"23.1609172821044921875,-49.46038055419921875,-9.8468475341796875";
              rotation = {
                0 = xpoint3:"-0.1744661629199981689453125,-0.98371064662933349609375,0.04329763352870941162109375";
                1 = xpoint3:"-0.83978831768035888671875,0.1716118156909942626953125,0.515077531337738037109375";
                2 = xpoint3:"-0.514117658138275146484375,0.05350275337696075439453125,-0.856049239635467529296875";
              }
            }
            #2 = {
              scale = fixp:"1";
              name = str:"Bone29";
              translation = xpoint3:"9.56010723114013671875,-42.893497467041015625,7.158812999725341796875";
              rotation = {
                0 = xpoint3:"-0.467305004596710205078125,-0.883501470088958740234375,0.032421417534351348876953125";
