model = {
  file = str:"data\models\units\arbiter\arbiter_die.nif";
  animation = {
    loop = fixp:"2.5";
    duration = fixp:"2.333333492279052734375";
  }
  #1 = {
    scale = fixp:"1";
    name = str:"pt_head";
    translation = xpoint3:"-0.20130157470703125,-0.80458927154541015625,273.5989990234375";
    rotation = {
      0 = xpoint3:"0.99730777740478515625,-0.0194869302213191986083984375,0.07069246470928192138671875";
      1 = xpoint3:"-0.016245305538177490234375,0.881373226642608642578125,0.4721412360668182373046875";
      2 = xpoint3:"-0.07150702178478240966796875,-0.4720185697078704833984375,0.8786838054656982421875";
    }
  }
  #2 = {
    scale = fixp:"1";
    name = str:"pt_chest ";
    translation = xpoint3:"-1.326007843017578125,0.04148304462432861328125,235.45806884765625";
    rotation = {
      0 = xpoint3:"0.997870504856109619140625,-0.0178684554994106292724609375,0.062731377780437469482421875";
      1 = xpoint3:"-0.0092694424092769622802734375,0.913136780261993408203125,0.4075479805469512939453125";
      2 = xpoint3:"-0.064564578235149383544921875,-0.4072615802288055419921875,0.91102659702301025390625";
    }
  }
  #3 = {
    scale = fixp:"1";
    name = str:"pt_cast";
    translation = xpoint3:"3.57680511474609375,-81.08675384521484375,209.69818115234375";
    rotation = {
      0 = xpoint3:"1,0,0";
      1 = xpoint3:"0,1,0";
      2 = xpoint3:"0,0,1";
    }
  }
  #4 = {
    scale = fixp:"1";
    name = str:"pt_center";
    translation = xpoint3:"-2.159592151641845703125,-3.395542144775390625,210.614349365234375";
    rotation = {
      0 = xpoint3:"1,0,0";
      1 = xpoint3:"0,1,0";
      2 = xpoint3:"0,0,1";
    }
  }
  #5 = {
    scale = fixp:"1";
    name = str:"pt_ground";
    translation = xpoint3:"0,0,0";
    rotation = {
      0 = xpoint3:"1,0,0";
      1 = xpoint3:"0,1,0";
      2 = xpoint3:"0,0,1";
    }
  }
  #6 = {
    scale = fixp:"1";
    name = str:"pt_top";
    translation = xpoint3:"-2.5653228759765625,-0.711135804653167724609375,441.56011962890625";
    rotation = {
      0 = xpoint3:"1,0,0";
      1 = xpoint3:"0,1,0";
      2 = xpoint3:"0,0,1";
    }
  }
  #7 = {
    scale = fixp:"1";
    name = str:"Part01";
    translation = xpoint3:"0,0,139.781341552734375";
    rotation = {
      0 = xpoint3:"1,0,0";
      1 = xpoint3:"0,0.991233527660369873046875,0.1321214139461517333984375";
      2 = xpoint3:"0,-0.1321214139461517333984375,0.991233527660369873046875";
    }
  }
  #8 = {
    scale = fixp:"1";
    name = str:"Part02";
    translation = xpoint3:"-23.228199005126953125,-9.7200164794921875,160.771087646484375";
    rotation = {
      0 = xpoint3:"0.94933927059173583984375,-0.0667788982391357421875,-0.3070757687091827392578125";
      1 = xpoint3:"0,-0.977160990238189697265625,0.2125004827976226806640625";
      2 = xpoint3:"-0.3142530024051666259765625,-0.2017350494861602783203125,-0.927657306194305419921875";
    }
  }
  #9 = {
    scale = fixp:"1";
    name = str:"Part03";
    translation = xpoint3:"27.6898899078369140625,-9.7200164794921875,160.771087646484375";
    rotation = {
      0 = xpoint3:"0.9493377208709716796875,0.06677980720996856689453125,0.30708038806915283203125";
      1 = xpoint3:"0.15526695549488067626953125,-0.949234485626220703125,-0.273580074310302734375";
      2 = xpoint3:"0.273221671581268310546875,0.307399332523345947265625,-0.911512792110443115234375";
    }
  }
  #10 = {
    scale = fixp:"1";
    name = str:"Part04";
    translation = xpoint3:"64.69345855712890625,-25.043399810791015625,235.3392791748046875";
    rotation = {
      0 = xpoint3:"0.8161923885345458984375,0.17338602244853973388671875,0.551150858402252197265625";
      1 = xpoint3:"0,0.953910887241363525390625,-0.30008995532989501953125";
      2 = xpoint3:"-0.577780187129974365234375,0.24493114650249481201171875,0.77857482433319091796875";
    }
  }
  #11 = {
    scale = fixp:"1";
    name = str:"Part05";
    translation = xpoint3:"-67.21636199951171875,-2.559115886688232421875,243.07269287109375";
    rotation = {
      0 = xpoint3:"0.9584863185882568359375,0.03102714009582996368408203125,-0.283445417881011962890625";
      1 = xpoint3:"-0.2206045091152191162109375,0.710512697696685791015625,-0.668210566043853759765625";
      2 = xpoint3:"0.18065892159938812255859375,0.703000009059906005859375,0.68786144256591796875";
    }
  }
  #12 = {
    scale = fixp:"1";
    name = str:"Part06";
    translation = xpoint3:"57.775569915771484375,-17.5866336822509765625,38.7537384033203125";
    rotation = {
      0 = xpoint3:"1,0,0";
      1 = xpoint3:"0,1,0";
      2 = xpoint3:"0,0,1";
    }
  }
  #13 = {
    scale = fixp:"1";
    name = str:"Part07";
    translation = xpoint3:"-45.295886993408203125,29.353412628173828125,39.493999481201171875";
    rotation = {
      0 = xpoint3:"1,0,0";
      1 = xpoint3:"0,1,0";
      2 = xpoint3:"0,0,1";
    }
  }
  #14 = {
    scale = fixp:"1";
    name = str:"Part08";
    translation = xpoint3:"3.35480594635009765625,26.132541656494140625,318.399505615234375";
    rotation = {
      0 = xpoint3:"1,0,0";
      1 = xpoint3:"0,1,0";
      2 = xpoint3:"0,0,1";
    }
  }
  #15 = {
    scale = fixp:"1";
    name = str:"Part09";
    translation = xpoint3:"7.615044116973876953125,53.457393646240234375,215.03948974609375";
    rotation = {
      0 = xpoint3:"1,0,0";
      1 = xpoint3:"0,1,0";
      2 = xpoint3:"0,0,1";
    }
  }
  #17 = {
    scale = fixp:"1";
    name = str:"Plane02";
    translation = xpoint3:"0.3850278556346893310546875,-0.070237167179584503173828125,60.000003814697265625";
    rotation = {
      0 = xpoint3:"0.1736479699611663818359375,0.984807789325714111328125,0";
      1 = xpoint3:"-0.984807789325714111328125,0.1736479699611663818359375,0";
      2 = xpoint3:"0,0,1";
    }
  }
  #18 = {
    scale = fixp:"1";
    name = str:"Plane01";
    translation = xpoint3:"0,0,0";
    rotation = {
      0 = xpoint3:"1,0,0";
      1 = xpoint3:"0,0,-1";
      2 = xpoint3:"0,1,0";
    }
  }
  #19 = {
    scale = fixp:"1";
    name = str:"pt_shoot_1";
    translation = xpoint3:"0,0,-22.395534515380859375";
    rotation = {
      0 = xpoint3:"1,0,0";
      1 = xpoint3:"0,1,0";
      2 = xpoint3:"0,0,1";
    }
  }
  #20 = {
    scale = fixp:"1";
    name = str:"pt_aim";
    translation = xpoint3:"0,-59.909534454345703125,-22.395534515380859375";
    rotation = {
      0 = xpoint3:"1,0,0";
      1 = xpoint3:"0,1,0";
      2 = xpoint3:"0,0,1";
    }
  }
}