model = {
  file = str:"data\terrain\ruins\monuments\bronze_savage_green.nif";
  animation = {
    loop = fixp:"0";
    duration = fixp:"0";
  }
  #0 = {
    scale = fixp:"1";
    name = str:"brute";
    translation = xpoint3:"24.7702789306640625,14.54650974273681640625,-6.705745697021484375";
    rotation = {
      0 = xpoint3:"1,0,0";
      1 = xpoint3:"0,1,0";
      2 = xpoint3:"0,0,1";
    }
  }
  #1 = {
    scale = fixp:"1";
    name = str:"Omni01";
    translation = xpoint3:"-864.2113037109375,-6767.150390625,0";
    rotation = {
      0 = xpoint3:"1,0,0";
      1 = xpoint3:"0,1,0";
      2 = xpoint3:"0,0,1";
    }
  }
  #2 = {
    scale = fixp:"1";
    name = str:"Plane02";
    translation = xpoint3:"-79.1682891845703125,16.5800838470458984375,116.572509765625";
    rotation = {
      0 = xpoint3:"0.81865346431732177734375,0,0.574287891387939453125";
      1 = xpoint3:"-0.2157895565032958984375,0.926720440387725830078125,0.3076103627681732177734375";
      2 = xpoint3:"-0.53220427036285400390625,-0.3757515847682952880859375,0.758662879467010498046875";
    }
  }
  #3 = {
    scale = fixp:"1";
    name = str:"Object01";
    translation = xpoint3:"16.449893951416015625,21.2970867156982421875,233.8883209228515625";
    rotation = {
      0 = xpoint3:"0.980414867401123046875,-0.101017989218235015869140625,0.1690621078014373779296875";
      1 = xpoint3:"-0.19510810077190399169921875,-0.3812838494777679443359375,0.903634548187255859375";
      2 = xpoint3:"-0.02682269923388957977294921875,-0.9189221858978271484375,-0.393525779247283935546875";
    }
  }
  #4 = {
    scale = fixp:"1";
    name = str:"Object02";
    translation = xpoint3:"-126.88790130615234375,-23.525814056396484375,290.834869384765625";
    rotation = {
      0 = xpoint3:"0.998891174793243408203125,-0.009401821531355381011962890625,-0.0461301393806934356689453125";
      1 = xpoint3:"-0.0386901460587978363037109375,0.3943269550800323486328125,-0.918155372142791748046875";
      2 = xpoint3:"0.0268226899206638336181640625,0.918922126293182373046875,0.3935259878635406494140625";
    }
  }
}