model = {
  file = str:"data\models\units\bigmutant\bigmutant.nif";
  animation = {
    loop = fixp:"0";
    duration = fixp:"20.8333339691162109375";
  }
  #1 = {
    scale = fixp:"1";
    name = str:"ROOT";
    translation = xpoint3:"0,0,0";
    rotation = {
      0 = xpoint3:"1,0,0";
      1 = xpoint3:"0,1,0";
      2 = xpoint3:"0,0,1";
    }
    #0 = {
      scale = fixp:"1";
      name = str:"Bip01";
      translation = xpoint3:"0.1271152496337890625,-48.30942535400390625,659.962158203125";
      rotation = {
        0 = xpoint3:"0,1,0";
        1 = xpoint3:"-1,0,0";
        2 = xpoint3:"0,0,1";
      }
      #0 = {
        scale = fixp:"1";
        name = str:"Bip01 Pelvis01";
        translation = xpoint3:"0,0,0";
        rotation = {
          0 = xpoint3:"0,1,0";
          1 = xpoint3:"0,0,1";
          2 = xpoint3:"1,0,0";
        }
        #0 = {
          scale = fixp:"1";
          name = str:"Bip01 Spine03";
          translation = xpoint3:"77.4971160888671875,-0.082274116575717926025390625,0";
          rotation = {
            0 = xpoint3:"0.999689996242523193359375,-0.02489869855344295501708984375,0";
            1 = xpoint3:"0.02489869855344295501708984375,0.999689996242523193359375,0";
            2 = xpoint3:"0,0,1";
          }
          #0 = {
            scale = fixp:"1";
            name = str:"Bip01 Spine04";
            translation = xpoint3:"104.64235687255859375,-0.076694063842296600341796875,0";
            rotation = {
              0 = xpoint3:"0.96434748172760009765625,0.2646391689777374267578125,0";
              1 = xpoint3:"-0.2646391689777374267578125,0.96434748172760009765625,0";
              2 = xpoint3:"0,0,1";
            }
            #0 = {
              scale = fixp:"1";
              name = str:"Bip01 Spine05";
              translation = xpoint3:"104.70594024658203125,-0.07737250626087188720703125,0";
              rotation = {
                0 = xpoint3:"0.927725374698638916015625,-0.3732634484767913818359375,0";
                1 = xpoint3:"0.3732634484767913818359375,0.927725374698638916015625,0";
                2 = xpoint3:"0,0,1";
              }
              #0 = {
                scale = fixp:"1";
                name = str:"Bip01 Neck01";
                translation = xpoint3:"104.703857421875,-0.0218430273234844207763671875,0";
                rotation = {
                  0 = xpoint3:"0.60248386859893798828125,-0.798131048679351806640625,0";
                  1 = xpoint3:"0.798131048679351806640625,0.60248386859893798828125,0";
                  2 = xpoint3:"0,0,1";
                }
                #0 = {
                  scale = fixp:"1";
                  name = str:"Bip01 Head01";
                  translation = xpoint3:"45.5379180908203125,0,0";
                  rotation = {
                    0 = xpoint3:"0.657678127288818359375,0.753299057483673095703125,0";
                    1 = xpoint3:"-0.753299057483673095703125,0.657678127288818359375,0";
                    2 = xpoint3:"0,0,1";
                  }
                  #0 = {
                    scale = fixp:"1";
                    name = str:"pt_head";
                    translation = xpoint3:"63.80615997314453125,9.05423450469970703125,-0.12689219415187835693359375";
                    rotation = {
                      0 = xpoint3:"0,-0.20916368067264556884765625,0.977880656719207763671875";
                      1 = xpoint3:"0,-0.977880656719207763671875,-0.20916368067264556884765625";
                      2 = xpoint3:"1,0,0";
                    }
                  }
                }
              }
              #1 = {
                scale = fixp:"1";
                name = str:"Bip01 L Clavicle01";
                translation = xpoint3:"104.67499542236328125,0,21.136409759521484375";
                rotation = {
                  0 = xpoint3:"-0.21995948255062103271484375,0,0.97550868988037109375";
                  1 = xpoint3:"-0.23000432550907135009765625,-0.971765339374542236328125,-0.0526324994862079620361328125";
                  2 = xpoint3:"0.948006212711334228515625,-0.2359482347965240478515625,0.21357105672359466552734375";
                }
                #0 = {
                  scale = fixp:"1";
                  name = str:"Bip01 L UpperArm01";
                  translation = xpoint3:"138.45111083984375,0,0";
                  rotation = {
                    0 = xpoint3:"0.620511531829833984375,0.1423886716365814208984375,0.770804882049560546875";
                    1 = xpoint3:"0.0474148951470851898193359375,0.97476482391357421875,-0.21805681288242340087890625";
                    2 = xpoint3:"-0.78241074085235595703125,0.17182086408138275146484375,0.59810352325439453125";
                  }
                  #0 = {
                    scale = fixp:"1";
                    name = str:"Bip01 L Forearm01";
                    translation = xpoint3:"321.77862548828125,0,0";
                    rotation = {
                      0 = xpoint3:"0.673782289028167724609375,0.738609492778778076171875,0";
                      1 = xpoint3:"-0.738609492778778076171875,0.673782289028167724609375,0";
                      2 = xpoint3:"0,0,1";
                    }
                    #0 = {
                      scale = fixp:"1";
                      name = str:"Bip01 L Hand01";
                      translation = xpoint3:"245.77996826171875,0,0";
                      rotation = {
                        0 = xpoint3:"0.911190450191497802734375,-0.2966088950634002685546875,-0.28570306301116943359375";
                        1 = xpoint3:"0.1782278120517730712890625,-0.3404467999935150146484375,0.922163546085357666015625";
                        2 = xpoint3:"-0.37126529216766357421875,-0.891164362430572509765625,-0.2572230994701385498046875";
                      }
                      #0 = {
                        scale = fixp:"1";
                        name = str:"Bip01 L Finger03";
                        translation = xpoint3:"66.6468658447265625,33.8970947265625,-52.18192291259765625";
                        rotation = {
                          0 = xpoint3:"0.41282308101654052734375,0.53457736968994140625,0.737430632114410400390625";
                          1 = xpoint3:"0.75262463092803955078125,0.255772054195404052734375,-0.606742680072784423828125";
                          2 = xpoint3:"-0.512965023517608642578125,0.805485904216766357421875,-0.296747505664825439453125";
                        }
                        #0 = {
                          scale = fixp:"1";
                          name = str:"Bip01 L Finger04";
                          translation = xpoint3:"60.290294647216796875,0,0";
                          rotation = {
                            0 = xpoint3:"0.529687225818634033203125,-0.84819304943084716796875,0";
                            1 = xpoint3:"0.84819304943084716796875,0.529687225818634033203125,0";
                            2 = xpoint3:"0,0,1";
                          }
                        }
                      }
                      #1 = {
                        scale = fixp:"1";
                        name = str:"Bip01 L Finger05";
                        translation = xpoint3:"146.6865997314453125,-6.90006351470947265625,-25.5057830810546875";
                        rotation = {
                          0 = xpoint3:"0.944447040557861328125,-0.2456792294979095458984375,0.21831519901752471923828125";
                          1 = xpoint3:"0.238145351409912109375,0.969336986541748046875,0.060601837933063507080078125";
                          2 = xpoint3:"-0.22650961577892303466796875,-0.00524447299540042877197265625,0.973994791507720947265625";
                        }
                        #0 = {
                          scale = fixp:"1";
                          name = str:"Bip01 L Finger06";
                          translation = xpoint3:"58.92325592041015625,0,0";
                          rotation = {
                            0 = xpoint3:"0.953365802764892578125,-0.3018172085285186767578125,0";
                            1 = xpoint3:"0.3018172085285186767578125,0.953365802764892578125,0";
                            2 = xpoint3:"0,0,1";
                          }
                        }
                      }
                      #2 = {
                        scale = fixp:"1";
                        name = str:"Bip01 L Finger07";
                        translation = xpoint3:"139.6792449951171875,9.29514312744140625,35.349704742431640625";
                        rotation = {
                          0 = xpoint3:"0.997450292110443115234375,-0.070547334849834442138671875,0.010772168636322021484375";
                          1 = xpoint3:"0.070327199995517730712890625,0.997331321239471435546875,0.01960485614836215972900390625";
                          2 = xpoint3:"-0.01212649233639240264892578125,-0.01879729144275188446044921875,0.99974977970123291015625";
                        }
                        #0 = {
                          scale = fixp:"1";
                          name = str:"Bip01 L Finger08";
                          translation = xpoint3:"52.150112152099609375,0,0";
                          rotation = {
                            0 = xpoint3:"0.89207017421722412109375,-0.4518969058990478515625,0";
                            1 = xpoint3:"0.4518969058990478515625,0.89207017421722412109375,0";
                            2 = xpoint3:"0,0,1";
                          }
                        }
                      }
                      #3 = {
                        scale = fixp:"1";
                        name = str:"pt_hand";
                        translation = xpoint3:"68.99684906005859375,-2.621517181396484375,-3.527222156524658203125";
                        rotation = {
                          0 = xpoint3:"0,-0.3066204488277435302734375,-0.9518315792083740234375";
                          1 = xpoint3:"-0.996551513671875,-0.078756906092166900634765625,0.02612247131764888763427734375";
                          2 = xpoint3:"-0.082973003387451171875,0.94856798648834228515625,-0.3055064976215362548828125";
                        }
                      }
                    }
                  }
                }
                #1 = {
                  scale = fixp:"1";
                  name = str:"Bone21";
                  translation = xpoint3:"74.35634613037109375,-6.03903675079345703125,-4.900738239288330078125";
                  rotation = {
                    0 = xpoint3:"0.87819004058837890625,-0.17425441741943359375,-0.445440948009490966796875";
                    1 = xpoint3:"-0.474287092685699462890625,-0.196685314178466796875,-0.8581180572509765625";
                    2 = xpoint3:"0.061919152736663818359375,0.964857578277587890625,-0.2553737163543701171875";
                  }
                }
              }
              #2 = {
                scale = fixp:"1";
                name = str:"Bip01 R Clavicle01";
                translation = xpoint3:"104.6748809814453125,0,-21.1362285614013671875";
                rotation = {
                  0 = xpoint3:"-0.2199594676494598388671875,0,-0.97550868988037109375";
                  1 = xpoint3:"-0.2299991548061370849609375,-0.971766650676727294921875,0.052630998194217681884765625";
                  2 = xpoint3:"-0.948007524013519287109375,0.2359428703784942626953125,0.2135713994503021240234375";
                }
                #0 = {
                  scale = fixp:"1";
                  name = str:"Bip01 R UpperArm01";
                  translation = xpoint3:"138.4511871337890625,0,0";
                  rotation = {
                    0 = xpoint3:"0.773059189319610595703125,0.4476909637451171875,-0.44902455806732177734375";
                    1 = xpoint3:"-0.2298791408538818359375,0.85792434215545654296875,0.459255039691925048828125";
                    2 = xpoint3:"0.5909364223480224609375,-0.251659333705902099609375,0.766239225864410400390625";
                  }
                  #0 = {
                    scale = fixp:"1";
                    name = str:"Bip01 R Forearm01";
                    translation = xpoint3:"321.77862548828125,0,0";
                    rotation = {
                      0 = xpoint3:"0.812805950641632080078125,0.582301318645477294921875,0";
                      1 = xpoint3:"-0.582301318645477294921875,0.812805950641632080078125,0";
                      2 = xpoint3:"0,0,1";
                    }
                    #0 = {
                      scale = fixp:"1";
                      name = str:"Bip01 R Hand01";
                      translation = xpoint3:"264.803436279296875,0,0";
                      rotation = {
                        0 = xpoint3:"0.836895465850830078125,-0.5316607952117919921875,0.129252135753631591796875";
                        1 = xpoint3:"-0.401739776134490966796875,-0.756107866764068603515625,-0.51415741443634033203125";
                        2 = xpoint3:"0.371449172496795654296875,0.3782716691493988037109375,-0.846319615840911865234375";
                      }
                      #0 = {
                        scale = fixp:"1";
                        name = str:"Bip01 R Finger03";
                        translation = xpoint3:"39.89044189453125,42.59479522705078125,52.319507598876953125";
                        rotation = {
                          0 = xpoint3:"0.73368871212005615234375,-0.1921787261962890625,0.651742517948150634765625";
                          1 = xpoint3:"0.549396991729736328125,-0.39662349224090576171875,-0.735426962375640869140625";
                          2 = xpoint3:"0.399829804897308349609375,0.897639811038970947265625,-0.18541575968265533447265625";
                        }
                        #0 = {
                          scale = fixp:"1";
                          name = str:"Bip01 R Finger04";
                          translation = xpoint3:"61.609958648681640625,0,0";
                          rotation = {
                            0 = xpoint3:"0.9835760593414306640625,0.1804943084716796875,0";
                            1 = xpoint3:"-0.1804943084716796875,0.9835760593414306640625,0";
                            2 = xpoint3:"0,0,1";
                          }
                        }
                      }
                      #1 = {
                        scale = fixp:"1";
                        name = str:"Bip01 R Finger05";
                        translation = xpoint3:"139.679290771484375,-0.0185442678630352020263671875,23.2798671722412109375";
                        rotation = {
                          0 = xpoint3:"0.92613446712493896484375,-0.37719357013702392578125,0";
                          1 = xpoint3:"0.377193450927734375,0.926134169101715087890625,0";
                          2 = xpoint3:"0,0,0.999999701976776123046875";
                        }
                      }
                      #2 = {
                        scale = fixp:"1";
                        name = str:"Bip01 R Finger07";
                        translation = xpoint3:"130.894866943359375,20.52198028564453125,-37.74803924560546875";
                        rotation = {
                          0 = xpoint3:"0.936207473278045654296875,-0.3460984528064727783203125,-0.0610856898128986358642578125";
                          1 = xpoint3:"0.3424760401248931884765625,0.93744385242462158203125,-0.062523178756237030029296875";
                          2 = xpoint3:"0.0789035856723785400390625,0.037614278495311737060546875,0.996172368526458740234375";
                        }
                      }
                      #3 = {
                        scale = fixp:"1";
                        name = str:"Bone_Gun";
                        translation = xpoint3:"89.460205078125,166.7694854736328125,-32.826751708984375";
                        rotation = {
                          0 = xpoint3:"0.803286969661712646484375,0.3903510868549346923828125,-0.449840068817138671875";
                          1 = xpoint3:"-0.1168390214443206787109375,0.843886315822601318359375,0.5236454010009765625";
                          2 = xpoint3:"0.5840194225311279296875,-0.368078649044036865234375,0.723491132259368896484375";
                        }
                        #0 = {
                          scale = fixp:"1";
                          name = str:"Point07";
                          translation = xpoint3:"32.939403533935546875,219.647186279296875,-47.223545074462890625";
                          rotation = {
                            0 = xpoint3:"-0.4300283491611480712890625,-0.2317429482936859130859375,0.87256562709808349609375";
                            1 = xpoint3:"0.8970811367034912109375,-0.218440115451812744140625,0.3840953409671783447265625";
                            2 = xpoint3:"0.10159194469451904296875,0.94793415069580078125,0.3018276989459991455078125";
                          }
                          #0 = {
                            scale = fixp:"1";
                            name = str:"Point06";
                            translation = xpoint3:"65.04462432861328125,8.75538921356201171875,19.024738311767578125";
                            rotation = {
                              0 = xpoint3:"0.862077534198760986328125,0.07026462256908416748046875,-0.501881659030914306640625";
                              1 = xpoint3:"-0.0938363969326019287109375,0.995348274707794189453125,-0.02183080278337001800537109375";
                              2 = xpoint3:"0.498013079166412353515625,0.06591461598873138427734375,0.864660739898681640625";
                            }
                            #0 = {
                              scale = fixp:"1";
                              name = str:"Point05";
                              translation = xpoint3:"52.9889068603515625,2.7647769451141357421875,-16.8864231109619140625";
                              rotation = {
                                0 = xpoint3:"1,0,0";
                                1 = xpoint3:"0,1,0";
                                2 = xpoint3:"0,0,1";
                              }
                              #0 = {
                                scale = fixp:"1";
                                name = str:"Point04";
                                translation = xpoint3:"62.55200958251953125,53.00185394287109375,-34.31169891357421875";
                                rotation = {
                                  0 = xpoint3:"1,0,0";
                                  1 = xpoint3:"0,1,0";
                                  2 = xpoint3:"0,0,1";
                                }
                                #0 = {
                                  scale = fixp:"1";
                                  name = str:"Point03";
                                  translation = xpoint3:"30.2713146209716796875,71.75482177734375,-38.88006591796875";
                                  rotation = {
                                    0 = xpoint3:"0.95577538013458251953125,0.21917952597141265869140625,0.19609628617763519287109375";
                                    1 = xpoint3:"-0.24698679149150848388671875,0.960175693035125732421875,0.13061453402042388916015625";
                                    2 = xpoint3:"-0.15965886414051055908203125,-0.17327134311199188232421875,0.971846759319305419921875";
                                  }
                                  #0 = {
                                    scale = fixp:"1";
                                    name = str:"Point02";
                                    translation = xpoint3:"-22.249660491943359375,92.80269622802734375,-27.6032428741455078125";
                                    rotation = {
                                      0 = xpoint3:"0.98687946796417236328125,0,0.1614587604999542236328125";
                                      1 = xpoint3:"0,1,0";
                                      2 = xpoint3:"-0.1614587604999542236328125,0,0.98687946796417236328125";
                                    }
                                    #0 = {
                                      scale = fixp:"1";
                                      name = str:"Point01";
                                      translation = xpoint3:"-16.639766693115234375,88.09607696533203125,-38.350757598876953125";
                                      rotation = {
                                        0 = xpoint3:"0.987811565399169921875,0,0.155654609203338623046875";
                                        1 = xpoint3:"0,0.9999997615814208984375,0";
                                        2 = xpoint3:"-0.1556546390056610107421875,0,0.9878113269805908203125";
                                      }
                                    }
                                  }
                                }
                              }
                            }
                          }
                        }
                      }
                      #4 = {
                        scale = fixp:"1";
                        name = str:"pt_hand";
                        translation = xpoint3:"62.047054290771484375,-1.50837647914886474609375,-2.063697338104248046875";
                        rotation = {
                          0 = xpoint3:"0.18981556594371795654296875,-0.591973125934600830078125,-0.783286571502685546875";
                          1 = xpoint3:"0.925840556621551513671875,-0.15761338174343109130859375,0.3434781730175018310546875";
                          2 = xpoint3:"-0.3267863094806671142578125,-0.7903959751129150390625,0.518155276775360107421875";
                        }
                      }
                    }
                  }
                }
                #1 = {
                  scale = fixp:"1";
                  name = str:"Bone14";
                  translation = xpoint3:"95.50298309326171875,2.3447263240814208984375,-1.0394153594970703125";
                  rotation = {
                    0 = xpoint3:"0.94700145721435546875,0.3210604190826416015625,0.0104129016399383544921875";
                    1 = xpoint3:"-0.04357923567295074462890625,0.1605226993560791015625,-0.986069500446319580078125";
                    2 = xpoint3:"-0.318259418010711669921875,0.933355510234832763671875,0.1660068035125732421875";
                  }
                }
              }
              #3 = {
                scale = fixp:"1";
                name = str:"pt_chest";
                translation = xpoint3:"55.2430877685546875,-0.63609373569488525390625,-0.12695311009883880615234375";
                rotation = {
                  0 = xpoint3:"0,-0.1389160454273223876953125,0.990304172039031982421875";
                  1 = xpoint3:"0,-0.990304172039031982421875,-0.1389160454273223876953125";
                  2 = xpoint3:"1,0,0";
                }
              }
            }
          }
        }
        #1 = {
          scale = fixp:"1";
          name = str:"Bip01 R Thigh01";
          translation = xpoint3:"0,0,-67.40064239501953125";
          rotation = {
            0 = xpoint3:"-0.904577672481536865234375,0.28465449810028076171875,0.3129647672176361083984375";
            1 = xpoint3:"0.17135934531688690185546875,0.923338413238525390625,-0.343468964099884033203125";
            2 = xpoint3:"-0.3867959678173065185546875,-0.25750100612640380859375,-0.88393890857696533203125";
          }
          #0 = {
            scale = fixp:"1";
            name = str:"Bip01 R Calf01";
            translation = xpoint3:"310.109954833984375,0,0";
            rotation = {
              0 = xpoint3:"0.596063792705535888671875,0.8025720119476318359375,0";
              1 = xpoint3:"-0.8025720119476318359375,0.596063792705535888671875,0";
              2 = xpoint3:"0,0,1";
            }
            #0 = {
              scale = fixp:"1";
              name = str:"Bip01 R Foot01";
              translation = xpoint3:"257.2908935546875,0,0";
              rotation = {
                0 = xpoint3:"0.7691986560821533203125,-0.621191918849945068359375,0.1487245261669158935546875";
                1 = xpoint3:"0.558554708957672119140625,0.767119884490966796875,0.314969539642333984375";
                2 = xpoint3:"-0.3098630011081695556640625,-0.1590902507305145263671875,0.937328279018402099609375";
              }
              #0 = {
                scale = fixp:"1";
                name = str:"pt_foot";
                translation = xpoint3:"97.92998504638671875,60.849094390869140625,-5.442959308624267578125";
                rotation = {
                  0 = xpoint3:"-0.003311526961624622344970703125,0,-0.9999945163726806640625";
                  1 = xpoint3:"-0.0245407409965991973876953125,-0.999698817729949951171875,0";
                  2 = xpoint3:"-0.999693334102630615234375,0.024540595710277557373046875,0.0033126068301498889923095703125";
                }
              }
              #1 = {
                scale = fixp:"1";
                name = str:"pt_footprint02";
                translation = xpoint3:"181.2602386474609375,60.849391937255859375,-5.71897125244140625";
                rotation = {
                  0 = xpoint3:"-0.003311526961624622344970703125,0,-0.9999945163726806640625";
                  1 = xpoint3:"-0.0245407409965991973876953125,-0.999698817729949951171875,0";
                  2 = xpoint3:"-0.999693334102630615234375,0.024540595710277557373046875,0.0033126068301498889923095703125";
                }
              }
            }
          }
        }
        #2 = {
          scale = fixp:"1";
          name = str:"Bip01 L Thigh01";
          translation = xpoint3:"0,0,67.40053558349609375";
          rotation = {
            0 = xpoint3:"-0.9148406982421875,0.26827180385589599609375,-0.2971827089786529541015625";
            1 = xpoint3:"0.1826995313167572021484375,0.940705478191375732421875,0.285671174526214599609375";
            2 = xpoint3:"0.3562417924404144287109375,0.2074062824249267578125,-0.909561932086944580078125";
          }
          #0 = {
            scale = fixp:"1";
            name = str:"Bip01 L Calf01";
            translation = xpoint3:"310.109954833984375,0,0";
            rotation = {
              0 = xpoint3:"0.58865630626678466796875,0.8080141544342041015625,0";
              1 = xpoint3:"-0.8080141544342041015625,0.58865630626678466796875,0";
              2 = xpoint3:"0,0,1";
            }
            #0 = {
              scale = fixp:"1";
              name = str:"Bip01 L Foot01";
              translation = xpoint3:"257.290740966796875,0,0";
              rotation = {
                0 = xpoint3:"0.75672996044158935546875,-0.63060605525970458984375,-0.17129744589328765869140625";
                1 = xpoint3:"0.5828144550323486328125,0.76988708972930908203125,-0.259359419345855712890625";
                2 = xpoint3:"0.2955234348773956298828125,0.096312113106250762939453125,0.950430393218994140625";
              }
              #0 = {
                scale = fixp:"1";
                name = str:"pt_foot";
                translation = xpoint3:"97.93662261962890625,61.806873321533203125,0.752661228179931640625";
                rotation = {
                  0 = xpoint3:"0.0017175269313156604766845703125,0,-0.999998509883880615234375";
                  1 = xpoint3:"0.067840993404388427734375,-0.9976961612701416015625,0";
                  2 = xpoint3:"-0.997694671154022216796875,-0.067840613424777984619140625,-0.0017324783839285373687744140625";
                }
              }
              #1 = {
                scale = fixp:"1";
                name = str:"pt_footprint01";
                translation = xpoint3:"181.2671051025390625,61.82032012939453125,0.897029697895050048828125";
                rotation = {
                  0 = xpoint3:"0.0017175269313156604766845703125,0,-0.999998509883880615234375";
                  1 = xpoint3:"0.067840993404388427734375,-0.9976961612701416015625,0";
                  2 = xpoint3:"-0.997694671154022216796875,-0.067840613424777984619140625,-0.0017324783839285373687744140625";
                }
              }
            }
          }
        }
        #3 = {
          scale = fixp:"1";
          name = str:"Bone07";
          translation = xpoint3:"106.342498779296875,-1.9559276103973388671875,-123.95511627197265625";
          rotation = {
            0 = xpoint3:"-0.875527560710906982421875,-0.483168661594390869140625,0";
            1 = xpoint3:"0,0,1.00000011920928955078125";
            2 = xpoint3:"-0.483168661594390869140625,0.875527441501617431640625,0";
          }
          #0 = {
            scale = fixp:"1";
            name = str:"Bone08";
            translation = xpoint3:"186.301025390625,0.004625073634088039398193359375,0";
            rotation = {
              0 = xpoint3:"0.9976222515106201171875,-0.0689193904399871826171875,0";
              1 = xpoint3:"0.0689193904399871826171875,0.9976222515106201171875,0";
              2 = xpoint3:"0,0,1";
            }
            #0 = {
              scale = fixp:"1";
              name = str:"Bone09";
              translation = xpoint3:"102.0574798583984375,0,0";
              rotation = {
                0 = xpoint3:"0.99930298328399658203125,-0.037330247461795806884765625,0";
                1 = xpoint3:"0.037330247461795806884765625,0.99930298328399658203125,0";
                2 = xpoint3:"0,0,1";
              }
            }
          }
        }
        #4 = {
          scale = fixp:"1";
          name = str:"Bone03";
          translation = xpoint3:"110.6142425537109375,-7.471233367919921875,129.047882080078125";
          rotation = {
            0 = xpoint3:"-0.879985511302947998046875,0.475000560283660888671875,0";
            1 = xpoint3:"0,0,1";
            2 = xpoint3:"0.475000560283660888671875,0.879985511302947998046875,0";
          }
          #0 = {
            scale = fixp:"1";
            name = str:"Bone04";
            translation = xpoint3:"188.55999755859375,0,0";
            rotation = {
              0 = xpoint3:"0.989574015140533447265625,0.14402528107166290283203125,0";
              1 = xpoint3:"-0.14402528107166290283203125,0.989574015140533447265625,0";
              2 = xpoint3:"0,0,1";
            }
            #0 = {
              scale = fixp:"1";
              name = str:"Bone05";
              translation = xpoint3:"120.71608734130859375,0,0";
              rotation = {
                0 = xpoint3:"0.999732315540313720703125,0.023135505616664886474609375,0";
                1 = xpoint3:"-0.023135505616664886474609375,0.999732315540313720703125,0";
                2 = xpoint3:"0,0,1";
              }
            }
          }
        }
        #5 = {
          scale = fixp:"1";
          name = str:"Bone06";
          translation = xpoint3:"111.7747039794921875,-140.222381591796875,-4.99011135101318359375";
          rotation = {
            0 = xpoint3:"-0.987336456775665283203125,-0.015869744122028350830078125,0.15784466266632080078125";
            1 = xpoint3:"-0.15786445140838623046875,0,-0.9874608516693115234375";
            2 = xpoint3:"0.01567156612873077392578125,-0.999874114990234375,-0.0025002383626997470855712890625";
          }
          #0 = {
            scale = fixp:"1";
            name = str:"Bone10";
            translation = xpoint3:"188.7939910888671875,0,0";
            rotation = {
              0 = xpoint3:"0.99668443202972412109375,-0.041495002806186676025390625,0.069987855851650238037109375";
              1 = xpoint3:"0.041392974555492401123046875,0.99913871288299560546875,0.00290807452984154224395751953125";
              2 = xpoint3:"-0.070048250257968902587890625,0,0.997543632984161376953125";
            }
            #0 = {
              scale = fixp:"1";
              name = str:"Bone11";
              translation = xpoint3:"116.90279388427734375,0,0";
              rotation = {
                0 = xpoint3:"0.99539148807525634765625,0.0589262805879116058349609375,-0.07565402984619140625";
                1 = xpoint3:"-0.0587568171322345733642578125,0.998262345790863037109375,0.004465770907700061798095703125";
                2 = xpoint3:"0.0757857263088226318359375,0,0.997124135494232177734375";
              }
              #0 = {
                scale = fixp:"1";
                name = str:"Bone12";
                translation = xpoint3:"134.90411376953125,0,0";
                rotation = {
                  0 = xpoint3:"0.99175357818603515625,-0.07074819505214691162109375,0.106862016022205352783203125";
                  1 = xpoint3:"0.07034103572368621826171875,0.997494220733642578125,0.0075792870484292507171630859375";
                  2 = xpoint3:"-0.107130460441112518310546875,0,0.994244992733001708984375";
                }
                #0 = {
                  scale = fixp:"1";
                  name = str:"Bone13";
                  translation = xpoint3:"119.9367828369140625,0,0";
                  rotation = {
                    0 = xpoint3:"0.9962022304534912109375,0.0621276088058948516845703125,-0.061002559959888458251953125";
                    1 = xpoint3:"-0.0620114542543888092041015625,0.99806821346282958984375,0.00379727850668132305145263671875";
                    2 = xpoint3:"0.06112062931060791015625,0,0.998130381107330322265625";
                  }
                }
              }
            }
          }
        }
        #6 = {
          scale = fixp:"1";
          name = str:"Bone15";
          translation = xpoint3:"10.73127651214599609375,103.93654632568359375,0.091979973018169403076171875";
          rotation = {
            0 = xpoint3:"-0.998986184597015380859375,-0.0045771785080432891845703125,-0.04478530585765838623046875";
            1 = xpoint3:"-0.0447857789695262908935546875,0,0.99899661540985107421875";
            2 = xpoint3:"-0.00457252748310565948486328125,0.99998950958251953125,0";
          }
          #0 = {
            scale = fixp:"1";
            name = str:"Bone16";
            translation = xpoint3:"126.70114898681640625,0,0";
            rotation = {
              0 = xpoint3:"0.99490082263946533203125,0.010097376070916652679443359375,-0.100351192057132720947265625";
              1 = xpoint3:"-0.010046596638858318328857421875,0.999949038028717041015625,0.00101137789897620677947998046875";
              2 = xpoint3:"0.100356288254261016845703125,0,0.994951546192169189453125";
            }
            #0 = {
              scale = fixp:"1";
              name = str:"Bone17";
              translation = xpoint3:"86.9256591796875,0,0";
              rotation = {
                0 = xpoint3:"0.999868690967559814453125,-0.012239987961947917938232421875,-0.0106223262846469879150390625";
                1 = xpoint3:"0.012239296920597553253173828125,0.999925076961517333984375,0";
                2 = xpoint3:"0.01062312163412570953369140625,0,0.999943554401397705078125";
              }
              #0 = {
                scale = fixp:"1";
                name = str:"Bone18";
                translation = xpoint3:"85.62595367431640625,0,0";
                rotation = {
                  0 = xpoint3:"0.99929153919219970703125,-0.0015728152357041835784912109375,0.037602722644805908203125";
                  1 = xpoint3:"0.00157170253805816173553466796875,0.999998748302459716796875,0";
                  2 = xpoint3:"-0.03760276734828948974609375,0,0.999292790889739990234375";
                }
                #0 = {
                  scale = fixp:"1";
                  name = str:"Bone19";
                  translation = xpoint3:"98.5354461669921875,0,0";
                  rotation = {
                    0 = xpoint3:"0.994812905788421630859375,0.00988754816353321075439453125,-0.101239778101444244384765625";
                    1 = xpoint3:"-0.009836740791797637939453125,0.9999511241912841796875,0.00100106210447847843170166015625";
                    2 = xpoint3:"0.101244725286960601806640625,0,0.994861543178558349609375";
                  }
                }
              }
            }
          }
        }
      }
      #1 = {
        scale = fixp:"1";
        name = str:"pt_center";
        translation = xpoint3:"-11.59957408905029296875,-0.1271018683910369873046875,226.659423828125";
        rotation = {
          0 = xpoint3:"0,-1,0";
          1 = xpoint3:"1,0,0";
          2 = xpoint3:"0,0,1";
        }
      }
      #2 = {
        scale = fixp:"1";
        name = str:"pt_cast";
        translation = xpoint3:"199.0765228271484375,-0.12736891210079193115234375,226.659423828125";
        rotation = {
          0 = xpoint3:"0,-1,0";
          1 = xpoint3:"1,0,0";
          2 = xpoint3:"0,0,1";
        }
      }
    }
    #1 = {
      scale = fixp:"1";
      name = str:"pt_ground";
      translation = xpoint3:"0,0,0";
      rotation = {
        0 = xpoint3:"1,0,0";
        1 = xpoint3:"0,1,0";
        2 = xpoint3:"0,0,1";
      }
    }
    #2 = {
      scale = fixp:"1";
      name = str:"pt_aim";
      translation = xpoint3:"0,-34.62523651123046875,649.10772705078125";
      rotation = {
        0 = xpoint3:"1,0,0";
        1 = xpoint3:"0,1,0";
        2 = xpoint3:"0,0,1";
      }
    }
    #3 = {
      scale = fixp:"1";
      name = str:"pt_top";
      translation = xpoint3:"0,-102.050872802734375,1254.0516357421875";
      rotation = {
        0 = xpoint3:"1,0,0";
        1 = xpoint3:"0,1,0";
        2 = xpoint3:"0,0,1";
      }
    }
    #4 = {
      scale = fixp:"1";
      name = str:"pt_shoot_1";
      translation = xpoint3:"-235.796966552734375,-742.1075439453125,636.620361328125";
      rotation = {
        0 = xpoint3:"1,0,0";
        1 = xpoint3:"0,1,0";
        2 = xpoint3:"0,0,1";
      }
    }
  }
}