model = {
  file = str:"data\models\units\tritech\tritechtriad.nif";
  animation = {
    loop = fixp:"16.666667938232421875";
    duration = fixp:"0.066666670143604278564453125";
  }
  #0 = {
    scale = fixp:"1";
    name = str:"SCENE_ROOT";
    translation = xpoint3:"0,0,0";
    rotation = {
      0 = xpoint3:"1,0,0";
      1 = xpoint3:"0,1,0";
      2 = xpoint3:"0,0,1";
    }
    #2 = {
      scale = fixp:"1";
      name = str:"SCENE_ROOT NonAccum";
      translation = xpoint3:"0,0,0";
      rotation = {
        0 = xpoint3:"1,0,0";
        1 = xpoint3:"0,1,0";
        2 = xpoint3:"0,0,1";
      }
      #0 = {
        scale = fixp:"1";
        name = str:"Circle01";
        translation = xpoint3:"0,0,0";
        rotation = {
          0 = xpoint3:"-0.500000059604644775390625,-0.86602532863616943359375,0";
          1 = xpoint3:"0.86602532863616943359375,-0.500000059604644775390625,0";
          2 = xpoint3:"0,0,1";
        }
        #0 = {
          scale = fixp:"1";
          name = str:"IK Chain41";
          translation = xpoint3:"171.5321807861328125,-162.44683837890625,0.667179107666015625";
          rotation = {
            0 = xpoint3:"0.500000059604644775390625,-0.866025388240814208984375,0";
            1 = xpoint3:"0.866025388240814208984375,0.500000059604644775390625,0";
            2 = xpoint3:"0,0,1";
          }
          #0 = {
            scale = fixp:"1";
            name = str:"pt_foot13";
            translation = xpoint3:"0.15818023681640625,-0.139251708984375,5.16902923583984375";
            rotation = {
              0 = xpoint3:"-0.999988615512847900390625,0,0.004736703820526599884033203125";
              1 = xpoint3:"0,-0.99999105930328369140625,-0.004179424606263637542724609375";
              2 = xpoint3:"0.004734191112220287322998046875,-0.004182270728051662445068359375,0.999980032444000244140625";
            }
          }
        }
        #1 = {
          scale = fixp:"1";
          name = str:"pt_minion";
          translation = xpoint3:"101.8594818115234375,-58.7643890380859375,0";
          rotation = {
            0 = xpoint3:"-0.4999999105930328369140625,0.866025447845458984375,0";
            1 = xpoint3:"-0.866025447845458984375,-0.4999999105930328369140625,0";
            2 = xpoint3:"0,0,1";
          }
          #0 = {
            scale = fixp:"1";
            name = str:"Bip04";
            translation = xpoint3:"-0.010321757756173610687255859375,18.6394805908203125,63.049938201904296875";
            rotation = {
              0 = xpoint3:"-1,0,0";
              1 = xpoint3:"0,1,0";
              2 = xpoint3:"0,0,-1";
            }
            #0 = {
              scale = fixp:"1";
              name = str:"Bone77";
              translation = xpoint3:"17.9750614166259765625,-3.9173586368560791015625,3.9462330341339111328125";
              rotation = {
                0 = xpoint3:"-0.836068809032440185546875,-0.2163422107696533203125,-0.50151813030242919921875";
                1 = xpoint3:"0.20595419406890869140625,-0.9740688800811767578125,0.0768623650074005126953125";
                2 = xpoint3:"-0.5058727264404296875,-0.0390000604093074798583984375,0.86160945892333984375";
              }
              #0 = {
                scale = fixp:"1";
                name = str:"Bone78";
                translation = xpoint3:"-28.1136035919189453125,0,0";
                rotation = {
                  0 = xpoint3:"0.4605431854724884033203125,-0.8545191287994384765625,-0.2385670840740203857421875";
                  1 = xpoint3:"-0.34212410449981689453125,0.077862031757831573486328125,-0.935708582401275634765625";
                  2 = xpoint3:"0.81857693195343017578125,0.512246549129486083984375,-0.2563438117504119873046875";
                }
                #0 = {
                  scale = fixp:"1";
                  name = str:"Bone79";
                  translation = xpoint3:"-27.9697132110595703125,0,0";
                  rotation = {
                    0 = xpoint3:"-0.23363935947418212890625,-0.732537329196929931640625,0.637974560260772705078125";
                    1 = xpoint3:"-0.923225700855255126953125,0.37280833721160888671875,0.088079988956451416015625";
                    2 = xpoint3:"-0.3021204471588134765625,-0.56876432895660400390625,-0.7633292675018310546875";
                  }
                  #0 = {
                    scale = fixp:"1";
                    name = str:"Bone80";
                    translation = xpoint3:"-65.678680419921875,0,0";
                    rotation = {
                      0 = xpoint3:"0.9559943675994873046875,-0.282735645771026611328125,0.0779195129871368408203125";
                      1 = xpoint3:"0.24464838206768035888671875,0.9153754711151123046875,0.31954991817474365234375";
                      2 = xpoint3:"-0.16173458099365234375,-0.286400973796844482421875,0.944317519664764404296875";
                    }
                    #0 = {
                      scale = fixp:"1";
                      name = str:"pt_foot14";
                      translation = xpoint3:"5.99782657623291015625,-0.79699993133544921875,-2.29609775543212890625";
                      rotation = {
                        0 = xpoint3:"0.15635482966899871826171875,-0.3393221199512481689453125,0.927584826946258544921875";
                        1 = xpoint3:"-0.71015870571136474609375,-0.691328227519989013671875,-0.13319130241870880126953125";
                        2 = xpoint3:"0.686460316181182861328125,-0.637907326221466064453125,-0.3490650951862335205078125";
                      }
                    }
                    #1 = {
                      scale = fixp:"1";
                      name = str:"pt_footprint19";
                      translation = xpoint3:"0.626910388469696044921875,0.00663324259221553802490234375,-0.317852675914764404296875";
                      rotation = {
                        0 = xpoint3:"0.1555035412311553955078125,-0.3384843170642852783203125,0.92803394794464111328125";
                        1 = xpoint3:"-0.709964931011199951171875,-0.691514909267425537109375,-0.1332547366619110107421875";
                        2 = xpoint3:"0.686853945255279541015625,-0.6381499767303466796875,-0.3478450775146484375";
                      }
                    }
                  }
                }
              }
            }
            #1 = {
              scale = fixp:"1";
              name = str:"Box21";
              translation = xpoint3:"-0.0049333474598824977874755859375,-0.08227007091045379638671875,-0.13670490682125091552734375";
              rotation = {
                0 = xpoint3:"0,0,-0.999999940395355224609375";
                1 = xpoint3:"0.999999940395355224609375,0,0";
                2 = xpoint3:"0,-0.999999940395355224609375,0";
              }
              #0 = {
                scale = fixp:"1";
                name = str:"Box20";
                translation = xpoint3:"16.2369785308837890625,-1.3801925182342529296875,-4.8424854278564453125";
                rotation = {
                  0 = xpoint3:"0.896881997585296630859375,0.4422699511051177978515625,0";
                  1 = xpoint3:"-0.4422699511051177978515625,0.896881997585296630859375,0";
                  2 = xpoint3:"0,0,1";
                }
              }
              #1 = {
                scale = fixp:"1";
                name = str:"Box22";
                translation = xpoint3:"0.15264554321765899658203125,-0.101609684526920318603515625,0.005388178862631320953369140625";
                rotation = {
                  0 = xpoint3:"1,0,0";
                  1 = xpoint3:"0,1,0";
                  2 = xpoint3:"0,0,1";
                }
                #0 = {
                  scale = fixp:"1";
                  name = str:"Bone_Gun03";
                  translation = xpoint3:"-34.74322509765625,2.8893096446990966796875,0";
                  rotation = {
                    0 = xpoint3:"-0.997285366058349609375,-0.0502338670194149017333984375,0";
                    1 = xpoint3:"-0.0502338670194149017333984375,0.998736560344696044921875,0";
                    2 = xpoint3:"0,0,-0.998548805713653564453125";
                  }
                  #0 = {
                    scale = fixp:"1";
                    name = str:"Bone81";
                    translation = xpoint3:"30.131908416748046875,0,0";
                    rotation = {
                      0 = xpoint3:"1,0,0";
                      1 = xpoint3:"0,1,0";
                      2 = xpoint3:"0,0,1";
                    }
                    #0 = {
                      scale = fixp:"1";
                      name = str:"pt_shoot_04";
                      translation = xpoint3:"3.3954379558563232421875,0.1985205709934234619140625,0";
                      rotation = {
                        0 = xpoint3:"0,-0.999987423419952392578125,-0.0050192545168101787567138671875";
                        1 = xpoint3:"0,-0.005019261501729488372802734375,0.999987423419952392578125";
                        2 = xpoint3:"-1,0,0";
                      }
                    }
                  }
                  #1 = {
                    scale = fixp:"1";
                    name = str:"pt_head03";
                    translation = xpoint3:"11.94455051422119140625,4.084988117218017578125,0.01657867245376110076904296875";
                    rotation = {
                      0 = xpoint3:"0,-0.99829518795013427734375,-0.0583676658570766448974609375";
                      1 = xpoint3:"0,-0.058367662131786346435546875,0.998295128345489501953125";
                      2 = xpoint3:"-1,0,0";
                    }
                  }
                }
              }
              #2 = {
                scale = fixp:"1";
                name = str:"Box23";
                translation = xpoint3:"7.985409259796142578125,2.84290981292724609375,-4.84248638153076171875";
                rotation = {
                  0 = xpoint3:"1,0,0";
                  1 = xpoint3:"0,1,0";
                  2 = xpoint3:"0,0,1";
                }
              }
              #3 = {
                scale = fixp:"1";
                name = str:"Box24";
                translation = xpoint3:"21.743328094482421875,1.7919013500213623046875,-4.8424854278564453125";
                rotation = {
                  0 = xpoint3:"0.9848077297210693359375,0.17364822328090667724609375,0";
                  1 = xpoint3:"-0.17364822328090667724609375,0.9848077297210693359375,0";
                  2 = xpoint3:"0,0,1";
                }
              }
              #4 = {
                scale = fixp:"1";
                name = str:"Box25";
                translation = xpoint3:"41.179607391357421875,1.40447998046875,-4.84248447418212890625";
                rotation = {
                  0 = xpoint3:"0.9848077297210693359375,0.17364822328090667724609375,0";
                  1 = xpoint3:"-0.17364822328090667724609375,0.9848077297210693359375,0";
                  2 = xpoint3:"0,0,1";
                }
              }
              #5 = {
                scale = fixp:"1";
                name = str:"pt_chest 03";
                translation = xpoint3:"-0.0180424638092517852783203125,28.0375614166259765625,-0.13287353515625";
                rotation = {
                  0 = xpoint3:"0,0.999948203563690185546875,0.0101625062525272369384765625";
                  1 = xpoint3:"0,-0.010162182152271270751953125,0.999948203563690185546875";
                  2 = xpoint3:"0.999999701976776123046875,0,0";
                }
              }
            }
            #2 = {
              scale = fixp:"1";
              name = str:"Bone82";
              translation = xpoint3:"-10.4242687225341796875,11.77622127532958984375,2.305021762847900390625";
              rotation = {
                0 = xpoint3:"-0.35216844081878662109375,-0.892013609409332275390625,0.27986919879913330078125";
                1 = xpoint3:"0.634512722492218017578125,-0.4474960267543792724609375,-0.628522217273712158203125";
                2 = xpoint3:"0.686592042446136474609375,-0.044253289699554443359375,0.7254202365875244140625";
              }
              #0 = {
                scale = fixp:"1";
                name = str:"Bone83";
                translation = xpoint3:"44.48197174072265625,0,0";
                rotation = {
                  0 = xpoint3:"0.2126396596431732177734375,-0.103977739810943603515625,0.970994472503662109375";
                  1 = xpoint3:"0.0667296946048736572265625,0.993538916110992431640625,0.091750800609588623046875";
                  2 = xpoint3:"-0.97426319122314453125,0.0453838221728801727294921875,0.21821291744709014892578125";
                }
                #0 = {
                  scale = fixp:"1";
                  name = str:"Bone84";
                  translation = xpoint3:"28.241729736328125,0,0";
                  rotation = {
                    0 = xpoint3:"0.0902372896671295166015625,0.05780290067195892333984375,-0.99357736110687255859375";
                    1 = xpoint3:"-0.12224732339382171630859375,0.991397798061370849609375,0.0466205812990665435791015625";
                    2 = xpoint3:"0.987720966339111328125,0.117374241352081298828125,0.09653811156749725341796875";
                  }
                  #0 = {
                    scale = fixp:"1";
                    name = str:"Bone85";
                    translation = xpoint3:"58.912479400634765625,0,0";
                    rotation = {
                      0 = xpoint3:"0.941790103912353515625,-0.0087191723287105560302734375,-0.335962712764739990234375";
                      1 = xpoint3:"0.02229399420320987701416015625,0.99908292293548583984375,0.0365374982357025146484375";
                      2 = xpoint3:"0.335335552692413330078125,-0.041904501616954803466796875,0.941120922565460205078125";
                    }
                    #0 = {
                      scale = fixp:"1";
                      name = str:"pt_footprint20";
                      translation = xpoint3:"0.61561834812164306640625,-0.1763870716094970703125,0.0571221224963665008544921875";
                      rotation = {
                        0 = xpoint3:"0.18252541124820709228515625,0.2906764447689056396484375,-0.93925058841705322265625";
                        1 = xpoint3:"0.90710628032684326171875,-0.418288528919219970703125,0.046828113496303558349609375";
                        2 = xpoint3:"-0.3792659342288970947265625,-0.860547482967376708984375,-0.3400227129459381103515625";
                      }
                    }
                  }
                }
              }
            }
            #3 = {
              scale = fixp:"1";
              name = str:"Bone86";
              translation = xpoint3:"-8.310680389404296875,-13.9128360748291015625,3.6714227199554443359375";
              rotation = {
                0 = xpoint3:"-0.46920692920684814453125,-0.5903809070587158203125,-0.655105412006378173828125";
                1 = xpoint3:"-0.7037079334259033203125,0.69916045665740966796875,-0.124632358551025390625";
                2 = xpoint3:"0.531514704227447509765625,0.40272629261016845703125,-0.74348735809326171875";
              }
              #0 = {
                scale = fixp:"1";
                name = str:"Bone87";
                translation = xpoint3:"27.1541595458984375,0,0";
                rotation = {
                  0 = xpoint3:"0.2649995982646942138671875,-0.96335601806640625,0.0255695283412933349609375";
                  1 = xpoint3:"-0.14458787441253662109375,-0.0651241838932037353515625,-0.986563503742218017578125";
                  2 = xpoint3:"0.952786922454833984375,0.257212698459625244140625,-0.15608012676239013671875";
                }
                #0 = {
                  scale = fixp:"1";
                  name = str:"Bone88";
                  translation = xpoint3:"17.3203411102294921875,0,0";
                  rotation = {
                    0 = xpoint3:"-0.525443017482757568359375,-0.671940028667449951171875,0.51980030536651611328125";
                    1 = xpoint3:"-0.841921150684356689453125,0.33154428005218505859375,-0.4245904982089996337890625";
                    2 = xpoint3:"0.11342202126979827880859375,-0.66151714324951171875,-0.739598453044891357421875";
                  }
                  #0 = {
                    scale = fixp:"1";
                    name = str:"Bone89";
                    translation = xpoint3:"59.239315032958984375,0,0";
                    rotation = {
                      0 = xpoint3:"0.94210898876190185546875,-0.18921029567718505859375,-0.2766697704792022705078125";
                      1 = xpoint3:"0.2690379619598388671875,0.91922771930694580078125,0.287265956401824951171875";
                      2 = xpoint3:"0.19991314411163330078125,-0.345112502574920654296875,0.916957795619964599609375";
                    }
                    #0 = {
                      scale = fixp:"1";
                      name = str:"pt_foot15";
                      translation = xpoint3:"-4.12097072601318359375,-0.521317958831787109375,0.3228661119937896728515625";
                      rotation = {
                        0 = xpoint3:"0.0220922529697418212890625,-0.089531958103179931640625,-0.995738923549652099609375";
                        1 = xpoint3:"-0.4087119996547698974609375,0.908142983913421630859375,-0.090723760426044464111328125";
                        2 = xpoint3:"0.912396013736724853515625,0.4089747369289398193359375,-0.016529865562915802001953125";
                      }
                    }
                    #1 = {
                      scale = fixp:"1";
                      name = str:"pt_footprint21";
                      translation = xpoint3:"1.4853513240814208984375,-0.044264577329158782958984375,0.4103104174137115478515625";
                      rotation = {
                        0 = xpoint3:"0.01923526637256145477294921875,-0.0871446132659912109375,-0.99600994586944580078125";
                        1 = xpoint3:"-0.408505916595458984375,0.90856325626373291015625,-0.087382771074771881103515625";
                        2 = xpoint3:"0.91255295276641845703125,0.4085567891597747802734375,-0.018122605979442596435546875";
                      }
                    }
                  }
                }
              }
            }
            #4 = {
              scale = fixp:"1";
              name = str:"Bone90";
              translation = xpoint3:"-17.96564483642578125,-3.827933788299560546875,3.9462292194366455078125";
              rotation = {
                0 = xpoint3:"-0.848768651485443115234375,-0.23519055545330047607421875,-0.4707380831241607666015625";
                1 = xpoint3:"-0.21044696867465972900390625,0.971881806850433349609375,-0.10543717443943023681640625";
                2 = xpoint3:"0.4823080003261566162109375,0.0095040239393711090087890625,-0.874396145343780517578125";
              }
              #0 = {
                scale = fixp:"1";
                name = str:"Bone91";
                translation = xpoint3:"28.3082790374755859375,0,0";
                rotation = {
                  0 = xpoint3:"0.4911811351776123046875,-0.84003555774688720703125,-0.2287859618663787841796875";
                  1 = xpoint3:"-0.3483450412750244140625,0.052044212818145751953125,-0.93518531322479248046875";
                  2 = xpoint3:"0.797908782958984375,0.5387542247772216796875,-0.266921341419219970703125";
                }
                #0 = {
                  scale = fixp:"1";
                  name = str:"Bone92";
                  translation = xpoint3:"27.9697055816650390625,0,0";
                  rotation = {
                    0 = xpoint3:"-0.2092602252960205078125,-0.7445690631866455078125,0.63251268863677978515625";
                    1 = xpoint3:"-0.94351804256439208984375,0.323110759258270263671875,0.066263854503631591796875";
                    2 = xpoint3:"-0.253434658050537109375,-0.583295881748199462890625,-0.770044386386871337890625";
                  }
                  #0 = {
                    scale = fixp:"1";
                    name = str:"Bone93";
                    translation = xpoint3:"65.67868804931640625,0,0";
                    rotation = {
                      0 = xpoint3:"0.955994307994842529296875,-0.282735884189605712890625,0.0779194533824920654296875";
                      1 = xpoint3:"0.24464862048625946044921875,0.91537535190582275390625,0.3195499479770660400390625";
                      2 = xpoint3:"-0.1617346107959747314453125,-0.2864010035991668701171875,0.944317519664764404296875";
                    }
                    #0 = {
                      scale = fixp:"1";
                      name = str:"pt_foot16";
                      translation = xpoint3:"-5.9081783294677734375,0.88705408573150634765625,1.98534595966339111328125";
                      rotation = {
                        0 = xpoint3:"0.16549794375896453857421875,0.3346066772937774658203125,-0.92771160602569580078125";
                        1 = xpoint3:"-0.683983623981475830078125,0.71662199497222900390625,0.1364525854587554931640625";
                        2 = xpoint3:"0.71047651767730712890625,0.611956894397735595703125,0.347464978694915771484375";
                      }
                    }
                    #1 = {
                      scale = fixp:"1";
                      name = str:"pt_footprint22";
                      translation = xpoint3:"-0.57307946681976318359375,0.0499979816377162933349609375,-0.07659484446048736572265625";
                      rotation = {
                        0 = xpoint3:"0.16634871065616607666015625,0.333800852298736572265625,-0.92784976959228515625";
                        1 = xpoint3:"-0.684183597564697265625,0.71667492389678955078125,0.1351658999919891357421875";
                        2 = xpoint3:"0.7100851535797119140625,0.612334907054901123046875,0.347599029541015625";
                      }
                    }
                  }
                }
              }
            }
            #5 = {
              scale = fixp:"1";
              name = str:"Bone94";
              translation = xpoint3:"8.1222820281982421875,-13.9128398895263671875,3.6714227199554443359375";
              rotation = {
                0 = xpoint3:"-0.4705068767070770263671875,-0.59185993671417236328125,-0.652833282947540283203125";
                1 = xpoint3:"0.70242846012115478515625,-0.698577880859375,0.126958310604095458984375";
                2 = xpoint3:"-0.532056152820587158203125,-0.399031341075897216796875,0.7465403079986572265625";
              }
              #0 = {
                scale = fixp:"1";
                name = str:"Bone95";
                translation = xpoint3:"-27.1541576385498046875,0,0";
                rotation = {
                  0 = xpoint3:"0.2649995982646942138671875,-0.96335601806640625,0.0255695283412933349609375";
                  1 = xpoint3:"-0.14458787441253662109375,-0.0651241838932037353515625,-0.986563503742218017578125";
                  2 = xpoint3:"0.952786922454833984375,0.257212698459625244140625,-0.15608012676239013671875";
                }
                #0 = {
                  scale = fixp:"1";
                  name = str:"Bone96";
                  translation = xpoint3:"-17.3203411102294921875,0,0";
                  rotation = {
                    0 = xpoint3:"-0.525397360324859619140625,-0.67171847820281982421875,0.520132958889007568359375";
                    1 = xpoint3:"-0.8419477939605712890625,0.331300556659698486328125,-0.4247274696826934814453125";
                    2 = xpoint3:"0.11343669891357421875,-0.66186392307281494140625,-0.73928630352020263671875";
                  }
                  #0 = {
                    scale = fixp:"1";
                    name = str:"Bone97";
                    translation = xpoint3:"-59.23931121826171875,0,0";
                    rotation = {
                      0 = xpoint3:"0.942108929157257080078125,-0.1892103254795074462890625,-0.2766697704792022705078125";
                      1 = xpoint3:"0.2690379917621612548828125,0.91922771930694580078125,0.2872659265995025634765625";
                      2 = xpoint3:"0.19991314411163330078125,-0.3451124727725982666015625,0.916957795619964599609375";
                    }
                    #0 = {
                      scale = fixp:"1";
                      name = str:"pt_foot17";
                      translation = xpoint3:"4.3283977508544921875,0.87299430370330810546875,-0.4809537827968597412109375";
                      rotation = {
                        0 = xpoint3:"0.03108198009431362152099609375,0.083537496626377105712890625,0.996019780635833740234375";
                        1 = xpoint3:"-0.4076258838176727294921875,-0.9088070392608642578125,0.08894328773021697998046875";
                        2 = xpoint3:"0.912619888782501220703125,-0.408767998218536376953125,0.00580452382564544677734375";
                      }
                    }
                    #1 = {
                      scale = fixp:"1";
                      name = str:"pt_footprint23";
                      translation = xpoint3:"-1.53555500507354736328125,0.28701460361480712890625,-0.555682361125946044921875";
                      rotation = {
                        0 = xpoint3:"0.02249993197619915008544921875,0.091014064848423004150390625,0.995595395565032958984375";
                        1 = xpoint3:"-0.407302916049957275390625,-0.908620357513427734375,0.092267930507659912109375";
                        2 = xpoint3:"0.913015902042388916015625,-0.4075849354267120361328125,0.0166263990104198455810546875";
                      }
                    }
                  }
                }
              }
            }
            #6 = {
              scale = fixp:"1";
              name = str:"Bone98";
              translation = xpoint3:"11.22836780548095703125,12.0984210968017578125,2.1071536540985107421875";
              rotation = {
                0 = xpoint3:"0.351804554462432861328125,-0.8910491466522216796875,-0.28517448902130126953125";
                1 = xpoint3:"0.6284234523773193359375,0.450972139835357666015625,-0.633175671100616455078125";
                2 = xpoint3:"0.693092286586761474609375,0.043115675449371337890625,0.719275176525115966796875";
              }
              #0 = {
                scale = fixp:"1";
                name = str:"Bone99";
                translation = xpoint3:"43.894969940185546875,0,0";
                rotation = {
                  0 = xpoint3:"0.21683324873447418212890625,0.030083991587162017822265625,0.97516238689422607421875";
                  1 = xpoint3:"-0.06749989092350006103515625,0.997592508792877197265625,-0.01579479686915874481201171875";
                  2 = xpoint3:"-0.97328853607177734375,-0.06245529651641845703125,0.21834473311901092529296875";
                }
                #0 = {
                  scale = fixp:"1";
                  name = str:"Bone100";
                  translation = xpoint3:"27.818904876708984375,0,0";
                  rotation = {
                    0 = xpoint3:"0.105037696659564971923828125,-0.523476302623748779296875,-0.844772636890411376953125";
                    1 = xpoint3:"0.05930133163928985595703125,0.851903975009918212890625,-0.52012312412261962890625";
                    2 = xpoint3:"0.992044150829315185546875,0.004162013530731201171875,0.1206436455249786376953125";
                  }
                  #0 = {
                    scale = fixp:"1";
                    name = str:"Bone101";
                    translation = xpoint3:"59.66741180419921875,0,0";
                    rotation = {
                      0 = xpoint3:"0.94138300418853759765625,0,-0.3372135460376739501953125";
                      1 = xpoint3:"0.143934786319732666015625,0.904398620128631591796875,0.4015061855316162109375";
                      2 = xpoint3:"0.3049520552158355712890625,-0.426526010036468505859375,0.85138952732086181640625";
                    }
                    #0 = {
                      scale = fixp:"1";
                      name = str:"pt_foot18";
                      translation = xpoint3:"-5.600683689117431640625,-0.3184312283992767333984375,-1.83753502368927001953125";
                      rotation = {
                        0 = xpoint3:"-0.17626893520355224609375,0.2995425164699554443359375,-0.9376585483551025390625";
                        1 = xpoint3:"0.915346324443817138671875,0.40023243427276611328125,-0.044217027723789215087890625";
                        2 = xpoint3:"0.3620364665985107421875,-0.866076409816741943359375,-0.3447336852550506591796875";
                      }
                    }
                    #1 = {
                      scale = fixp:"1";
                      name = str:"pt_footprint24";
                      translation = xpoint3:"-0.154804646968841552734375,-0.0307405255734920501708984375,0.077992618083953857421875";
                      rotation = {
                        0 = xpoint3:"-0.17540435492992401123046875,0.2986938655376434326171875,-0.938091278076171875";
                        1 = xpoint3:"0.915349423885345458984375,0.400282084941864013671875,-0.043699868023395538330078125";
                        2 = xpoint3:"0.362448215484619140625,-0.86634647846221923828125,-0.3436204493045806884765625";
                      }
                    }
                  }
                }
              }
            }
            #7 = {
              scale = fixp:"1";
              name = str:"pt_center03";
              translation = xpoint3:"0.23155318200588226318359375,-0.2528425157070159912109375,-17.3533382415771484375";
              rotation = {
                0 = xpoint3:"1,0,0";
                1 = xpoint3:"0,-1,0";
                2 = xpoint3:"0,0,-1";
              }
            }
            #8 = {
              scale = fixp:"1";
              name = str:"pt_cast03";
              translation = xpoint3:"-0.0404470451176166534423828125,-31.094387054443359375,-17.55303192138671875";
              rotation = {
                0 = xpoint3:"1,0,0";
                1 = xpoint3:"0,-1,0";
                2 = xpoint3:"0,0,-1";
              }
            }
          }
          #1 = {
            scale = fixp:"1";
            name = str:"pt_top03";
            translation = xpoint3:"-0.901785910129547119140625,15.744598388671875,169.7956390380859375";
            rotation = {
              0 = xpoint3:"0,0,1";
              1 = xpoint3:"0,-1,0";
              2 = xpoint3:"1,0,0";
            }
          }
          #2 = {
            scale = fixp:"1";
            name = str:"pt_ground03";
            translation = xpoint3:"0,0,0";
            rotation = {
              0 = xpoint3:"1,0,0";
              1 = xpoint3:"0,1,0";
              2 = xpoint3:"0,0,1";
            }
          }
          #3 = {
            scale = fixp:"1";
            name = str:"pt_aim03";
            translation = xpoint3:"0.06265699863433837890625,-53.87337493896484375,56.321285247802734375";
            rotation = {
              0 = xpoint3:"1,0,0";
              1 = xpoint3:"0,1,0";
              2 = xpoint3:"0,0,1";
            }
          }
        }
      }
      #1 = {
        scale = fixp:"1";
        name = str:"Circle02";
        translation = xpoint3:"0,0,0";
        rotation = {
          0 = xpoint3:"-0.4999999105930328369140625,0.866025447845458984375,0";
          1 = xpoint3:"-0.866025447845458984375,-0.4999999105930328369140625,0";
          2 = xpoint3:"0,0,1";
        }
        #0 = {
          scale = fixp:"1";
          name = str:"IK Chain64";
          translation = xpoint3:"171.5321502685546875,-162.44683837890625,0.667179107666015625";
          rotation = {
            0 = xpoint3:"0.500000059604644775390625,-0.866025388240814208984375,0";
            1 = xpoint3:"0.866025388240814208984375,0.500000059604644775390625,0";
            2 = xpoint3:"0,0,1";
          }
          #0 = {
            scale = fixp:"1";
            name = str:"pt_foot19";
            translation = xpoint3:"0.15817730128765106201171875,-0.139251410961151123046875,5.16902923583984375";
            rotation = {
              0 = xpoint3:"-0.999988615512847900390625,0,0.0047367173247039318084716796875";
              1 = xpoint3:"0,-0.99999105930328369140625,-0.0041794176213443279266357421875";
              2 = xpoint3:"0.0047342046163976192474365234375,-0.0041822637431323528289794921875,0.999980032444000244140625";
            }
          }
        }
        #1 = {
          scale = fixp:"1";
          name = str:"pt_minion@#0";
          translation = xpoint3:"101.8594818115234375,-58.7643890380859375,0";
          rotation = {
            0 = xpoint3:"-0.4999999105930328369140625,0.866025447845458984375,0";
            1 = xpoint3:"-0.866025447845458984375,-0.4999999105930328369140625,0";
            2 = xpoint3:"0,0,1";
          }
          #0 = {
            scale = fixp:"1";
            name = str:"Bip05";
            translation = xpoint3:"-0.010324598290026187896728515625,18.6394786834716796875,63.049938201904296875";
            rotation = {
              0 = xpoint3:"-1,0,0";
              1 = xpoint3:"0,1,0";
              2 = xpoint3:"0,0,-1";
            }
            #0 = {
              scale = fixp:"1";
              name = str:"Bone102";
              translation = xpoint3:"17.9750576019287109375,-3.91736316680908203125,3.9462330341339111328125";
              rotation = {
                0 = xpoint3:"-0.8360722064971923828125,-0.21607135236263275146484375,-0.501629412174224853515625";
                1 = xpoint3:"0.20577643811702728271484375,-0.9741241931915283203125,0.07663793861865997314453125";
                2 = xpoint3:"-0.505939662456512451171875,-0.039121456444263458251953125,0.86156463623046875";
              }
              #0 = {
                scale = fixp:"1";
                name = str:"Bone103";
                translation = xpoint3:"-28.1135997772216796875,0,0";
                rotation = {
                  0 = xpoint3:"0.460543334484100341796875,-0.85451900959014892578125,-0.238567054271697998046875";
                  1 = xpoint3:"-0.3421240150928497314453125,0.0778620541095733642578125,-0.935708522796630859375";
                  2 = xpoint3:"0.818576872348785400390625,0.512246608734130859375,-0.2563436925411224365234375";
                }
                #0 = {
                  scale = fixp:"1";
                  name = str:"Bone104";
                  translation = xpoint3:"-27.9697208404541015625,0,0";
                  rotation = {
                    0 = xpoint3:"-0.2333359420299530029296875,-0.732559621334075927734375,0.63806045055389404296875";
                    1 = xpoint3:"-0.923333466053009033203125,0.3725235760211944580078125,0.0881539285182952880859375";
                    2 = xpoint3:"-0.3020267784595489501953125,-0.56892192363739013671875,-0.7632491588592529296875";
                  }
                  #0 = {
                    scale = fixp:"1";
                    name = str:"Bone105";
                    translation = xpoint3:"-65.67865753173828125,0,0";
                    rotation = {
                      0 = xpoint3:"0.9559943675994873046875,-0.2827356755733489990234375,0.077919542789459228515625";
                      1 = xpoint3:"0.24464838206768035888671875,0.9153754711151123046875,0.31954991817474365234375";
                      2 = xpoint3:"-0.1617346107959747314453125,-0.286400973796844482421875,0.944317519664764404296875";
                    }
                    #0 = {
                      scale = fixp:"1";
                      name = str:"pt_foot20";
                      translation = xpoint3:"5.99782562255859375,-0.796995222568511962890625,-2.29609775543212890625";
                      rotation = {
                        0 = xpoint3:"0.15635478496551513671875,-0.339322030544281005859375,0.9275848865509033203125";
                        1 = xpoint3:"-0.710158646106719970703125,-0.6913282871246337890625,-0.133191287517547607421875";
                        2 = xpoint3:"0.68646037578582763671875,-0.637907326221466064453125,-0.3490649759769439697265625";
                      }
                    }
                    #1 = {
                      scale = fixp:"1";
                      name = str:"pt_footprint25";
                      translation = xpoint3:"0.626909911632537841796875,0.0066296211443841457366943359375,-0.317853271961212158203125";
                      rotation = {
                        0 = xpoint3:"0.15550355613231658935546875,-0.338484287261962890625,0.92803394794464111328125";
                        1 = xpoint3:"-0.7099649906158447265625,-0.691514909267425537109375,-0.1332546770572662353515625";
                        2 = xpoint3:"0.686853945255279541015625,-0.638150036334991455078125,-0.347845017910003662109375";
                      }
                    }
                  }
                }
              }
            }
            #1 = {
              scale = fixp:"1";
              name = str:"Box27";
              translation = xpoint3:"-0.0049330485053360462188720703125,-0.0822727382183074951171875,-0.13670490682125091552734375";
              rotation = {
                0 = xpoint3:"0,0,-0.999999940395355224609375";
                1 = xpoint3:"0.999999940395355224609375,0,0";
                2 = xpoint3:"0,-0.999999940395355224609375,0";
              }
              #0 = {
                scale = fixp:"1";
                name = str:"Box26";
                translation = xpoint3:"41.179584503173828125,1.40447998046875,-4.84248256683349609375";
                rotation = {
                  0 = xpoint3:"0.9848077297210693359375,0.17364822328090667724609375,0";
                  1 = xpoint3:"-0.17364822328090667724609375,0.9848077297210693359375,0";
                  2 = xpoint3:"0,0,1";
                }
              }
              #1 = {
                scale = fixp:"1";
                name = str:"Box28";
                translation = xpoint3:"16.2369747161865234375,-1.3801925182342529296875,-4.842479705810546875";
                rotation = {
                  0 = xpoint3:"0.896881997585296630859375,0.4422699511051177978515625,0";
                  1 = xpoint3:"-0.4422699511051177978515625,0.896881997585296630859375,0";
                  2 = xpoint3:"0,0,1";
                }
              }
              #2 = {
                scale = fixp:"1";
                name = str:"Box29";
                translation = xpoint3:"0.1526443064212799072265625,-0.101609684526920318603515625,0.00539235211908817291259765625";
                rotation = {
                  0 = xpoint3:"1,0,0";
                  1 = xpoint3:"0,1,0";
                  2 = xpoint3:"0,0,1";
                }
                #0 = {
                  scale = fixp:"1";
                  name = str:"Bone_Gun04";
                  translation = xpoint3:"-34.743213653564453125,2.8893096446990966796875,0";
                  rotation = {
                    0 = xpoint3:"-0.997285366058349609375,-0.0502338670194149017333984375,0";
                    1 = xpoint3:"-0.0502338670194149017333984375,0.998736560344696044921875,0";
                    2 = xpoint3:"0,0,-0.998548805713653564453125";
                  }
                  #0 = {
                    scale = fixp:"1";
                    name = str:"Bone106";
                    translation = xpoint3:"30.1318912506103515625,0,0";
                    rotation = {
                      0 = xpoint3:"1,0,0";
                      1 = xpoint3:"0,1,0";
                      2 = xpoint3:"0,0,1";
                    }
                    #0 = {
                      scale = fixp:"1";
                      name = str:"pt_shoot_05";
                      translation = xpoint3:"3.39544010162353515625,0.19852352142333984375,0";
                      rotation = {
