model = {
  file = str:"data\models\units\tritech\tritech.nif";
  animation = {
    loop = fixp:"0";
    duration = fixp:"8.5";
  }
  #0 = {
    scale = fixp:"1";
    name = str:"ROOT";
    translation = xpoint3:"0,0,0";
    rotation = {
      0 = xpoint3:"1,0,0";
      1 = xpoint3:"0,1,0";
      2 = xpoint3:"0,0,1";
    }
    #6 = {
      scale = fixp:"1";
      name = str:"ROOT NonAccum";
      translation = xpoint3:"0,0,0";
      rotation = {
        0 = xpoint3:"1,0,0";
        1 = xpoint3:"0,1,0";
        2 = xpoint3:"0,0,1";
      }
      #0 = {
        scale = fixp:"1";
        name = str:"center_root";
        translation = xpoint3:"-0.01032176055014133453369140625,18.6394824981689453125,63.049938201904296875";
        rotation = {
          0 = xpoint3:"-1,0,0";
          1 = xpoint3:"0,1,0";
          2 = xpoint3:"0,0,-1";
        }
        #0 = {
          scale = fixp:"1";
          name = str:"Box02";
          translation = xpoint3:"-0.0049333465285599231719970703125,-0.082275785505771636962890625,-0.1367050707340240478515625";
          rotation = {
            0 = xpoint3:"0,0,-0.999999940395355224609375";
            1 = xpoint3:"0.999999940395355224609375,0,0";
            2 = xpoint3:"0,-0.999999940395355224609375,0";
          }
          #0 = {
            scale = fixp:"1";
            name = str:"Box03";
            translation = xpoint3:"0.15264935791492462158203125,-0.101608693599700927734375,0.005388177931308746337890625";
            rotation = {
              0 = xpoint3:"1,0,0";
              1 = xpoint3:"0,1,0";
              2 = xpoint3:"0,0,1";
            }
            #0 = {
              scale = fixp:"1";
              name = str:"Bone_Gun";
              translation = xpoint3:"-34.743221282958984375,2.8893091678619384765625,0";
              rotation = {
                0 = xpoint3:"-0.997285366058349609375,-0.0502338670194149017333984375,0";
                1 = xpoint3:"-0.0502338670194149017333984375,0.998736560344696044921875,0";
                2 = xpoint3:"0,0,-0.998548805713653564453125";
              }
              #0 = {
                scale = fixp:"1";
                name = str:"Bone26";
                translation = xpoint3:"30.131908416748046875,0,0";
                rotation = {
                  0 = xpoint3:"1,0,0";
                  1 = xpoint3:"0,1,0";
                  2 = xpoint3:"0,0,1";
                }
                #0 = {
                  scale = fixp:"1";
                  name = str:"pt_shoot_1";
                  translation = xpoint3:"3.39543819427490234375,0.19852589070796966552734375,0";
                  rotation = {
                    0 = xpoint3:"0,-0.999987423419952392578125,-0.0050192545168101787567138671875";
                    1 = xpoint3:"0,-0.005019261501729488372802734375,0.999987423419952392578125";
                    2 = xpoint3:"-1,0,0";
                  }
                }
              }
              #1 = {
                scale = fixp:"1";
                name = str:"pt_head";
                translation = xpoint3:"11.94455623626708984375,4.0849895477294921875,0.01657867431640625";
                rotation = {
                  0 = xpoint3:"0,-0.99829518795013427734375,-0.0583676658570766448974609375";
                  1 = xpoint3:"0,-0.058367662131786346435546875,0.998295128345489501953125";
                  2 = xpoint3:"-1,0,0";
                }
              }
            }
          }
          #1 = {
            scale = fixp:"1";
            name = str:"Box04";
            translation = xpoint3:"7.9854183197021484375,2.8429107666015625,-4.84248638153076171875";
            rotation = {
              0 = xpoint3:"1,0,0";
              1 = xpoint3:"0,1,0";
              2 = xpoint3:"0,0,1";
            }
          }
          #2 = {
            scale = fixp:"1";
            name = str:"Box05";
            translation = xpoint3:"21.7433376312255859375,1.7919023036956787109375,-4.8424854278564453125";
            rotation = {
              0 = xpoint3:"0.9848077297210693359375,0.17364822328090667724609375,0";
              1 = xpoint3:"-0.17364822328090667724609375,0.9848077297210693359375,0";
              2 = xpoint3:"0,0,1";
            }
          }
          #3 = {
            scale = fixp:"1";
            name = str:"Box06";
            translation = xpoint3:"41.17960357666015625,1.40448093414306640625,-4.84248447418212890625";
            rotation = {
              0 = xpoint3:"0.9848077297210693359375,0.17364822328090667724609375,0";
              1 = xpoint3:"-0.17364822328090667724609375,0.9848077297210693359375,0";
              2 = xpoint3:"0,0,1";
            }
          }
          #4 = {
            scale = fixp:"1";
            name = str:"Box07";
            translation = xpoint3:"16.236980438232421875,-1.3801915645599365234375,-4.8424854278564453125";
            rotation = {
              0 = xpoint3:"0.896881997585296630859375,0.4422699511051177978515625,0";
              1 = xpoint3:"-0.4422699511051177978515625,0.896881997585296630859375,0";
              2 = xpoint3:"0,0,1";
            }
          }
          #5 = {
            scale = fixp:"1";
            name = str:"pt_chest ";
            translation = xpoint3:"-0.01804056949913501739501953125,28.037563323974609375,-0.13287353515625";
            rotation = {
              0 = xpoint3:"0,0.999948203563690185546875,0.0101625062525272369384765625";
              1 = xpoint3:"0,-0.010162182152271270751953125,0.999948203563690185546875";
              2 = xpoint3:"0.999999701976776123046875,0,0";
            }
          }
        }
        #1 = {
          scale = fixp:"1";
          name = str:"Bone01";
          translation = xpoint3:"-10.4242687225341796875,11.77621364593505859375,2.305021762847900390625";
          rotation = {
            0 = xpoint3:"-0.3543063700199127197265625,-0.89243376255035400390625,0.275796413421630859375";
            1 = xpoint3:"0.633146762847900390625,-0.4461203515529632568359375,-0.63087499141693115234375";
            2 = xpoint3:"0.686750888824462890625,-0.0493969619274139404296875,0.7249372005462646484375";
          }
          #0 = {
            scale = fixp:"1";
            name = str:"Bone02";
            translation = xpoint3:"44.48197174072265625,0,0";
            rotation = {
              0 = xpoint3:"0.2126396596431732177734375,-0.103977762162685394287109375,0.970994472503662109375";
              1 = xpoint3:"0.066729761660099029541015625,0.993538916110992431640625,0.091750808060169219970703125";
              2 = xpoint3:"-0.97426319122314453125,0.045383878052234649658203125,0.21821291744709014892578125";
            }
            #0 = {
              scale = fixp:"1";
              name = str:"Bone03";
              translation = xpoint3:"28.241741180419921875,0,0";
              rotation = {
                0 = xpoint3:"0.0906785428524017333984375,0.0582343898713588714599609375,-0.993512213230133056640625";
                1 = xpoint3:"-0.12527175247669219970703125,0.99101603031158447265625,0.046703398227691650390625";
                2 = xpoint3:"0.987301766872406005859375,0.12034523487091064453125,0.09717024862766265869140625";
              }
              #0 = {
                scale = fixp:"1";
                name = str:"Bone04";
                translation = xpoint3:"58.912494659423828125,0,0";
                rotation = {
                  0 = xpoint3:"0.941790103912353515625,-0.0087192095816135406494140625,-0.335962712764739990234375";
                  1 = xpoint3:"0.0222940258681774139404296875,0.99908292293548583984375,0.0365374796092510223388671875";
                  2 = xpoint3:"0.335335552692413330078125,-0.0419044904410839080810546875,0.941120922565460205078125";
                }
                #0 = {
                  scale = fixp:"1";
                  name = str:"pt_footprint04";
                  translation = xpoint3:"0.61561405658721923828125,-0.176383912563323974609375,0.0571346096694469451904296875";
                  rotation = {
                    0 = xpoint3:"0.18252535164356231689453125,0.29067647457122802734375,-0.93925058841705322265625";
                    1 = xpoint3:"0.90710628032684326171875,-0.418288528919219970703125,0.0468280278146266937255859375";
                    2 = xpoint3:"-0.3792659342288970947265625,-0.86054742336273193359375,-0.3400227725505828857421875";
                  }
                }
                #1 = {
                  scale = fixp:"1";
                  name = str:"pt_foot";
                  translation = xpoint3:"-4.822416782379150390625,0.602031767368316650390625,-1.7667920589447021484375";
                  rotation = {
                    0 = xpoint3:"0.23245750367641448974609375,0.2731069028377532958984375,-0.933475315570831298828125";
                    1 = xpoint3:"0.943035900592803955078125,-0.2981532514095306396484375,0.14760760962963104248046875";
                    2 = xpoint3:"-0.23800604045391082763671875,-0.914613187313079833984375,-0.326857507228851318359375";
                  }
                }
              }
            }
          }
        }
        #2 = {
          scale = fixp:"1";
          name = str:"Bone17";
          translation = xpoint3:"-8.310680389404296875,-13.91284942626953125,3.671422481536865234375";
          rotation = {
            0 = xpoint3:"-0.46491467952728271484375,-0.585398972034454345703125,-0.662598431110382080078125";
            1 = xpoint3:"-0.707942545413970947265625,0.696204602718353271484375,-0.116942882537841796875";
            2 = xpoint3:"0.529665887355804443359375,0.41492938995361328125,-0.738082349300384521484375";
          }
          #0 = {
            scale = fixp:"1";
            name = str:"Bone18";
            translation = xpoint3:"27.1541652679443359375,0,0";
            rotation = {
              0 = xpoint3:"0.2649997174739837646484375,-0.96335589885711669921875,0.0255695283412933349609375";
              1 = xpoint3:"-0.1445878446102142333984375,-0.0651241242885589599609375,-0.9865634441375732421875";
              2 = xpoint3:"0.952786922454833984375,0.25721275806427001953125,-0.156080067157745361328125";
            }
            #0 = {
              scale = fixp:"1";
              name = str:"Bone19";
              translation = xpoint3:"17.3203449249267578125,0,0";
              rotation = {
                0 = xpoint3:"-0.526287555694580078125,-0.667310655117034912109375,0.524883568286895751953125";
                1 = xpoint3:"-0.843044221401214599609375,0.33898103237152099609375,-0.416423857212066650390625";
                2 = xpoint3:"0.10041229426860809326171875,-0.662441670894622802734375,-0.74064981937408447265625";
              }
              #0 = {
                scale = fixp:"1";
                name = str:"Bone20";
                translation = xpoint3:"59.239322662353515625,0,0";
                rotation = {
                  0 = xpoint3:"0.942108929157257080078125,-0.1892103254795074462890625,-0.2766697704792022705078125";
                  1 = xpoint3:"0.2690379917621612548828125,0.91922771930694580078125,0.287265956401824951171875";
                  2 = xpoint3:"0.19991314411163330078125,-0.345112502574920654296875,0.916957795619964599609375";
                }
                #0 = {
                  scale = fixp:"1";
                  name = str:"pt_foot@#0";
                  translation = xpoint3:"-4.1209716796875,-0.521319687366485595703125,0.322866857051849365234375";
                  rotation = {
                    0 = xpoint3:"0.0220922492444515228271484375,-0.089531935751438140869140625,-0.995738923549652099609375";
                    1 = xpoint3:"-0.408711969852447509765625,0.908142983913421630859375,-0.090723760426044464111328125";
                    2 = xpoint3:"0.912396013736724853515625,0.408974707126617431640625,-0.01652985624969005584716796875";
                  }
                }
                #1 = {
                  scale = fixp:"1";
                  name = str:"pt_footprint02";
                  translation = xpoint3:"1.4853515625,-0.0442679040133953094482421875,0.4103108942508697509765625";
                  rotation = {
                    0 = xpoint3:"0.0192353464663028717041015625,-0.08714456856250762939453125,-0.99600994586944580078125";
                    1 = xpoint3:"-0.4085058867931365966796875,0.90856325626373291015625,-0.087382771074771881103515625";
                    2 = xpoint3:"0.91255295276641845703125,0.4085567891597747802734375,-0.01812254078686237335205078125";
                  }
                }
              }
            }
          }
        }
        #3 = {
          scale = fixp:"1";
          name = str:"Bone09";
          translation = xpoint3:"-17.96564483642578125,-3.827944278717041015625,3.94622898101806640625";
          rotation = {
            0 = xpoint3:"-0.847430646419525146484375,-0.23506976664066314697265625,-0.4732044041156768798828125";
            1 = xpoint3:"-0.21325545012950897216796875,0.971826374530792236328125,-0.1001733839511871337890625";
            2 = xpoint3:"0.4834276735782623291015625,0.015962310135364532470703125,-0.873683929443359375";
          }
          #0 = {
            scale = fixp:"1";
            name = str:"Bone10";
            translation = xpoint3:"28.308284759521484375,0,0";
            rotation = {
              0 = xpoint3:"0.491182267665863037109375,-0.84003508090972900390625,-0.22878539562225341796875";
              1 = xpoint3:"-0.3483451902866363525390625,0.052043057978153228759765625,-0.93518531322479248046875";
              2 = xpoint3:"0.7979080677032470703125,0.5387551784515380859375,-0.2669217884540557861328125";
            }
            #0 = {
              scale = fixp:"1";
              name = str:"Bone11";
              translation = xpoint3:"27.9697017669677734375,0,0";
              rotation = {
                0 = xpoint3:"-0.20925994217395782470703125,-0.743566095829010009765625,0.63369143009185791015625";
                1 = xpoint3:"-0.941875517368316650390625,0.326952278614044189453125,0.070682346820831298828125";
                2 = xpoint3:"-0.2594722807407379150390625,-0.582438766956329345703125,-0.7686822414398193359375";
              }
              #0 = {
                scale = fixp:"1";
                name = str:"Bone12";
                translation = xpoint3:"65.67867279052734375,0,0";
                rotation = {
                  0 = xpoint3:"0.955994307994842529296875,-0.28273594379425048828125,0.07791949808597564697265625";
                  1 = xpoint3:"0.24464865028858184814453125,0.91537535190582275390625,0.31954991817474365234375";
                  2 = xpoint3:"-0.16173465549945831298828125,-0.286400973796844482421875,0.944317519664764404296875";
                }
                #0 = {
                  scale = fixp:"1";
                  name = str:"pt_foot@#1";
                  translation = xpoint3:"-5.90817737579345703125,0.88705265522003173828125,1.9853403568267822265625";
                  rotation = {
                    0 = xpoint3:"0.16549791395664215087890625,0.33460676670074462890625,-0.927711546421051025390625";
                    1 = xpoint3:"-0.683983623981475830078125,0.71662199497222900390625,0.1364526450634002685546875";
                    2 = xpoint3:"0.710476458072662353515625,0.611956894397735595703125,0.3474650084972381591796875";
                  }
                }
                #1 = {
                  scale = fixp:"1";
                  name = str:"pt_footprint03";
                  translation = xpoint3:"-0.573079764842987060546875,0.050001747906208038330078125,-0.076599873602390289306640625";
                  rotation = {
                    0 = xpoint3:"0.16634859144687652587890625,0.3338008821010589599609375,-0.927849709987640380859375";
                    1 = xpoint3:"-0.68418371677398681640625,0.716674864292144775390625,0.13516597449779510498046875";
                    2 = xpoint3:"0.710085093975067138671875,0.6123349666595458984375,0.347598969936370849609375";
                  }
                }
              }
            }
          }
        }
        #4 = {
          scale = fixp:"1";
          name = str:"Bone21";
          translation = xpoint3:"8.1222820281982421875,-13.9128513336181640625,3.671422481536865234375";
          rotation = {
            0 = xpoint3:"-0.4661253392696380615234375,-0.587193965911865234375,-0.660153567790985107421875";
            1 = xpoint3:"0.7067813873291015625,-0.69550621509552001953125,0.11945940554141998291015625";
            2 = xpoint3:"-0.530150473117828369140625,-0.411112844944000244140625,0.741317272186279296875";
          }
          #0 = {
            scale = fixp:"1";
            name = str:"Bone22";
            translation = xpoint3:"-27.1541652679443359375,0,0";
            rotation = {
              0 = xpoint3:"0.2649996578693389892578125,-0.963355958461761474609375,0.02556955814361572265625";
              1 = xpoint3:"-0.144587814807891845703125,-0.0651241838932037353515625,-0.9865634441375732421875";
              2 = xpoint3:"0.952786922454833984375,0.2572127282619476318359375,-0.156080067157745361328125";
            }
            #0 = {
              scale = fixp:"1";
              name = str:"Bone23";
              translation = xpoint3:"-17.3203449249267578125,0,0";
              rotation = {
                0 = xpoint3:"-0.526247203350067138671875,-0.667101323604583740234375,0.52519023418426513671875";
                1 = xpoint3:"-0.843073666095733642578125,0.3387968540191650390625,-0.41651403903961181640625";
                2 = xpoint3:"0.1003781855106353759765625,-0.66274654865264892578125,-0.740382015705108642578125";
              }
              #0 = {
                scale = fixp:"1";
                name = str:"Bone24";
                translation = xpoint3:"-59.23932647705078125,0,0";
                rotation = {
                  0 = xpoint3:"0.942108929157257080078125,-0.18921034038066864013671875,-0.276669800281524658203125";
                  1 = xpoint3:"0.269038021564483642578125,0.91922771930694580078125,0.28726589679718017578125";
                  2 = xpoint3:"0.1999131739139556884765625,-0.34511244297027587890625,0.916957795619964599609375";
                }
                #0 = {
                  scale = fixp:"1";
                  name = str:"pt_foot@#2";
                  translation = xpoint3:"4.328398227691650390625,0.87299430370330810546875,-0.480952918529510498046875";
                  rotation = {
                    0 = xpoint3:"0.031081981956958770751953125,0.0835374891757965087890625,0.996019780635833740234375";
                    1 = xpoint3:"-0.4076259434223175048828125,-0.9088070392608642578125,0.088943295180797576904296875";
                    2 = xpoint3:"0.9126198291778564453125,-0.4087680280208587646484375,0.005804524756968021392822265625";
                  }
                }
                #1 = {
                  scale = fixp:"1";
                  name = str:"pt_footprint01";
                  translation = xpoint3:"-1.53555476665496826171875,0.287014305591583251953125,-0.555683135986328125";
                  rotation = {
                    0 = xpoint3:"0.02249992452561855316162109375,0.091014035046100616455078125,0.995595395565032958984375";
                    1 = xpoint3:"-0.407302916049957275390625,-0.908620357513427734375,0.092267893254756927490234375";
                    2 = xpoint3:"0.913015902042388916015625,-0.4075849354267120361328125,0.0166263915598392486572265625";
                  }
                }
              }
            }
          }
        }
        #5 = {
          scale = fixp:"1";
          name = str:"Bone13";
          translation = xpoint3:"17.9750614166259765625,-3.9173653125762939453125,3.94623279571533203125";
          rotation = {
            0 = xpoint3:"-0.837737739086151123046875,-0.22427435219287872314453125,-0.4952064454555511474609375";
            1 = xpoint3:"0.21507011353969573974609375,-0.97213077545166015625,0.076449595391750335693359375";
            2 = xpoint3:"-0.4992727339267730712890625,-0.04243470728397369384765625,0.86529219150543212890625";
          }
          #0 = {
            scale = fixp:"1";
            name = str:"Bone14";
            translation = xpoint3:"-28.1136016845703125,0,0";
            rotation = {
              0 = xpoint3:"0.4734288156032562255859375,-0.84873521327972412109375,-0.2339865267276763916015625";
              1 = xpoint3:"-0.3456410467624664306640625,0.066075801849365234375,-0.93531334400177001953125";
              2 = xpoint3:"0.809711933135986328125,0.523380756378173828125,-0.2619314491748809814453125";
            }
            #0 = {
              scale = fixp:"1";
              name = str:"Bone15";
              translation = xpoint3:"-27.9697170257568359375,0,0";
              rotation = {
                0 = xpoint3:"-0.233211994171142578125,-0.732267320156097412109375,0.638441264629364013671875";
                1 = xpoint3:"-0.922829926013946533203125,0.373477518558502197265625,0.08938889205455780029296875";
                2 = xpoint3:"-0.303657114505767822265625,-0.5686738491058349609375,-0.762787282466888427734375";
              }
              #0 = {
                scale = fixp:"1";
                name = str:"Bone16";
                translation = xpoint3:"-65.678680419921875,0,0";
                rotation = {
                  0 = xpoint3:"0.9559943675994873046875,-0.2827356755733489990234375,0.07791955769062042236328125";
                  1 = xpoint3:"0.24464838206768035888671875,0.9153754711151123046875,0.3195498883724212646484375";
                  2 = xpoint3:"-0.16173462569713592529296875,-0.2864009439945220947265625,0.944317519664764404296875";
                }
                #0 = {
                  scale = fixp:"1";
                  name = str:"pt_foot@#3";
                  translation = xpoint3:"5.99782562255859375,-0.796998679637908935546875,-2.2960968017578125";
                  rotation = {
                    0 = xpoint3:"0.15635478496551513671875,-0.339322030544281005859375,0.9275848865509033203125";
                    1 = xpoint3:"-0.710158646106719970703125,-0.6913282871246337890625,-0.133191287517547607421875";
                    2 = xpoint3:"0.68646037578582763671875,-0.637907326221466064453125,-0.3490649759769439697265625";
                  }
                }
                #1 = {
                  scale = fixp:"1";
                  name = str:"pt_footprint06";
                  translation = xpoint3:"0.62690889835357666015625,0.0066340682096779346466064453125,-0.31785297393798828125";
                  rotation = {
                    0 = xpoint3:"0.15550355613231658935546875,-0.338484346866607666015625,0.92803394794464111328125";
                    1 = xpoint3:"-0.709964931011199951171875,-0.6915149688720703125,-0.133254706859588623046875";
                    2 = xpoint3:"0.68685400485992431640625,-0.6381499767303466796875,-0.3478450477123260498046875";
                  }
                }
              }
            }
          }
        }
        #6 = {
          scale = fixp:"1";
          name = str:"Bone05";
          translation = xpoint3:"11.22836780548095703125,12.0984134674072265625,2.107153415679931640625";
          rotation = {
            0 = xpoint3:"0.3534866273403167724609375,-0.89137661457061767578125,-0.2820579707622528076171875";
            1 = xpoint3:"0.6274011135101318359375,0.449928760528564453125,-0.63492810726165771484375";
            2 = xpoint3:"0.693164348602294921875,0.0470485389232635498046875,0.71895885467529296875";
          }
          #0 = {
            scale = fixp:"1";
            name = str:"Bone06";
            translation = xpoint3:"43.894977569580078125,0,0";
            rotation = {
              0 = xpoint3:"0.216833412647247314453125,0.030084051191806793212890625,0.97516238689422607421875";
              1 = xpoint3:"-0.067499935626983642578125,0.997592508792877197265625,-0.01579483412206172943115234375";
              2 = xpoint3:"-0.97328853607177734375,-0.0624553263187408447265625,0.21834491193294525146484375";
            }
            #0 = {
              scale = fixp:"1";
              name = str:"Bone07";
              translation = xpoint3:"27.8189029693603515625,0,0";
              rotation = {
                0 = xpoint3:"0.099564254283905029296875,-0.52335560321807861328125,-0.845505237579345703125";
                1 = xpoint3:"0.0576087534427642822265625,0.8519840240478515625,-0.5201823711395263671875";
                2 = xpoint3:"0.9927041530609130859375,0.0027076303958892822265625,0.115095674991607666015625";
              }
              #0 = {
                scale = fixp:"1";
                name = str:"Bone08";
                translation = xpoint3:"59.6674041748046875,0,0";
                rotation = {
                  0 = xpoint3:"0.94138300418853759765625,0,-0.3372135162353515625";
                  1 = xpoint3:"0.143934786319732666015625,0.904398620128631591796875,0.4015061855316162109375";
                  2 = xpoint3:"0.30495202541351318359375,-0.426526010036468505859375,0.85138952732086181640625";
                }
                #0 = {
                  scale = fixp:"1";
                  name = str:"pt_foot@#4";
                  translation = xpoint3:"-5.600682735443115234375,-0.3184302151203155517578125,-1.83753883838653564453125";
                  rotation = {
                    0 = xpoint3:"-0.17626895010471343994140625,0.2995425760746002197265625,-0.9376585483551025390625";
                    1 = xpoint3:"0.9153463840484619140625,0.4002323448657989501953125,-0.044217087328433990478515625";
                    2 = xpoint3:"0.3620363771915435791015625,-0.866076409816741943359375,-0.3447336852550506591796875";
                  }
                }
                #1 = {
                  scale = fixp:"1";
                  name = str:"pt_footprint05";
                  translation = xpoint3:"-0.15480138361454010009765625,-0.03073917329311370849609375,0.077980093657970428466796875";
                  rotation = {
                    0 = xpoint3:"-0.17540435492992401123046875,0.298693835735321044921875,-0.938091337680816650390625";
                    1 = xpoint3:"0.915349423885345458984375,0.4002821445465087890625,-0.043699868023395538330078125";
                    2 = xpoint3:"0.3624483048915863037109375,-0.86634647846221923828125,-0.34362041950225830078125";
                  }
                }
              }
            }
          }
        }
        #7 = {
          scale = fixp:"1";
          name = str:"pt_center";
          translation = xpoint3:"0.23155319690704345703125,-0.25284636020660400390625,-17.3533382415771484375";
          rotation = {
            0 = xpoint3:"1,0,0";
            1 = xpoint3:"0,-1,0";
            2 = xpoint3:"0,0,-1";
          }
        }
        #8 = {
          scale = fixp:"1";
          name = str:"pt_cast";
          translation = xpoint3:"-0.0404470451176166534423828125,-31.094390869140625,-17.55303192138671875";
          rotation = {
            0 = xpoint3:"1,0,0";
            1 = xpoint3:"0,-1,0";
            2 = xpoint3:"0,0,-1";
          }
        }
      }
      #1 = {
        scale = fixp:"1";
        name = str:"Line03";
        translation = xpoint3:"0.08658905327320098876953125,-13.09053516387939453125,0";
        rotation = {
          0 = xpoint3:"1,0,0";
          1 = xpoint3:"0,1,0";
          2 = xpoint3:"0,0,1";
        }
      }
      #2 = {
        scale = fixp:"1";
        name = str:"Group01";
        translation = xpoint3:"0.1263427734375,22.59832763671875,0";
        rotation = {
          0 = xpoint3:"1,0,0";
          1 = xpoint3:"0,1,0";
          2 = xpoint3:"0,0,1";
        }
        #0 = {
          scale = fixp:"1";
          name = str:"Rectangle01";
          translation = xpoint3:"-39.995288848876953125,-9.20095062255859375,0";
          rotation = {
            0 = xpoint3:"1,0,0";
            1 = xpoint3:"0,1,0";
            2 = xpoint3:"0,0,1";
          }
        }
        #1 = {
          scale = fixp:"1";
          name = str:"Rectangle02";
          translation = xpoint3:"-39.995288848876953125,94.2826385498046875,0";
          rotation = {
            0 = xpoint3:"1,0,0";
            1 = xpoint3:"0,1,0";
            2 = xpoint3:"0,0,1";
          }
        }
      }
      #3 = {
        scale = fixp:"1";
        name = str:"Group02";
        translation = xpoint3:"0.1263427734375,22.59832763671875,0";
        rotation = {
          0 = xpoint3:"1,0,0";
          1 = xpoint3:"0,-1,0";
          2 = xpoint3:"0,0,-1";
        }
        #0 = {
          scale = fixp:"1";
          name = str:"Rectangle03";
          translation = xpoint3:"39.995288848876953125,9.20095062255859375,0";
          rotation = {
            0 = xpoint3:"1,0,0";
            1 = xpoint3:"0,1,0";
            2 = xpoint3:"0,0,1";
          }
        }
        #1 = {
          scale = fixp:"1";
          name = str:"Rectangle04";
          translation = xpoint3:"39.995288848876953125,-94.2826385498046875,0";
          rotation = {
            0 = xpoint3:"1,0,0";
            1 = xpoint3:"0,1,0";
            2 = xpoint3:"0,0,1";
          }
        }
      }
      #4 = {
        scale = fixp:"1";
        name = str:"pt_ground";
        translation = xpoint3:"0,0,0";
        rotation = {
          0 = xpoint3:"1,0,0";
          1 = xpoint3:"0,1,0";
          2 = xpoint3:"0,0,1";
        }
      }
      #5 = {
        scale = fixp:"1";
        name = str:"pt_top";
        translation = xpoint3:"-0.901785910129547119140625,15.74459171295166015625,169.7956390380859375";
        rotation = {
          0 = xpoint3:"1,0,0";
          1 = xpoint3:"0,1,0";
          2 = xpoint3:"0,0,1";
        }
      }
      #6 = {
        scale = fixp:"1";
        name = str:"pt_aim";
        translation = xpoint3:"0.06265699863433837890625,-53.87337493896484375,56.321285247802734375";
        rotation = {
          0 = xpoint3:"1,0,0";
          1 = xpoint3:"0,1,0";
          2 = xpoint3:"0,0,1";
        }
      }
    }
  }
  #2 = {
    scale = fixp:"1";
    name = str:"Tritech";
    translation = xpoint3:"0.20767796039581298828125,18.5415058135986328125,0";
    rotation = {
      0 = xpoint3:"1,0,0";
      1 = xpoint3:"0,1,0";
      2 = xpoint3:"0,0,1";
    }
  }
  #3 = {
    scale = fixp:"1";
    name = str:"Tritech 227";
    translation = xpoint3:"0,0,0";
    rotation = {
      0 = xpoint3:"1,0,0";
      1 = xpoint3:"0,1,0";
      2 = xpoint3:"0,0,1";
    }
  }
  #4 = {
    scale = fixp:"1";
    name = str:"Tritech 414";
    translation = xpoint3:"0,0,0";
    rotation = {
      0 = xpoint3:"1,0,0";
      1 = xpoint3:"0,1,0";
      2 = xpoint3:"0,0,1";
    }
  }
}