model = {
  file = str:"data\models\units\arna\arna.nif";
  animation = {
    loop = fixp:"0";
    duration = fixp:"20.166667938232421875";
  }
  #0 = {
    scale = fixp:"1";
    name = str:"ROOT";
    translation = xpoint3:"0,0,0";
    rotation = {
      0 = xpoint3:"1,0,0";
      1 = xpoint3:"0,1,0";
      2 = xpoint3:"0,0,1";
    }
    #3 = {
      scale = fixp:"1";
      name = str:"ROOT NonAccum";
      translation = xpoint3:"0,0,0";
      rotation = {
        0 = xpoint3:"1,0,0";
        1 = xpoint3:"0,1,0";
        2 = xpoint3:"0,0,1";
      }
      #0 = {
        scale = fixp:"1";
        name = str:"Bip01";
        translation = xpoint3:"0,-1.54448020458221435546875,105.6571807861328125";
        rotation = {
          0 = xpoint3:"-0.13282297551631927490234375,0.98781383037567138671875,0.081128410995006561279296875";
          1 = xpoint3:"-0.99087917804718017578125,-0.13046576082706451416015625,-0.033719979226589202880859375";
          2 = xpoint3:"-0.02272457815706729888916015625,-0.084867246448993682861328125,0.9961330890655517578125";
        }
        #0 = {
          scale = fixp:"1";
          name = str:"Bip01 Pelvis";
          translation = xpoint3:"0,0,0";
          rotation = {
            0 = xpoint3:"0,1,0";
            1 = xpoint3:"0,0,1";
            2 = xpoint3:"1,0,0";
          }
          #0 = {
            scale = fixp:"1";
            name = str:"Bip01 Spine";
            translation = xpoint3:"10.2134151458740234375,-0.01223878003656864166259765625,0";
            rotation = {
              0 = xpoint3:"0.985847949981689453125,-0.133330285549163818359375,0.1016210019588470458984375";
              1 = xpoint3:"0.1319788992404937744140625,0.991051971912384033203125,0.0199378840625286102294921875";
              2 = xpoint3:"-0.10337002575397491455078125,-0.006243891082704067230224609375,0.994623363018035888671875";
            }
            #0 = {
              scale = fixp:"1";
              name = str:"Bip01 L Thigh";
              translation = xpoint3:"-10.17768001556396484375,0.853501975536346435546875,12.36098766326904296875";
              rotation = {
                0 = xpoint3:"-0.96766674518585205078125,0.24631468951702117919921875,-0.009735457599163055419921875";
                1 = xpoint3:"0.20813430845737457275390625,0.838880479335784912109375,0.502718448638916015625";
                2 = xpoint3:"0.13208258152008056640625,0.4851543903350830078125,-0.862830340862274169921875";
              }
              #0 = {
                scale = fixp:"1";
                name = str:"Bip01 L Calf";
                translation = xpoint3:"50.913791656494140625,0,0";
                rotation = {
                  0 = xpoint3:"0.992670238018035888671875,0.120810233056545257568359375,0";
                  1 = xpoint3:"-0.120810233056545257568359375,0.992670238018035888671875,0";
                  2 = xpoint3:"0,0,1";
                }
                #0 = {
                  scale = fixp:"1";
                  name = str:"Bip01 L Foot";
                  translation = xpoint3:"44.401790618896484375,0,0";
                  rotation = {
                    0 = xpoint3:"0.994701802730560302734375,-0.003973011858761310577392578125,-0.102688036859035491943359375";
                    1 = xpoint3:"-0.00185467279516160488128662109375,0.99839675426483154296875,-0.05655245482921600341796875";
                    2 = xpoint3:"0.102748133242130279541015625,0.05644319951534271240234375,0.993099689483642578125";
                  }
                }
              }
            }
            #1 = {
              scale = fixp:"1";
              name = str:"Bip01 R Thigh";
              translation = xpoint3:"-10.17769718170166015625,0.85357677936553955078125,-12.36097812652587890625";
              rotation = {
                0 = xpoint3:"-0.98121488094329833984375,0.18530552089214324951171875,-0.0020452328026294708251953125";
                1 = xpoint3:"0.17639611661434173583984375,0.93196046352386474609375,-0.3165996372699737548828125";
                2 = xpoint3:"-0.05680428445339202880859375,-0.3114687502384185791015625,-0.9470665454864501953125";
              }
              #0 = {
                scale = fixp:"1";
                name = str:"Bip01 R Calf";
                translation = xpoint3:"50.913787841796875,0,0";
                rotation = {
                  0 = xpoint3:"0.96457469463348388671875,0.2637124359607696533203125,0";
                  1 = xpoint3:"-0.2637124359607696533203125,0.96457469463348388671875,0";
                  2 = xpoint3:"0,0,1";
                }
                #0 = {
                  scale = fixp:"1";
                  name = str:"Bip01 R Foot";
                  translation = xpoint3:"44.401782989501953125,0,0";
                  rotation = {
                    0 = xpoint3:"0.972504138946533203125,-0.23122031986713409423828125,0.027072899043560028076171875";
                    1 = xpoint3:"0.23058982193470001220703125,0.972722351551055908203125,0.024495236575603485107421875";
                    2 = xpoint3:"-0.032001785933971405029296875,-0.017573960125446319580078125,0.99933278560638427734375";
                  }
                }
              }
            }
            #2 = {
              scale = fixp:"1";
              name = str:"Bip01 Spine1";
              translation = xpoint3:"15.41407108306884765625,-0.015935949981212615966796875,0";
              rotation = {
                0 = xpoint3:"0.957908570766448974609375,0.2868967354297637939453125,-0.0100701637566089630126953125";
                1 = xpoint3:"-0.2835316359996795654296875,0.940014779567718505859375,-0.18968920409679412841796875";
                2 = xpoint3:"-0.0449551045894622802734375,0.18456013500690460205078125,0.98179256916046142578125";
              }
              #0 = {
                scale = fixp:"1";
                name = str:"Bip01 Neck";
                translation = xpoint3:"20.305908203125,-0.008309147320687770843505859375,0";
                rotation = {
                  0 = xpoint3:"0.99219989776611328125,0,-0.12465699017047882080078125";
                  1 = xpoint3:"0,1,0";
                  2 = xpoint3:"0.12465699017047882080078125,0,0.99219989776611328125";
                }
                #0 = {
                  scale = fixp:"1";
                  name = str:"Bip01 Head";
                  translation = xpoint3:"10.43693256378173828125,0,0";
                  rotation = {
                    0 = xpoint3:"0.988430321216583251953125,-0.0997107923030853271484375,0.11429484188556671142578125";
                    1 = xpoint3:"0.09604348242282867431640625,0.99468290805816650390625,0.0371699035167694091796875";
                    2 = xpoint3:"-0.11739335954189300537109375,-0.02576258219778537750244140625,0.992751300334930419921875";
                  }
                  #0 = {
                    scale = fixp:"1";
                    name = str:"Bip01 Ponytail02";
                    translation = xpoint3:"6.65433979034423828125,-6.65430164337158203125,0";
                    rotation = {
                      0 = xpoint3:"-0.41946637630462646484375,0.907770812511444091796875,0";
                      1 = xpoint3:"-0.907770812511444091796875,-0.41946637630462646484375,0";
                      2 = xpoint3:"0,0,1";
                    }
                  }
                  #1 = {
                    scale = fixp:"1";
                    name = str:"pt_head";
                    translation = xpoint3:"0,0,0";
                    rotation = {
                      0 = xpoint3:"1,0,0";
                      1 = xpoint3:"0,1,0";
                      2 = xpoint3:"0,0,1";
                    }
                  }
                }
              }
              #1 = {
                scale = fixp:"1";
                name = str:"Bip01 L Clavicle";
                translation = xpoint3:"20.3059139251708984375,0,3.1081268787384033203125";
                rotation = {
                  0 = xpoint3:"0.133482158184051513671875,0,0.991050779819488525390625";
                  1 = xpoint3:"-0.1518008708953857421875,-0.988215267658233642578125,0.019660897552967071533203125";
                  2 = xpoint3:"0.979356348514556884765625,-0.15306675434112548828125,-0.1320283412933349609375";
                }
                #0 = {
                  scale = fixp:"1";
                  name = str:"Bip01 L UpperArm";
                  translation = xpoint3:"11.5444469451904296875,0,0";
                  rotation = {
                    0 = xpoint3:"0.670216381549835205078125,0.55849635601043701171875,0.488275706768035888671875";
                    1 = xpoint3:"0.3118058741092681884765625,0.3856743872165679931640625,-0.86783683300018310546875";
                    2 = xpoint3:"-0.673133313655853271484375,0.73378837108612060546875,0.0843634903430938720703125";
                  }
                  #0 = {
                    scale = fixp:"1";
                    name = str:"Bip01 L Forearm";
                    translation = xpoint3:"23.228931427001953125,0,0";
                    rotation = {
                      0 = xpoint3:"0.06374172866344451904296875,0.99728524684906005859375,0";
                      1 = xpoint3:"-0.997283935546875,0.063742496073246002197265625,0.00167511333711445331573486328125";
                      2 = xpoint3:"0.001703751273453235626220703125,0,0.99999845027923583984375";
                    }
                    #0 = {
                      scale = fixp:"1";
                      name = str:"Bip01 L Hand";
                      translation = xpoint3:"21.7409763336181640625,-0.77074527740478515625,0.0074679781682789325714111328125";
                      rotation = {
                        0 = xpoint3:"0.94248449802398681640625,0.104512341320514678955078125,0.3173588216304779052734375";
                        1 = xpoint3:"-0.3317205011844635009765625,0.17952202260494232177734375,0.925495922565460205078125";
                        2 = xpoint3:"0.0400121510028839111328125,-0.977577745914459228515625,0.20392505824565887451171875";
                      }
                      #0 = {
                        scale = fixp:"1";
                        name = str:"Bip01 L Finger02";
                        translation = xpoint3:"3.206462383270263671875,1.2366693019866943359375,-3.1770207881927490234375";
                        rotation = {
                          0 = xpoint3:"0.4121777713298797607421875,0.90167057514190673828125,-0.13076595962047576904296875";
                          1 = xpoint3:"0.67416286468505859375,-0.3983746469020843505859375,-0.62193405628204345703125";
                          2 = xpoint3:"-0.61287343502044677734375,0.1681897938251495361328125,-0.772073924541473388671875";
                        }
                        #0 = {
                          scale = fixp:"1";
                          name = str:"Bip01 L Finger03";
                          translation = xpoint3:"3.8664581775665283203125,0,0";
                          rotation = {
                            0 = xpoint3:"0.996227264404296875,-0.08678238093852996826171875,0";
                            1 = xpoint3:"0.08678238093852996826171875,0.996227264404296875,0";
                            2 = xpoint3:"0,0,1";
                          }
                        }
                      }
                      #1 = {
                        scale = fixp:"1";
                        name = str:"Bip01 L Finger04";
                        translation = xpoint3:"11.10045146942138671875,0,0";
                        rotation = {
                          0 = xpoint3:"0.984359323978424072265625,0.133957564830780029296875,0.1144204437732696533203125";
                          1 = xpoint3:"-0.15617382526397705078125,0.964073657989501953125,0.2148759067058563232421875";
                          2 = xpoint3:"-0.08152548968791961669921875,-0.229384601116180419921875,0.9699156284332275390625";
                        }
                        #0 = {
                          scale = fixp:"1";
                          name = str:"Bip01 L Finger05";
                          translation = xpoint3:"2.890712738037109375,0,0";
                          rotation = {
                            0 = xpoint3:"0.9611985683441162109375,-0.275857388973236083984375,0";
                            1 = xpoint3:"0.275857388973236083984375,0.9611985683441162109375,0";
                            2 = xpoint3:"0,0,1";
                          }
                        }
                      }
                      #2 = {
                        scale = fixp:"1";
                        name = str:"pt_hand01";
                        translation = xpoint3:"0,0,0";
                        rotation = {
                          0 = xpoint3:"1,0,0";
                          1 = xpoint3:"0,1,0";
                          2 = xpoint3:"0,0,1";
                        }
                      }
                    }
                  }
                }
              }
              #2 = {
                scale = fixp:"1";
                name = str:"Bip01 R Clavicle";
                translation = xpoint3:"20.305927276611328125,0,-3.1081268787384033203125";
                rotation = {
                  0 = xpoint3:"-0.15859173238277435302734375,0,-0.987343847751617431640625";
                  1 = xpoint3:"-0.15100134909152984619140625,-0.988216221332550048828125,0.02504058182239532470703125";
                  2 = xpoint3:"-0.975729048252105712890625,0.15306149423122406005859375,0.15660448372364044189453125";
                }
                #0 = {
                  scale = fixp:"1";
                  name = str:"Bip01 R UpperArm";
                  translation = xpoint3:"11.5444622039794921875,0,0";
                  rotation = {
                    0 = xpoint3:"0.4238438308238983154296875,-0.18164838850498199462890625,-0.886861860752105712890625";
                    1 = xpoint3:"0.555526196956634521484375,0.8257796764373779296875,0.0960504114627838134765625";
                    2 = xpoint3:"0.714780271053314208984375,-0.53370296955108642578125,0.45105826854705810546875";
                  }
                  #0 = {
                    scale = fixp:"1";
                    name = str:"Bip01 R Forearm";
                    translation = xpoint3:"23.2289409637451171875,0,0";
                    rotation = {
                      0 = xpoint3:"0.791837275028228759765625,0.61048412322998046875,0";
                      1 = xpoint3:"-0.61048400402069091796875,0.791837751865386962890625,0";
                      2 = xpoint3:"0,0,0.999999523162841796875";
                    }
                    #0 = {
                      scale = fixp:"1";
                      name = str:"Bip01 R Hand";
                      translation = xpoint3:"21.74085235595703125,-0.770762622356414794921875,-0.007478740997612476348876953125";
                      rotation = {
                        0 = xpoint3:"0.952160298824310302734375,-0.03097359836101531982421875,0.303911149501800537109375";
                        1 = xpoint3:"0.260189235210418701171875,-0.438023030757904052734375,-0.8592731952667236328125";
                        2 = xpoint3:"0.160071551799774169921875,0.897267818450927734375,-0.40895330905914306640625";
                      }
                      #0 = {
                        scale = fixp:"1";
                        name = str:"Bip01 R Finger02";
                        translation = xpoint3:"3.2064635753631591796875,1.23666441440582275390625,3.1770222187042236328125";
                        rotation = {
                          0 = xpoint3:"0.4413173198699951171875,0.843949019908905029296875,-0.3049411475658416748046875";
                          1 = xpoint3:"0.765621840953826904296875,-0.17687959969043731689453125,0.618495523929595947265625";
                          2 = xpoint3:"0.4680407941341400146484375,-0.506422340869903564453125,-0.724205791950225830078125";
                        }
                        #0 = {
                          scale = fixp:"1";
                          name = str:"Bip01 R Finger03";
                          translation = xpoint3:"3.8664710521697998046875,0,0";
                          rotation = {
                            0 = xpoint3:"0.537706077098846435546875,-0.84313237667083740234375,0";
                            1 = xpoint3:"0.84313237667083740234375,0.537706077098846435546875,0";
                            2 = xpoint3:"0,0,1";
                          }
                        }
                      }
                      #1 = {
                        scale = fixp:"1";
                        name = str:"Bip01 R Finger04";
                        translation = xpoint3:"11.100444793701171875,0,0";
                        rotation = {
                          0 = xpoint3:"0.3638132512569427490234375,-0.931471645832061767578125,0";
                          1 = xpoint3:"0.931471884250640869140625,0.3638131320476531982421875,0";
                          2 = xpoint3:"0,0,0.999999701976776123046875";
                        }
                        #0 = {
                          scale = fixp:"1";
                          name = str:"Bip01 R Finger05";
                          translation = xpoint3:"2.890709400177001953125,0,0";
                          rotation = {
                            0 = xpoint3:"0.052741348743438720703125,-0.998608171939849853515625,0";
                            1 = xpoint3:"0.998608171939849853515625,0.052741348743438720703125,0";
                            2 = xpoint3:"0,0,1";
                          }
                        }
                      }
                      #2 = {
                        scale = fixp:"1";
                        name = str:"BoneGun";
                        translation = xpoint3:"10.93991947174072265625,2.400983333587646484375,5.713659763336181640625";
                        rotation = {
                          0 = xpoint3:"0.98886406421661376953125,0.1266479194164276123046875,0.078154914081096649169921875";
                          1 = xpoint3:"0.07838881015777587890625,0.003143836744129657745361328125,-0.99691784381866455078125";
                          2 = xpoint3:"-0.126503288745880126953125,0.9919426441192626953125,-0.006818952970206737518310546875";
                        }
                        #0 = {
                          scale = fixp:"1";
                          name = str:"pt_aim";
                          translation = xpoint3:"0,0,0";
                          rotation = {
                            0 = xpoint3:"0,-1,0";
                            1 = xpoint3:"1,0,0";
                            2 = xpoint3:"0,0,1";
                          }
                        }
                        #1 = {
                          scale = fixp:"1";
                          name = str:"pt_shoot_1";
                          translation = xpoint3:"30.7183475494384765625,6.050356388092041015625,0";
                          rotation = {
                            0 = xpoint3:"0,-1,0";
                            1 = xpoint3:"1,0,0";
                            2 = xpoint3:"0,0,1";
                          }
                        }
                      }
                      #3 = {
                        scale = fixp:"1";
                        name = str:"pt_hand";
                        translation = xpoint3:"0,0,0";
                        rotation = {
                          0 = xpoint3:"1,0,0";
                          1 = xpoint3:"0,1,0";
                          2 = xpoint3:"0,0,1";
                        }
                      }
                    }
                  }
                }
              }
              #3 = {
                scale = fixp:"1";
                name = str:"pt_chest ";
                translation = xpoint3:"0,0,0";
                rotation = {
                  0 = xpoint3:"1,0,0";
                  1 = xpoint3:"0,1,0";
                  2 = xpoint3:"0,0,1";
                }
              }
            }
            #3 = {
              scale = fixp:"1";
              name = str:"pt_center";
              translation = xpoint3:"0,0,0";
              rotation = {
                0 = xpoint3:"1,0,0";
                1 = xpoint3:"0,1,0";
                2 = xpoint3:"0,0,1";
              }
            }
          }
        }
      }
      #1 = {
        scale = fixp:"1";
        name = str:"pt_ground";
        translation = xpoint3:"0,0,0";
        rotation = {
          0 = xpoint3:"1,0,0";
          1 = xpoint3:"0,1,0";
          2 = xpoint3:"0,0,1";
        }
      }
      #2 = {
        scale = fixp:"1";
        name = str:"pt_top";
        translation = xpoint3:"0,1.44299018383026123046875,206.7234039306640625";
        rotation = {
          0 = xpoint3:"0,0,1";
          1 = xpoint3:"0,-1,0";
          2 = xpoint3:"1,0,0";
        }
      }
      #3 = {
        scale = fixp:"1";
        name = str:"IK Chain05";
        translation = xpoint3:"23.0529384613037109375,-2.6893417835235595703125,122.306243896484375";
        rotation = {
          0 = xpoint3:"1,0,0";
          1 = xpoint3:"0,1,0";
          2 = xpoint3:"0,0,1";
        }
        #0 = {
          scale = fixp:"1";
          name = str:"pt_cast";
          translation = xpoint3:"0,0,0";
          rotation = {
            0 = xpoint3:"1,0,0";
            1 = xpoint3:"0,1,0";
            2 = xpoint3:"0,0,1";
          }
        }
      }
    }
  }
  #1 = {
    scale = fixp:"1";
    name = str:"GUN";
    translation = xpoint3:"-67.78460693359375,-8.3395843505859375,111.5478515625";
    rotation = {
      0 = xpoint3:"0.77906036376953125,0,-0.626948893070220947265625";
      1 = xpoint3:"0,1,0";
      2 = xpoint3:"0.626948893070220947265625,0,0.77906036376953125";
    }
  }
  #3 = {
    scale = fixp:"1";
    name = str:"Rectangle01";
    translation = xpoint3:"23.2960357666015625,-1.46342754364013671875,4.46436214447021484375";
    rotation = {
      0 = xpoint3:"0.95180571079254150390625,-0.306701600551605224609375,0";
      1 = xpoint3:"0.306701600551605224609375,0.95180571079254150390625,0";
      2 = xpoint3:"0,0,1";
    }
    #0 = {
      scale = fixp:"1";
      name = str:"Dummy03";
      translation = xpoint3:"0,0,0";
      rotation = {
        0 = xpoint3:"1,0,0";
        1 = xpoint3:"0,1,0";
        2 = xpoint3:"0,0,1";
      }
      #0 = {
        scale = fixp:"1";
        name = str:"IK Chain02";
        translation = xpoint3:"-0.02731586806476116180419921875,-26.7462978363037109375,-3.2742478847503662109375";
        rotation = {
          0 = xpoint3:"1,0,0";
          1 = xpoint3:"0,1,0";
          2 = xpoint3:"0,0,1";
        }
        #0 = {
          scale = fixp:"1";
          name = str:"IK Chain01";
          translation = xpoint3:"0.027303047478199005126953125,22.546665191650390625,10.2156734466552734375";
          rotation = {
            0 = xpoint3:"1,0,0";
            1 = xpoint3:"0,1,0";
            2 = xpoint3:"0,0,1";
          }
          #0 = {
            scale = fixp:"1";
            name = str:"pt_footprint02";
            translation = xpoint3:"0,0,0";
            rotation = {
              0 = xpoint3:"1,0,0";
              1 = xpoint3:"0,1,0";
              2 = xpoint3:"0,0,1";
            }
          }
          #1 = {
            scale = fixp:"1";
            name = str:"pt_foot";
            translation = xpoint3:"0,0,0";
            rotation = {
              0 = xpoint3:"1,0,0";
              1 = xpoint3:"0,1,0";
              2 = xpoint3:"0,0,1";
            }
          }
        }
      }
    }
  }
  #4 = {
    scale = fixp:"1";
    name = str:"Rectangle02";
    translation = xpoint3:"-8.0142154693603515625,13.437335968017578125,4.4646167755126953125";
    rotation = {
      0 = xpoint3:"0.89820444583892822265625,0.43957793712615966796875,0";
      1 = xpoint3:"-0.43957793712615966796875,0.89820444583892822265625,0";
      2 = xpoint3:"0,0,1";
    }
    #0 = {
      scale = fixp:"1";
      name = str:"Dummy01";
      translation = xpoint3:"0,0,0";
      rotation = {
        0 = xpoint3:"1,0,0";
        1 = xpoint3:"0,1,0";
        2 = xpoint3:"0,0,1";
      }
      #0 = {
        scale = fixp:"1";
        name = str:"IK Chain04";
        translation = xpoint3:"0.011949189938604831695556640625,-26.756359100341796875,-3.2732412815093994140625";
        rotation = {
          0 = xpoint3:"1,0,0";
          1 = xpoint3:"0,1,0";
          2 = xpoint3:"0,0,1";
        }
        #0 = {
          scale = fixp:"1";
          name = str:"IK Chain03";
          translation = xpoint3:"-0.01194764673709869384765625,22.5570201873779296875,10.21442508697509765625";
          rotation = {
            0 = xpoint3:"1,0,0";
            1 = xpoint3:"0,1,0";
            2 = xpoint3:"0,0,1";
          }
          #0 = {
            scale = fixp:"1";
            name = str:"pt_footprint01";
            translation = xpoint3:"0,0,0";
            rotation = {
              0 = xpoint3:"1,0,0";
              1 = xpoint3:"0,1,0";
              2 = xpoint3:"0,0,1";
            }
          }
          #1 = {
            scale = fixp:"1";
            name = str:"pt_foot";
            translation = xpoint3:"0,0,0";
            rotation = {
              0 = xpoint3:"1,0,0";
              1 = xpoint3:"0,1,0";
              2 = xpoint3:"0,0,1";
            }
          }
        }
      }
    }
  }
}