model = {
  file = str:"data\models\units\eji\eji.nif";
  animation = {
    loop = fixp:"0";
    duration = fixp:"14.8333339691162109375";
  }
  #1 = {
    scale = fixp:"1";
    name = str:"ROOT";
    translation = xpoint3:"0,-1.3891084194183349609375,0";
    rotation = {
      0 = xpoint3:"1,0,0";
      1 = xpoint3:"0,1,0";
      2 = xpoint3:"0,0,1";
    }
    #0 = {
      scale = fixp:"1";
      name = str:"ROOT NonAccum";
      translation = xpoint3:"0,0,0";
      rotation = {
        0 = xpoint3:"1,0,0";
        1 = xpoint3:"0,1,0";
        2 = xpoint3:"0,0,1";
      }
      #0 = {
        scale = fixp:"1";
        name = str:"Bone05";
        translation = xpoint3:"1.0611360073089599609375,-4.2389888763427734375,87.902679443359375";
        rotation = {
          0 = xpoint3:"-0.090873301029205322265625,-0.9746744632720947265625,0.2043320238590240478515625";
          1 = xpoint3:"-0.0983219146728515625,-0.19539737701416015625,-0.97578299045562744140625";
          2 = xpoint3:"0.990996837615966796875,-0.1087629795074462890625,-0.078075349330902099609375";
        }
        #0 = {
          scale = fixp:"1";
          name = str:"Bone01";
          translation = xpoint3:"13.44209766387939453125,0,-1.0472953319549560546875";
          rotation = {
            0 = xpoint3:"0.995806038379669189453125,-0.0140549428761005401611328125,-0.09040319919586181640625";
            1 = xpoint3:"0.01200248301029205322265625,0.999658644199371337890625,-0.02320713736116886138916015625";
            2 = xpoint3:"0.0906985104084014892578125,0.02202474512159824371337890625,0.9956347942352294921875";
          }
          #0 = {
            scale = fixp:"1";
            name = str:"Bone02";
            translation = xpoint3:"20.3248195648193359375,0,0";
            rotation = {
              0 = xpoint3:"0.889371693134307861328125,0.1638893187046051025390625,0.4268000125885009765625";
              1 = xpoint3:"-0.2557291090488433837890625,0.952168941497802734375,0.1672631204128265380859375";
              2 = xpoint3:"-0.378973066806793212890625,-0.2579042911529541015625,0.88874340057373046875";
            }
            #0 = {
              scale = fixp:"1";
              name = str:"Bone03";
              translation = xpoint3:"17.8668613433837890625,0,0";
              rotation = {
                0 = xpoint3:"0.9743154048919677734375,0.01007933914661407470703125,-0.2249619662761688232421875";
                1 = xpoint3:"-0.0101739577949047088623046875,0.999947965145111083984375,0";
                2 = xpoint3:"0.2249577045440673828125,0.00156905991025269031524658203125,0.97436726093292236328125";
              }
              #0 = {
                scale = fixp:"1";
                name = str:"Bone04";
                translation = xpoint3:"9.2875461578369140625,0,0";
                rotation = {
                  0 = xpoint3:"0.98707139492034912109375,-0.12872128188610076904296875,-0.095503389835357666015625";
                  1 = xpoint3:"0.12787644565105438232421875,0.991677582263946533203125,-0.01494002901017665863037109375";
                  2 = xpoint3:"0.0966316759586334228515625,0.0025342400185763835906982421875,0.995316982269287109375";
                }
                #0 = {
                  scale = fixp:"1";
                  name = str:"Bone06";
                  translation = xpoint3:"4.724846363067626953125,0.00208717421628534793853759765625,-9.186969757080078125";
                  rotation = {
                    0 = xpoint3:"-0.99734270572662353515625,0.048935852944850921630859375,0.00372541882097721099853515625";
                    1 = xpoint3:"-0.033375971019268035888671875,-0.731681883335113525390625,0.678980350494384765625";
                    2 = xpoint3:"0.035981118679046630859375,0.67803657054901123046875,0.733883917331695556640625";
                  }
                  #0 = {
                    scale = fixp:"1";
                    name = str:"Bone14";
                    translation = xpoint3:"14.22541713714599609375,0,0";
                    rotation = {
                      0 = xpoint3:"0.9857614040374755859375,0.16808879375457763671875,0";
                      1 = xpoint3:"-0.16808879375457763671875,0.9857614040374755859375,0";
                      2 = xpoint3:"0,0,1";
                    }
                    #0 = {
                      scale = fixp:"1";
                      name = str:"Bone16";
                      translation = xpoint3:"12.2451305389404296875,0,0";
                      rotation = {
                        0 = xpoint3:"0.995339930057525634765625,0.096393071115016937255859375,0";
                        1 = xpoint3:"-0.096393071115016937255859375,0.995339930057525634765625,0";
                        2 = xpoint3:"0,0,1";
                      }
                      #0 = {
                        scale = fixp:"1";
                        name = str:"Bone17";
                        translation = xpoint3:"13.0162506103515625,0,0";
                        rotation = {
                          0 = xpoint3:"0.99884283542633056640625,-0.0480760671198368072509765625,0";
                          1 = xpoint3:"0.0480760671198368072509765625,0.99884283542633056640625,0";
                          2 = xpoint3:"0,0,1";
                        }
                      }
                    }
                  }
                }
              }
            }
            #1 = {
              scale = fixp:"1";
              name = str:"connectBone01";
              translation = xpoint3:"17.8668613433837890625,0,0";
              rotation = {
                0 = xpoint3:"0.0606822632253170013427734375,0.997324883937835693359375,-0.01725123822689056396484375";
                1 = xpoint3:"-0.912917435169219970703125,0.0486278273165225982666015625,-0.4035300910472869873046875";
                2 = xpoint3:"-0.401915848255157470703125,0.0399722754955291748046875,0.914736092090606689453125";
              }
              #0 = {
                scale = fixp:"1";
                name = str:"Bone07";
                translation = xpoint3:"13.73958873748779296875,0,0";
                rotation = {
                  0 = xpoint3:"0.79735338687896728515625,0.17896823585033416748046875,-0.57611095905303955078125";
                  1 = xpoint3:"-0.597303092479705810546875,0.10084398090839385986328125,-0.79482996463775634765625";
                  2 = xpoint3:"-0.08463142812252044677734375,0.9780061244964599609375,0.187516510486602783203125";
                }
                #0 = {
                  scale = fixp:"1";
                  name = str:"Bone08";
                  translation = xpoint3:"18.610198974609375,0,0";
                  rotation = {
                    0 = xpoint3:"-0.01421796344220638275146484375,0.08194892108440399169921875,-0.9957964420318603515625";
                    1 = xpoint3:"0.0013254471123218536376953125,0.996634066104888916015625,0.081938259303569793701171875";
                    2 = xpoint3:"0.99916183948516845703125,0,-0.014276325702667236328125";
                  }
                  #0 = {
                    scale = fixp:"1";
                    name = str:"Bone09";
                    translation = xpoint3:"20.2161808013916015625,0,0";
                    rotation = {
                      0 = xpoint3:"0.91118180751800537109375,-0.2324752509593963623046875,-0.3399619162082672119140625";
                      1 = xpoint3:"0.19930899143218994140625,0.971265971660614013671875,-0.1299101412296295166015625";
                      2 = xpoint3:"0.3604091703891754150390625,0.05055670440196990966796875,0.931369781494140625";
                    }
                    #0 = {
                      scale = fixp:"1";
                      name = str:"Bone15";
                      translation = xpoint3:"7.409313678741455078125,0,0";
                      rotation = {
                        0 = xpoint3:"0.864591777324676513671875,0.50247490406036376953125,0";
                        1 = xpoint3:"-0.50247490406036376953125,0.864591777324676513671875,0";
                        2 = xpoint3:"0,0,1";
                      }
                    }
                  }
                  #1 = {
                    scale = fixp:"1";
                    name = str:"Bone10";
                    translation = xpoint3:"20.216167449951171875,0,0";
                    rotation = {
                      0 = xpoint3:"0.303849875926971435546875,-0.073071539402008056640625,-0.949913561344146728515625";
                      1 = xpoint3:"-0.908261001110076904296875,0.278808772563934326171875,-0.311973631381988525390625";
                      2 = xpoint3:"0.287640631198883056640625,0.957562625408172607421875,0.0183479785919189453125";
                    }
                  }
                }
              }
            }
            #2 = {
              scale = fixp:"1";
              name = str:"connectBone02";
              translation = xpoint3:"17.4939785003662109375,0,0";
              rotation = {
                0 = xpoint3:"-0.16151554882526397705078125,-0.9860122203826904296875,-0.002632237970829010009765625";
                1 = xpoint3:"0.9697167873382568359375,-0.1593161523342132568359375,0.1805136501789093017578125";
                2 = xpoint3:"-0.1785394847393035888671875,0.0267536342144012451171875,0.983556807041168212890625";
              }
              #0 = {
                scale = fixp:"1";
                name = str:"Bone07(mirrored)";
                translation = xpoint3:"13.72926998138427734375,0,0";
                rotation = {
                  0 = xpoint3:"0.4778880178928375244140625,-0.76173865795135498046875,-0.4365999996662139892578125";
                  1 = xpoint3:"0.81180346012115478515625,0.19422817230224609375,0.549619138240814208984375";
                  2 = xpoint3:"-0.3344255387783050537109375,-0.617138803005218505859375,0.71195590496063232421875";
                }
                #0 = {
                  scale = fixp:"1";
                  name = str:"Bone08(mirrored)";
                  translation = xpoint3:"18.610202789306640625,0,0";
                  rotation = {
                    0 = xpoint3:"0.835455954074859619140625,-0.0449012555181980133056640625,-0.547501981258392333984375";
                    1 = xpoint3:"0.0404654853045940399169921875,0.998976528644561767578125,-0.02017335779964923858642578125";
                    2 = xpoint3:"0.547847688198089599609375,-0.0053194775246083736419677734375,0.836419284343719482421875";
                  }
                  #0 = {
                    scale = fixp:"1";
                    name = str:"Bone10(mirrored)";
                    translation = xpoint3:"20.2161617279052734375,0,0";
                    rotation = {
                      0 = xpoint3:"0.980250775814056396484375,-0.002829648554325103759765625,-0.19773836433887481689453125";
                      1 = xpoint3:"0.081224657595157623291015625,0.917426168918609619140625,0.3895275890827178955078125";
                      2 = xpoint3:"0.18030811846256256103515625,-0.3978959619998931884765625,0.899537563323974609375";
                    }
                  }
                  #1 = {
                    scale = fixp:"1";
                    name = str:"Bone09(mirrored)";
                    translation = xpoint3:"20.216190338134765625,0,0";
                    rotation = {
                      0 = xpoint3:"0.95996189117431640625,0.101316921412944793701171875,0.261055409908294677734375";
                      1 = xpoint3:"-0.172293484210968017578125,0.9486367702484130859375,0.265195548534393310546875";
                      2 = xpoint3:"-0.220748722553253173828125,-0.29958069324493408203125,0.928125560283660888671875";
                    }
                    #0 = {
                      scale = fixp:"1";
                      name = str:"Bone15(mirrored)";
                      translation = xpoint3:"7.409305572509765625,0,0";
                      rotation = {
                        0 = xpoint3:"0.887952327728271484375,-0.45993554592132568359375,0";
                        1 = xpoint3:"0.45993554592132568359375,0.887952327728271484375,0";
                        2 = xpoint3:"0,0,1";
                      }
                    }
                  }
                }
              }
            }
            #3 = {
              scale = fixp:"1";
              name = str:"L_TIT";
              translation = xpoint3:"4.340251445770263671875,-6.521389007568359375,6.899799346923828125";
              rotation = {
                0 = xpoint3:"0,0.2733394801616668701171875,0.9619176387786865234375";
                1 = xpoint3:"-1,0,0";
                2 = xpoint3:"0,-0.9619176387786865234375,0.2733394205570220947265625";
              }
            }
            #4 = {
              scale = fixp:"1";
              name = str:"R_TIT";
              translation = xpoint3:"4.340255260467529296875,6.521394252777099609375,6.8998279571533203125";
              rotation = {
                0 = xpoint3:"0,0.2733394801616668701171875,0.9619176387786865234375";
                1 = xpoint3:"-1,0,0";
                2 = xpoint3:"0,-0.9619176387786865234375,0.2733394205570220947265625";
              }
            }
          }
        }
        #1 = {
          scale = fixp:"1";
          name = str:"Bone11";
          translation = xpoint3:"8.45812225341796875,-8.0263118743896484375,0.502845704555511474609375";
          rotation = {
            0 = xpoint3:"-0.986351549625396728515625,-0.155511379241943359375,0.0066543105058372020721435546875";
            1 = xpoint3:"0.1544289290904998779296875,-0.972341060638427734375,0.16686029732227325439453125";
            2 = xpoint3:"-0.01948772370815277099609375,0.16585193574428558349609375,0.98594772815704345703125";
          }
          #0 = {
            scale = fixp:"1";
            name = str:"Bone12";
            translation = xpoint3:"43.036251068115234375,0,0";
            rotation = {
              0 = xpoint3:"0.9999992847442626953125,0,-0.00118161714635789394378662109375";
              1 = xpoint3:"0,0.99999392032623291015625,0.00348740746267139911651611328125";
              2 = xpoint3:"0.00118154450319707393646240234375,-0.00348743214271962642669677734375,0.99999320507049560546875";
            }
            #0 = {
              scale = fixp:"1";
              name = str:"Bone13";
              translation = xpoint3:"50.0164031982421875,0,0";
              rotation = {
                0 = xpoint3:"0.0476353652775287628173828125,-0.0357212126255035400390625,-0.997533321380615234375";
                1 = xpoint3:"0.2857185900211334228515625,0.958055078983306884765625,-0.0208453834056854248046875";
                2 = xpoint3:"0.95640659332275390625,-0.284242212772369384765625,0.05587993562221527099609375";
              }
            }
          }
        }
        #2 = {
          scale = fixp:"1";
          name = str:"Bone11(mirrored)";
          translation = xpoint3:"8.458095550537109375,8.026340484619140625,0.502785861492156982421875";
          rotation = {
            0 = xpoint3:"-0.95996248722076416015625,-0.23406922817230224609375,0.1443585455417633056640625";
            1 = xpoint3:"0.274460017681121826171875,-0.848348081111907958984375,0.4497721195220947265625";
            2 = xpoint3:"0.01730577647686004638671875,0.47205388545989990234375,0.8813021183013916015625";
          }
          #0 = {
            scale = fixp:"1";
            name = str:"Bone12(mirrored)";
            translation = xpoint3:"43.03650665283203125,0,0";
            rotation = {
              0 = xpoint3:"0.97862088680267333984375,0,0.20559673011302947998046875";
              1 = xpoint3:"0,0.999994218349456787109375,-0.0033874516375362873077392578125";
              2 = xpoint3:"-0.20559670031070709228515625,0.003388791345059871673583984375,0.978615105152130126953125";
            }
            #0 = {
              scale = fixp:"1";
              name = str:"Bone13(mirrored)";
              translation = xpoint3:"50.01647186279296875,0,0";
              rotation = {
                0 = xpoint3:"0.0184693448245525360107421875,-0.19099988043308258056640625,-0.980690419673919677734375";
                1 = xpoint3:"-0.13755874335765838623046875,0.971762716770172119140625,-0.1916086971759796142578125";
                2 = xpoint3:"0.989602029323577880859375,0.13840281963348388671875,-0.0083248354494571685791015625";
              }
            }
          }
        }
      }
    }
  }
}