model = {
  file = str:"data\models\units\tritechglow\tritech.nif";
  animation = {
    loop = fixp:"0";
    duration = fixp:"13.5";
  }
  #0 = {
    scale = fixp:"1";
    name = str:"ROOT";
    translation = xpoint3:"0,0,0";
    rotation = {
      0 = xpoint3:"1,0,0";
      1 = xpoint3:"0,1,0";
      2 = xpoint3:"0,0,1";
    }
    #3 = {
      scale = fixp:"1";
      name = str:"ROOT NonAccum";
      translation = xpoint3:"0,0,0";
      rotation = {
        0 = xpoint3:"1,0,0";
        1 = xpoint3:"0,1,0";
        2 = xpoint3:"0,0,1";
      }
      #0 = {
        scale = fixp:"1";
        name = str:"Bip01";
        translation = xpoint3:"-0.01032176055014133453369140625,18.6394824981689453125,63.049938201904296875";
        rotation = {
          0 = xpoint3:"-1,0,0";
          1 = xpoint3:"0,1,0";
          2 = xpoint3:"0,0,-1";
        }
        #0 = {
          scale = fixp:"1";
          name = str:"Box02";
          translation = xpoint3:"-0.0049333465285599231719970703125,-0.082275785505771636962890625,-0.1367050707340240478515625";
          rotation = {
            0 = xpoint3:"0,0,-0.999999940395355224609375";
            1 = xpoint3:"0.999999940395355224609375,0,0";
            2 = xpoint3:"0,-0.999999940395355224609375,0";
          }
          #0 = {
            scale = fixp:"1";
            name = str:"Box03";
            translation = xpoint3:"0.15264935791492462158203125,-0.101608693599700927734375,0.005388177931308746337890625";
            rotation = {
              0 = xpoint3:"1,0,0";
              1 = xpoint3:"0,1,0";
              2 = xpoint3:"0,0,1";
            }
            #0 = {
              scale = fixp:"1";
              name = str:"Bone_Gun";
              translation = xpoint3:"-34.743221282958984375,2.8893091678619384765625,0";
              rotation = {
                0 = xpoint3:"-0.997285366058349609375,-0.0502338670194149017333984375,0";
                1 = xpoint3:"-0.0502338670194149017333984375,0.998736560344696044921875,0";
                2 = xpoint3:"0,0,-0.998548805713653564453125";
              }
              #0 = {
                scale = fixp:"1";
                name = str:"Bone26";
                translation = xpoint3:"30.131908416748046875,0,0";
                rotation = {
                  0 = xpoint3:"1,0,0";
                  1 = xpoint3:"0,1,0";
                  2 = xpoint3:"0,0,1";
                }
                #0 = {
                  scale = fixp:"1";
                  name = str:"pt_shoot_1";
                  translation = xpoint3:"3.39543819427490234375,0.19852589070796966552734375,0";
                  rotation = {
                    0 = xpoint3:"0,-0.999987423419952392578125,-0.0050192545168101787567138671875";
                    1 = xpoint3:"0,-0.005019261501729488372802734375,0.999987423419952392578125";
                    2 = xpoint3:"-1,0,0";
                  }
                }
              }
              #1 = {
                scale = fixp:"1";
                name = str:"pt_head";
                translation = xpoint3:"11.94455623626708984375,4.0849895477294921875,0.01657867431640625";
                rotation = {
                  0 = xpoint3:"0,-0.99829518795013427734375,-0.0583676658570766448974609375";
                  1 = xpoint3:"0,-0.058367662131786346435546875,0.998295128345489501953125";
                  2 = xpoint3:"-1,0,0";
                }
              }
            }
          }
          #1 = {
            scale = fixp:"1";
            name = str:"Box04";
            translation = xpoint3:"7.9854183197021484375,2.8429107666015625,-4.84248638153076171875";
            rotation = {
              0 = xpoint3:"1,0,0";
              1 = xpoint3:"0,1,0";
              2 = xpoint3:"0,0,1";
            }
          }
          #2 = {
            scale = fixp:"1";
            name = str:"Box05";
            translation = xpoint3:"21.7433376312255859375,1.7919023036956787109375,-4.8424854278564453125";
            rotation = {
              0 = xpoint3:"0.9848077297210693359375,0.17364822328090667724609375,0";
              1 = xpoint3:"-0.17364822328090667724609375,0.9848077297210693359375,0";
              2 = xpoint3:"0,0,1";
            }
          }
          #3 = {
            scale = fixp:"1";
            name = str:"Box06";
            translation = xpoint3:"41.17960357666015625,1.40448093414306640625,-4.84248447418212890625";
            rotation = {
              0 = xpoint3:"0.9848077297210693359375,0.17364822328090667724609375,0";
              1 = xpoint3:"-0.17364822328090667724609375,0.9848077297210693359375,0";
              2 = xpoint3:"0,0,1";
            }
          }
          #4 = {
            scale = fixp:"1";
            name = str:"Box07";
            translation = xpoint3:"16.236980438232421875,-1.3801915645599365234375,-4.8424854278564453125";
            rotation = {
              0 = xpoint3:"0.896881997585296630859375,0.4422699511051177978515625,0";
              1 = xpoint3:"-0.4422699511051177978515625,0.896881997585296630859375,0";
              2 = xpoint3:"0,0,1";
            }
          }
          #5 = {
            scale = fixp:"1";
            name = str:"pt_chest ";
            translation = xpoint3:"-0.01804056949913501739501953125,28.037563323974609375,-0.13287353515625";
            rotation = {
              0 = xpoint3:"0,0.999948203563690185546875,0.0101625062525272369384765625";
              1 = xpoint3:"0,-0.010162182152271270751953125,0.999948203563690185546875";
              2 = xpoint3:"0.999999701976776123046875,0,0";
            }
          }
        }
        #1 = {
          scale = fixp:"1";
          name = str:"Bone01";
          translation = xpoint3:"-10.4242687225341796875,11.77621364593505859375,2.305021762847900390625";
          rotation = {
            0 = xpoint3:"-0.3520942628383636474609375,-0.89203989505767822265625,0.27987873554229736328125";
            1 = xpoint3:"0.63438951969146728515625,-0.447439610958099365234375,-0.62868678569793701171875";
            2 = xpoint3:"0.686743915081024169921875,-0.0442932546138763427734375,0.7252738475799560546875";
          }
          #0 = {
            scale = fixp:"1";
            name = str:"Bone02";
            translation = xpoint3:"44.48197174072265625,0,0";
            rotation = {
              0 = xpoint3:"0.21263967454433441162109375,-0.1039777100086212158203125,0.970994472503662109375";
              1 = xpoint3:"0.0667296946048736572265625,0.993538916110992431640625,0.0917507708072662353515625";
              2 = xpoint3:"-0.97426319122314453125,0.04538382589817047119140625,0.21821291744709014892578125";
            }
            #0 = {
              scale = fixp:"1";
              name = str:"Bone03";
              translation = xpoint3:"28.2417392730712890625,0,0";
              rotation = {
                0 = xpoint3:"0.090588755905628204345703125,0.058022461831569671630859375,-0.993532717227935791015625";
                1 = xpoint3:"-0.122187472879886627197265625,0.99139654636383056640625,0.0468037091195583343505859375";
                2 = xpoint3:"0.987696349620819091796875,0.11727641522884368896484375,0.096909828484058380126953125";
              }
              #0 = {
                scale = fixp:"1";
                name = str:"Bone04";
                translation = xpoint3:"58.9124908447265625,0,0";
                rotation = {
                  0 = xpoint3:"0.941790103912353515625,-0.0087192021310329437255859375,-0.335962712764739990234375";
                  1 = xpoint3:"0.0222940184175968170166015625,0.99908292293548583984375,0.03653748333454132080078125";
                  2 = xpoint3:"0.335335552692413330078125,-0.04190449416637420654296875,0.941120922565460205078125";
                }
                #0 = {
                  scale = fixp:"1";
                  name = str:"pt_footprint04";
                  translation = xpoint3:"0.61561489105224609375,-0.1763832867145538330078125,0.0571251325309276580810546875";
                  rotation = {
                    0 = xpoint3:"0.18252538144588470458984375,0.29067647457122802734375,-0.93925058841705322265625";
                    1 = xpoint3:"0.90710628032684326171875,-0.4182885587215423583984375,0.04682804644107818603515625";
                    2 = xpoint3:"-0.379265964031219482421875,-0.86054742336273193359375,-0.3400227129459381103515625";
                  }
                }
              }
            }
          }
        }
        #2 = {
          scale = fixp:"1";
          name = str:"Bone17";
          translation = xpoint3:"-8.310680389404296875,-13.91284942626953125,3.671422481536865234375";
          rotation = {
            0 = xpoint3:"-0.4692070484161376953125,-0.590380251407623291015625,-0.655106067657470703125";
            1 = xpoint3:"-0.703707993030548095703125,0.69916057586669921875,-0.1246316730976104736328125";
            2 = xpoint3:"0.53151476383209228515625,0.4027270972728729248046875,-0.7434871196746826171875";
          }
          #0 = {
            scale = fixp:"1";
            name = str:"Bone18";
            translation = xpoint3:"27.154163360595703125,0,0";
            rotation = {
              0 = xpoint3:"0.2649995982646942138671875,-0.96335601806640625,0.0255695283412933349609375";
              1 = xpoint3:"-0.14458787441253662109375,-0.0651241838932037353515625,-0.986563503742218017578125";
              2 = xpoint3:"0.952786922454833984375,0.257212698459625244140625,-0.15608012676239013671875";
            }
            #0 = {
              scale = fixp:"1";
              name = str:"Bone19";
              translation = xpoint3:"17.3203449249267578125,0,0";
              rotation = {
                0 = xpoint3:"-0.525460064411163330078125,-0.671817004680633544921875,0.51994216442108154296875";
                1 = xpoint3:"-0.841910898685455322265625,0.3314646780490875244140625,-0.4246728718280792236328125";
                2 = xpoint3:"0.1134195625782012939453125,-0.6616818904876708984375,-0.7394516468048095703125";
              }
              #0 = {
                scale = fixp:"1";
                name = str:"Bone20";
                translation = xpoint3:"59.239315032958984375,0,0";
                rotation = {
                  0 = xpoint3:"0.942108929157257080078125,-0.1892103254795074462890625,-0.2766697704792022705078125";
                  1 = xpoint3:"0.2690379917621612548828125,0.91922771930694580078125,0.2872659265995025634765625";
                  2 = xpoint3:"0.19991314411163330078125,-0.3451124727725982666015625,0.916957795619964599609375";
                }
                #0 = {
                  scale = fixp:"1";
                  name = str:"pt_foot";
                  translation = xpoint3:"-4.120971202850341796875,-0.521316468715667724609375,0.32286727428436279296875";
                  rotation = {
                    0 = xpoint3:"0.02209225110709667205810546875,-0.0895319283008575439453125,-0.99573886394500732421875";
                    1 = xpoint3:"-0.4087120592594146728515625,0.908142983913421630859375,-0.09072373807430267333984375";
                    2 = xpoint3:"0.912395954132080078125,0.40897476673126220703125,-0.0165298767387866973876953125";
                  }
                }
                #1 = {
                  scale = fixp:"1";
                  name = str:"pt_footprint02";
                  translation = xpoint3:"1.48535096645355224609375,-0.0442628301680088043212890625,0.4103115499019622802734375";
                  rotation = {
                    0 = xpoint3:"0.01923526264727115631103515625,-0.0871445834636688232421875,-0.99600994586944580078125";
                    1 = xpoint3:"-0.4085059463977813720703125,0.90856325626373291015625,-0.087382733821868896484375";
                    2 = xpoint3:"0.91255295276641845703125,0.40855681896209716796875,-0.018122605979442596435546875";
                  }
                }
              }
            }
          }
        }
        #3 = {
          scale = fixp:"1";
          name = str:"Bone09";
          translation = xpoint3:"-17.96564483642578125,-3.827944278717041015625,3.94622898101806640625";
          rotation = {
            0 = xpoint3:"-0.848768770694732666015625,-0.2351897060871124267578125,-0.47073829174041748046875";
            1 = xpoint3:"-0.2104465067386627197265625,0.971882045269012451171875,-0.1054362356662750244140625";
            2 = xpoint3:"0.482307970523834228515625,0.0095046348869800567626953125,-0.874396145343780517578125";
          }
          #0 = {
            scale = fixp:"1";
            name = str:"Bone10";
            translation = xpoint3:"28.308284759521484375,0,0";
            rotation = {
              0 = xpoint3:"0.4911823272705078125,-0.840035021305084228515625,-0.228785336017608642578125";
              1 = xpoint3:"-0.348345100879669189453125,0.052043043076992034912109375,-0.93518531322479248046875";
              2 = xpoint3:"0.797908008098602294921875,0.5387551784515380859375,-0.2669217288494110107421875";
            }
            #0 = {
              scale = fixp:"1";
              name = str:"Bone11";
              translation = xpoint3:"27.969707489013671875,0,0";
              rotation = {
                0 = xpoint3:"-0.2092584073543548583984375,-0.74458277225494384765625,0.63249719142913818359375";
                1 = xpoint3:"-0.94351875782012939453125,0.3231071531772613525390625,0.0662705600261688232421875";
                2 = xpoint3:"-0.253433287143707275390625,-0.58328044414520263671875,-0.7700564861297607421875";
              }
              #0 = {
                scale = fixp:"1";
                name = str:"Bone12";
                translation = xpoint3:"65.67868804931640625,0,0";
                rotation = {
                  0 = xpoint3:"0.955994307994842529296875,-0.282735884189605712890625,0.07791949808597564697265625";
                  1 = xpoint3:"0.24464859068393707275390625,0.915375411510467529296875,0.31954991817474365234375";
                  2 = xpoint3:"-0.161734640598297119140625,-0.286400973796844482421875,0.944317519664764404296875";
                }
                #0 = {
                  scale = fixp:"1";
                  name = str:"pt_foot@#0";
                  translation = xpoint3:"-5.90817928314208984375,0.887055933475494384765625,1.98533785343170166015625";
                  rotation = {
                    0 = xpoint3:"0.165497839450836181640625,0.33460676670074462890625,-0.927711546421051025390625";
                    1 = xpoint3:"-0.6839835643768310546875,0.716622054576873779296875,0.136452734470367431640625";
                    2 = xpoint3:"0.710476577281951904296875,0.6119568347930908203125,0.34746491909027099609375";
                  }
                }
                #1 = {
                  scale = fixp:"1";
                  name = str:"pt_footprint03";
                  translation = xpoint3:"-0.5730793476104736328125,0.0500014014542102813720703125,-0.07659876346588134765625";
                  rotation = {
                    0 = xpoint3:"0.16634853184223175048828125,0.333800792694091796875,-0.92784976959228515625";
                    1 = xpoint3:"-0.684183657169342041015625,0.71667492389678955078125,0.13516597449779510498046875";
                    2 = xpoint3:"0.7100851535797119140625,0.6123349666595458984375,0.34759891033172607421875";
                  }
                }
              }
            }
          }
        }
        #4 = {
          scale = fixp:"1";
          name = str:"Bone21";
          translation = xpoint3:"8.1222820281982421875,-13.9128513336181640625,3.671422481536865234375";
          rotation = {
            0 = xpoint3:"-0.4704352915287017822265625,-0.59214842319488525390625,-0.652623236179351806640625";
            1 = xpoint3:"0.7025358676910400390625,-0.69843065738677978515625,0.12717421352863311767578125";
            2 = xpoint3:"-0.531977593898773193359375,-0.3988611698150634765625,0.746687352657318115234375";
          }
          #0 = {
            scale = fixp:"1";
            name = str:"Bone22";
            translation = xpoint3:"-27.154163360595703125,0,0";
            rotation = {
              0 = xpoint3:"0.2649995982646942138671875,-0.96335601806640625,0.0255695283412933349609375";
              1 = xpoint3:"-0.14458787441253662109375,-0.0651241838932037353515625,-0.986563503742218017578125";
              2 = xpoint3:"0.952786922454833984375,0.257212698459625244140625,-0.15608012676239013671875";
            }
            #0 = {
              scale = fixp:"1";
              name = str:"Bone23";
              translation = xpoint3:"-17.3203411102294921875,0,0";
              rotation = {
                0 = xpoint3:"-0.5254008769989013671875,-0.67170941829681396484375,0.52014124393463134765625";
                1 = xpoint3:"-0.84194886684417724609375,0.331315100193023681640625,-0.424714148044586181640625";
                2 = xpoint3:"0.1134134829044342041015625,-0.661865890026092529296875,-0.739288270473480224609375";
              }
              #0 = {
                scale = fixp:"1";
                name = str:"Bone24";
                translation = xpoint3:"-59.23931884765625,0,0";
                rotation = {
                  0 = xpoint3:"0.942108929157257080078125,-0.189210355281829833984375,-0.2766697704792022705078125";
                  1 = xpoint3:"0.269038021564483642578125,0.91922771930694580078125,0.2872659265995025634765625";
                  2 = xpoint3:"0.19991314411163330078125,-0.3451124727725982666015625,0.916957795619964599609375";
                }
                #0 = {
                  scale = fixp:"1";
                  name = str:"pt_foot@#1";
                  translation = xpoint3:"4.328397274017333984375,0.87299048900604248046875,-0.4809529781341552734375";
                  rotation = {
                    0 = xpoint3:"0.03108198754489421844482421875,0.083537518978118896484375,0.996019780635833740234375";
                    1 = xpoint3:"-0.4076259434223175048828125,-0.908806979656219482421875,0.088943324983119964599609375";
                    2 = xpoint3:"0.9126198291778564453125,-0.4087680280208587646484375,0.005804532207548618316650390625";
                  }
                }
                #1 = {
                  scale = fixp:"1";
                  name = str:"pt_footprint01";
                  translation = xpoint3:"-1.53555452823638916015625,0.2870113849639892578125,-0.555682957172393798828125";
                  rotation = {
                    0 = xpoint3:"0.02249993383884429931640625,0.09101407229900360107421875,0.995595395565032958984375";
                    1 = xpoint3:"-0.4073029458522796630859375,-0.908620357513427734375,0.092267923057079315185546875";
                    2 = xpoint3:"0.913015902042388916015625,-0.407584965229034423828125,0.01662640087306499481201171875";
                  }
                }
              }
            }
          }
        }
        #5 = {
          scale = fixp:"1";
          name = str:"Bone13";
          translation = xpoint3:"17.9750614166259765625,-3.9173653125762939453125,3.94623279571533203125";
          rotation = {
            0 = xpoint3:"-0.83607232570648193359375,-0.2160713970661163330078125,-0.501628816127777099609375";
            1 = xpoint3:"0.205775678157806396484375,-0.97412407398223876953125,0.07663929462432861328125";
            2 = xpoint3:"-0.505939424037933349609375,-0.0391197912395000457763671875,0.8615648746490478515625";
          }
          #0 = {
            scale = fixp:"1";
            name = str:"Bone14";
            translation = xpoint3:"-28.1136016845703125,0,0";
            rotation = {
              0 = xpoint3:"0.460543215274810791015625,-0.8545191287994384765625,-0.2385670840740203857421875";
              1 = xpoint3:"-0.34212410449981689453125,0.07786203920841217041015625,-0.935708582401275634765625";
              2 = xpoint3:"0.81857693195343017578125,0.512246549129486083984375,-0.2563438117504119873046875";
            }
            #0 = {
              scale = fixp:"1";
              name = str:"Bone15";
              translation = xpoint3:"-27.9697170257568359375,0,0";
              rotation = {
                0 = xpoint3:"-0.23346994817256927490234375,-0.732587635517120361328125,0.637978971004486083984375";
                1 = xpoint3:"-0.923304021358489990234375,0.3726098537445068359375,0.0880971848964691162109375";
                2 = xpoint3:"-0.302012383937835693359375,-0.5688292980194091796875,-0.7633235454559326171875";
              }
              #0 = {
                scale = fixp:"1";
                name = str:"Bone16";
                translation = xpoint3:"-65.67867279052734375,0,0";
                rotation = {
                  0 = xpoint3:"0.9559943675994873046875,-0.28273570537567138671875,0.07791955769062042236328125";
                  1 = xpoint3:"0.244648396968841552734375,0.9153754711151123046875,0.31954991817474365234375";
                  2 = xpoint3:"-0.161734640598297119140625,-0.286400973796844482421875,0.944317519664764404296875";
                }
                #0 = {
                  scale = fixp:"1";
                  name = str:"pt_foot@#2";
                  translation = xpoint3:"5.997824192047119140625,-0.797001659870147705078125,-2.296095371246337890625";
                  rotation = {
                    0 = xpoint3:"0.15635482966899871826171875,-0.3393221199512481689453125,0.927584826946258544921875";
                    1 = xpoint3:"-0.71015870571136474609375,-0.691328227519989013671875,-0.13319130241870880126953125";
                    2 = xpoint3:"0.686460316181182861328125,-0.637907326221466064453125,-0.3490650951862335205078125";
                  }
                }
                #1 = {
                  scale = fixp:"1";
                  name = str:"pt_footprint06";
                  translation = xpoint3:"0.626909732818603515625,0.00662793777883052825927734375,-0.3178485333919525146484375";
                  rotation = {
                    0 = xpoint3:"0.15550355613231658935546875,-0.338484346866607666015625,0.92803394794464111328125";
                    1 = xpoint3:"-0.709964931011199951171875,-0.6915149688720703125,-0.13325475156307220458984375";
                    2 = xpoint3:"0.68685400485992431640625,-0.6381499767303466796875,-0.3478450477123260498046875";
                  }
                }
              }
            }
          }
        }
        #6 = {
          scale = fixp:"1";
          name = str:"Bone05";
          translation = xpoint3:"11.22836780548095703125,12.0984134674072265625,2.107153415679931640625";
          rotation = {
            0 = xpoint3:"0.351777851581573486328125,-0.891042232513427734375,-0.285228788852691650390625";
            1 = xpoint3:"0.6283690929412841796875,0.4509877264499664306640625,-0.633218467235565185546875";
            2 = xpoint3:"0.6931550502777099609375,0.043095111846923828125,0.719215869903564453125";
          }
          #0 = {
            scale = fixp:"1";
            name = str:"Bone06";
            translation = xpoint3:"43.894977569580078125,0,0";
            rotation = {
              0 = xpoint3:"0.21683342754840850830078125,0.0300840325653553009033203125,0.97516238689422607421875";
              1 = xpoint3:"-0.06749992072582244873046875,0.997592508792877197265625,-0.01579481922090053558349609375";
              2 = xpoint3:"-0.97328853607177734375,-0.06245531141757965087890625,0.21834491193294525146484375";
            }
            #0 = {
              scale = fixp:"1";
              name = str:"Bone07";
              translation = xpoint3:"27.81890869140625,0,0";
              rotation = {
                0 = xpoint3:"0.105194605886936187744140625,-0.52320766448974609375,-0.844919621944427490234375";
                1 = xpoint3:"0.0593237578868865966796875,0.852068960666656494140625,-0.5198504924774169921875";
                2 = xpoint3:"0.992026269435882568359375,0.00418746471405029296875,0.120790369808673858642578125";
              }
              #0 = {
                scale = fixp:"1";
                name = str:"Bone08";
                translation = xpoint3:"59.667407989501953125,0,0";
                rotation = {
                  0 = xpoint3:"0.94138300418853759765625,0,-0.3372135460376739501953125";
                  1 = xpoint3:"0.1439347565174102783203125,0.904398620128631591796875,0.401506125926971435546875";
                  2 = xpoint3:"0.3049520552158355712890625,-0.42652595043182373046875,0.851389586925506591796875";
                }
                #0 = {
                  scale = fixp:"1";
                  name = str:"pt_foot@#3";
                  translation = xpoint3:"-5.600684642791748046875,-0.3184294402599334716796875,-1.83753669261932373046875";
                  rotation = {
                    0 = xpoint3:"-0.17626893520355224609375,0.2995425760746002197265625,-0.937658488750457763671875";
                    1 = xpoint3:"0.915346324443817138671875,0.400232374668121337890625,-0.044217027723789215087890625";
                    2 = xpoint3:"0.362036406993865966796875,-0.866076409816741943359375,-0.3447337448596954345703125";
                  }
                }
                #1 = {
                  scale = fixp:"1";
                  name = str:"pt_footprint05";
                  translation = xpoint3:"-0.15480302274227142333984375,-0.0307396948337554931640625,0.077982403337955474853515625";
                  rotation = {
                    0 = xpoint3:"-0.1754043400287628173828125,0.2986939251422882080078125,-0.938091337680816650390625";
                    1 = xpoint3:"0.915349423885345458984375,0.4002821147441864013671875,-0.043699838221073150634765625";
                    2 = xpoint3:"0.3624483048915863037109375,-0.86634647846221923828125,-0.3436205387115478515625";
                  }
                }
              }
            }
          }
        }
        #7 = {
          scale = fixp:"1";
          name = str:"pt_center";
          translation = xpoint3:"0.23155319690704345703125,-0.25284636020660400390625,-17.3533382415771484375";
          rotation = {
            0 = xpoint3:"1,0,0";
            1 = xpoint3:"0,-1,0";
            2 = xpoint3:"0,0,-1";
          }
        }
        #8 = {
          scale = fixp:"1";
          name = str:"pt_cast";
          translation = xpoint3:"-0.0404470451176166534423828125,-31.094390869140625,-17.55303192138671875";
          rotation = {
            0 = xpoint3:"1,0,0";
            1 = xpoint3:"0,-1,0";
            2 = xpoint3:"0,0,-1";
          }
        }
      }
      #1 = {
        scale = fixp:"1";
        name = str:"pt_ground";
        translation = xpoint3:"0,0,0";
        rotation = {
          0 = xpoint3:"1,0,0";
          1 = xpoint3:"0,1,0";
          2 = xpoint3:"0,0,1";
        }
      }
      #2 = {
        scale = fixp:"1";
        name = str:"pt_top";
        translation = xpoint3:"-0.901785910129547119140625,15.74459171295166015625,169.7956390380859375";
        rotation = {
          0 = xpoint3:"0,0,1";
          1 = xpoint3:"0,-1,0";
          2 = xpoint3:"1,0,0";
        }
      }
      #3 = {
        scale = fixp:"1";
        name = str:"pt_aim";
        translation = xpoint3:"0.06265699863433837890625,-53.87337493896484375,56.321285247802734375";
        rotation = {
          0 = xpoint3:"1,0,0";
          1 = xpoint3:"0,1,0";
          2 = xpoint3:"0,0,1";
        }
      }
    }
  }
  #3 = {
    scale = fixp:"1";
    name = str:"IK Chain02";
    translation = xpoint3:"54.95532989501953125,112.17952728271484375,0.667179107666015625";
    rotation = {
      0 = xpoint3:"-1,0,0";
      1 = xpoint3:"0,-1,0";
      2 = xpoint3:"0,0,1";
    }
    #0 = {
      scale = fixp:"1";
      name = str:"pt_foot";
      translation = xpoint3:"0.15818201005458831787109375,-0.13925015926361083984375,5.16902923583984375";
      rotation = {
        0 = xpoint3:"-0.999988615512847900390625,0,0.0047367014922201633453369140625";
        1 = xpoint3:"0,-0.99999105930328369140625,-0.00417942740023136138916015625";
        2 = xpoint3:"0.0047341887839138507843017578125,-0.00418227352201938629150390625,0.999980032444000244140625";
      }
    }
  }
}