model = {
  file = str:"data\models\units\kohunits\archer.nif";
  animation = {
    loop = fixp:"0";
    duration = fixp:"15.8333339691162109375";
  }
  #0 = {
    scale = fixp:"1";
    name = str:"ROOT";
    translation = xpoint3:"-0.259846985340118408203125,1.5056860446929931640625,0";
    rotation = {
      0 = xpoint3:"1,0,0";
      1 = xpoint3:"0,1,0";
      2 = xpoint3:"0,0,1";
    }
    #0 = {
      scale = fixp:"1";
      name = str:"ROOT NonAccum";
      translation = xpoint3:"0,0,0";
      rotation = {
        0 = xpoint3:"1,0,0";
        1 = xpoint3:"0,1,0";
        2 = xpoint3:"0,0,1";
      }
      #0 = {
        scale = fixp:"1";
        name = str:"Pelvis";
        translation = xpoint3:"-0.032689869403839111328125,2.7013671398162841796875,97.2520904541015625";
        rotation = {
          0 = xpoint3:"-0.0220997892320156097412109375,-0.22523660957813262939453125,0.97405326366424560546875";
          1 = xpoint3:"0,-0.974289476871490478515625,-0.2252981662750244140625";
          2 = xpoint3:"0.9997556209564208984375,-0.005274944007396697998046875,0.0214635170996189117431640625";
        }
        #0 = {
          scale = fixp:"1";
          name = str:"L_Thigh";
          translation = xpoint3:"-0.456005871295928955078125,-0.659957408905029296875,10.469417572021484375";
          rotation = {
            0 = xpoint3:"-0.887349426746368408203125,0.4570546448230743408203125,-0.03120052814483642578125";
            1 = xpoint3:"0.4298530519008636474609375,0.855607807636260986328125,0.288014113903045654296875";
            2 = xpoint3:"0.15842591226100921630859375,0.242542445659637451171875,-0.95563423633575439453125";
          }
          #0 = {
            scale = fixp:"1";
            name = str:"L_Leg";
            translation = xpoint3:"44.850292205810546875,1.0047247409820556640625,0.0487813688814640045166015625";
            rotation = {
              0 = xpoint3:"0.81700611114501953125,0.576398670673370361328125,0";
              1 = xpoint3:"-0.576398313045501708984375,0.817005932331085205078125,0";
              2 = xpoint3:"0,0,0.99999964237213134765625";
            }
            #0 = {
              scale = fixp:"1";
              name = str:"L_Foot";
              translation = xpoint3:"48.21968841552734375,0.0474378168582916259765625,-0.060996167361736297607421875";
              rotation = {
                0 = xpoint3:"0.990683853626251220703125,-0.12726373970508575439453125,-0.048330999910831451416015625";
                1 = xpoint3:"0.13030926883220672607421875,0.989257156848907470703125,0.066138051450252532958984375";
                2 = xpoint3:"0.039388321340084075927734375,-0.071824006736278533935546875,0.996636867523193359375";
              }
            }
          }
        }
        #1 = {
          scale = fixp:"1";
          name = str:"R_Thigh";
          translation = xpoint3:"-0.4563950598239898681640625,-0.659761965274810791015625,-10.6442546844482421875";
          rotation = {
            0 = xpoint3:"-0.96954667568206787109375,-0.0120980553328990936279296875,0.23869390785694122314453125";
            1 = xpoint3:"-0.0697852671146392822265625,0.96956920623779296875,-0.2345664799213409423828125";
            2 = xpoint3:"-0.22858513891696929931640625,-0.2444280087947845458984375,-0.94084393978118896484375";
          }
          #0 = {
            scale = fixp:"1";
            name = str:"R_Leg";
            translation = xpoint3:"44.850406646728515625,1.0222904682159423828125,-0.2232681214809417724609375";
            rotation = {
              0 = xpoint3:"0.932953298091888427734375,0.3598515093326568603515625,-0.002786262892186641693115234375";
              1 = xpoint3:"-0.3598505556583404541015625,0.9329574108123779296875,0";
              2 = xpoint3:"0.00290367193520069122314453125,0,0.999995768070220947265625";
            }
            #0 = {
              scale = fixp:"1";
              name = str:"R_Foot";
              translation = xpoint3:"48.2192840576171875,0.047842435538768768310546875,0.0612222887575626373291015625";
              rotation = {
                0 = xpoint3:"0.91633498668670654296875,-0.2528310716152191162109375,0.31029856204986572265625";
                1 = xpoint3:"0.3122828304767608642578125,0.93654668331146240234375,-0.15895812213420867919921875";
                2 = xpoint3:"-0.250376045703887939453125,0.24262051284313201904296875,0.9372065067291259765625";
              }
            }
          }
        }
        #2 = {
          scale = fixp:"1";
          name = str:"Spine";
          translation = xpoint3:"8.7411518096923828125,0,0";
          rotation = {
            0 = xpoint3:"0.99514281749725341796875,0.098199121654033660888671875,0.0069070025347173213958740234375";
            1 = xpoint3:"-0.096843786537647247314453125,0.963985979557037353515625,0.24769400060176849365234375";
            2 = xpoint3:"0.017665080726146697998046875,-0.24715979397296905517578125,0.968813717365264892578125";
          }
          #0 = {
            scale = fixp:"1";
            name = str:"L_Arm1";
            translation = xpoint3:"39.8675689697265625,-2.3331625461578369140625,16.12127685546875";
            rotation = {
              0 = xpoint3:"-0.870871484279632568359375,0.374570071697235107421875,0.3139515221118927001953125";
              1 = xpoint3:"-0.06832964718341827392578125,-0.7282612323760986328125,0.68004333972930908203125";
              2 = xpoint3:"0.4839414656162261962890625,0.571686267852783203125,0.66218221187591552734375";
            }
            #0 = {
              scale = fixp:"1";
              name = str:"L_Arm2";
              translation = xpoint3:"31.219234466552734375,-0.145433247089385986328125,2.448189258575439453125";
              rotation = {
                0 = xpoint3:"0.655931532382965087890625,0.743408381938934326171875,-0.128835141658782958984375";
                1 = xpoint3:"-0.732568681240081787109375,0.6683843135833740234375,0.1269815266132354736328125";
                2 = xpoint3:"0.1805480420589447021484375,0.01118965446949005126953125,0.98349034786224365234375";
              }
              #0 = {
                scale = fixp:"1";
                name = str:"L_Hand";
                translation = xpoint3:"29.14511871337890625,-0.99179351329803466796875,0.66094696521759033203125";
                rotation = {
                  0 = xpoint3:"0.809197485446929931640625,-0.4337813854217529296875,-0.395924508571624755859375";
                  1 = xpoint3:"0.24143646657466888427734375,-0.36789095401763916015625,0.896871984004974365234375";
                  2 = xpoint3:"-0.53537929058074951171875,-0.821282327175140380859375,-0.192700207233428955078125";
                }
                #0 = {
                  scale = fixp:"1";
                  name = str:"Bow";
                  translation = xpoint3:"8.10736560821533203125,1.02873432636260986328125,-5.7356357574462890625";
                  rotation = {
                    0 = xpoint3:"0.0149925053119659423828125,0.829184234142303466796875,0.55877435207366943359375";
                    1 = xpoint3:"-0.121723234653472900390625,-0.55316722393035888671875,0.824129581451416015625";
                    2 = xpoint3:"0.99245083332061767578125,-0.0803716182708740234375,0.0926375687122344970703125";
                  }
                  #0 = {
                    scale = fixp:"1";
                    name = str:"BowString";
                    translation = xpoint3:"3.69292354583740234375,-25.7303619384765625,1.41469371318817138671875";
                    rotation = {
                      0 = xpoint3:"0.0027431710623204708099365234375,-0.999996244907379150390625,0";
                      1 = xpoint3:"0.987432539463043212890625,0.002708767540752887725830078125,0.15801823139190673828125";
                      2 = xpoint3:"-0.158017635345458984375,0,0.98743617534637451171875";
                    }
                    #0 = {
                      scale = fixp:"0.00009999983012676239013671875";
                      name = str:"Arrow";
                      translation = xpoint3:"-1.9232766628265380859375,3.119573116302490234375,0.16654598712921142578125";
                      rotation = {
                        0 = xpoint3:"0.99873292446136474609375,0.04919521510601043701171875,-0.010600070469081401824951171875";
                        1 = xpoint3:"0.050125353038311004638671875,-0.99117600917816162109375,0.12270867824554443359375";
                        2 = xpoint3:"-0.00446985661983489990234375,-0.12308453023433685302734375,-0.992386043071746826171875";
                      }
                    }
                  }
                  #1 = {
                    scale = fixp:"1";
                    name = str:"pt_shoot_1";
                    translation = xpoint3:"3.187690258026123046875,0.36704814434051513671875,0.3331332504749298095703125";
                    rotation = {
                      0 = xpoint3:"0.10310237109661102294921875,-0.02100718021392822265625,-0.9944489002227783203125";
                      1 = xpoint3:"0.07429434359073638916015625,-0.996821582317352294921875,0.0287599824368953704833984375";
                      2 = xpoint3:"-0.991892278194427490234375,-0.076847143471240997314453125,-0.10121394693851470947265625";
                    }
                  }
                }
              }
            }
          }
          #1 = {
            scale = fixp:"1";
            name = str:"Neck";
            translation = xpoint3:"48.16262054443359375,0.0713795721530914306640625,-0.0448278598487377166748046875";
            rotation = {
              0 = xpoint3:"0.977501451969146728515625,-0.21092875301837921142578125,0";
              1 = xpoint3:"0.21092875301837921142578125,0.977501451969146728515625,0";
              2 = xpoint3:"0,0,1";
            }
            #0 = {
              scale = fixp:"1.00000011920928955078125";
              name = str:"Head";
              translation = xpoint3:"8.92512226104736328125,0.466429173946380615234375,0.3940538465976715087890625";
              rotation = {
                0 = xpoint3:"0.9854640960693359375,-0.129095256328582763671875,-0.110430777072906494140625";
                1 = xpoint3:"0.0680947005748748779296875,0.895697414875030517578125,-0.439419209957122802734375";
                2 = xpoint3:"0.1556394994258880615234375,0.4255120754241943359375,0.891468346118927001953125";
              }
            }
          }
          #2 = {
            scale = fixp:"1";
            name = str:"R_Arm1";
            translation = xpoint3:"39.90810394287109375,-2.3269631862640380859375,-16.7958774566650390625";
            rotation = {
              0 = xpoint3:"-0.851837694644927978515625,0.50585258007049560546875,-0.125691115856170654296875";
              1 = xpoint3:"-0.2486357986927032470703125,-0.605741798877716064453125,-0.75427234172821044921875";
              2 = xpoint3:"-0.4581105709075927734375,-0.61225783824920654296875,0.64401733875274658203125";
            }
            #0 = {
              scale = fixp:"1";
              name = str:"R_Arm2";
              translation = xpoint3:"30.802310943603515625,-0.161396443843841552734375,-1.531750202178955078125";
              rotation = {
                0 = xpoint3:"0.724351227283477783203125,0.66372597217559814453125,0.18542706966400146484375";
                1 = xpoint3:"-0.64355480670928955078125,0.747728884220123291015625,-0.1623966693878173828125";
                2 = xpoint3:"-0.24648034572601318359375,-0.001819409430027008056640625,0.969122946262359619140625";
              }
              #0 = {
                scale = fixp:"1";
                name = str:"R_Hand";
                translation = xpoint3:"29.194858551025390625,-0.981216371059417724609375,-0.4510364532470703125";
                rotation = {
                  0 = xpoint3:"0.693180084228515625,-0.57243251800537109375,0.437466800212860107421875";
                  1 = xpoint3:"0.3379241526126861572265625,-0.2770974636077880859375,-0.89842700958251953125";
                  2 = xpoint3:"0.636288821697235107421875,0.7705094814300537109375,0.001785264350473880767822265625";
                }
                #0 = {
                  scale = fixp:"0.00009999983012676239013671875";
                  name = str:"ShortSword";
                  translation = xpoint3:"6.6651668548583984375,1.77237224578857421875,0.19574670493602752685546875";
                  rotation = {
                    0 = xpoint3:"0.2442254722118377685546875,0.249466121196746826171875,-0.937080860137939453125";
                    1 = xpoint3:"0.967721760272979736328125,-0.12467920780181884765625,0.21901953220367431640625";
                    2 = xpoint3:"-0.0621965825557708740234375,-0.96032369136810302734375,-0.2718636095523834228515625";
                  }
                }
              }
            }
          }
        }
      }
    }
  }
  #1 = {
    scale = fixp:"1";
    name = str:"default";
    translation = xpoint3:"0,0,0";
    rotation = {
      0 = xpoint3:"1,0,0";
      1 = xpoint3:"0,1,0";
      2 = xpoint3:"0,0,1";
    }
  }
}