model = {
  file = str:"data\models\units\kohunits\halberdier1.nif";
  animation = {
    loop = fixp:"0";
    duration = fixp:"16.6333332061767578125";
  }
  #2 = {
    scale = fixp:"1";
    name = str:"ROOT";
    translation = xpoint3:"-0.259846985340118408203125,1.5056860446929931640625,0";
    rotation = {
      0 = xpoint3:"1,0,0";
      1 = xpoint3:"0,1,0";
      2 = xpoint3:"0,0,1";
    }
    #0 = {
      scale = fixp:"1";
      name = str:"ROOT NonAccum";
      translation = xpoint3:"0,0,0";
      rotation = {
        0 = xpoint3:"1,0,0";
        1 = xpoint3:"0,1,0";
        2 = xpoint3:"0,0,1";
      }
      #0 = {
        scale = fixp:"1";
        name = str:"Pelvis";
        translation = xpoint3:"0.259846985340118408203125,-1.50567305088043212890625,100";
        rotation = {
          0 = xpoint3:"-0.0118544101715087890625,0,0.9999296665191650390625";
          1 = xpoint3:"0,-0.999999940395355224609375,0";
          2 = xpoint3:"0.9999296665191650390625,0,0.011854469776153564453125";
        }
        #0 = {
          scale = fixp:"1";
          name = str:"L_Thigh";
          translation = xpoint3:"-0.456004917621612548828125,-0.6599578857421875,10.46941661834716796875";
          rotation = {
            0 = xpoint3:"-0.998000800609588623046875,-0.006826424039900302886962890625,-0.032377727329730987548828125";
            1 = xpoint3:"-0.009714203886687755584716796875,0.995907306671142578125,0.08982409536838531494140625";
            2 = xpoint3:"0.0316314995288848876953125,0.0900895893573760986328125,-0.99397671222686767578125";
          }
          #0 = {
            scale = fixp:"1";
            name = str:"L_Leg";
            translation = xpoint3:"45.689861297607421875,1.0378010272979736328125,0.165432751178741455078125";
            rotation = {
              0 = xpoint3:"0.9895484447479248046875,0.14414311945438385009765625,-0.00122892088256776332855224609375";
              1 = xpoint3:"-0.14414308965206146240234375,0.989549160003662109375,0";
              2 = xpoint3:"0.00123093905858695507049560546875,0,0.999999225139617919921875";
            }
            #0 = {
              scale = fixp:"1";
              name = str:"L_Foot";
              translation = xpoint3:"46.469425201416015625,0.04744274914264678955078125,-0.0609951913356781005859375";
              rotation = {
                0 = xpoint3:"0.994497358798980712890625,-0.051275707781314849853515625,0.091311864554882049560546875";
                1 = xpoint3:"0.02144454419612884521484375,0.953198909759521484375,0.301469743251800537109375";
                2 = xpoint3:"-0.102504573762416839599609375,-0.297850072383880615234375,0.94905436038970947265625";
              }
            }
          }
        }
        #1 = {
          scale = fixp:"1";
          name = str:"R_Thigh";
          translation = xpoint3:"-0.456393718719482421875,-0.65976202487945556640625,-10.6442546844482421875";
          rotation = {
            0 = xpoint3:"-0.9563271999359130859375,0.24975018203258514404296875,0.1422123610973358154296875";
            1 = xpoint3:"0.17809768021106719970703125,0.90417957305908203125,-0.3880741298198699951171875";
            2 = xpoint3:"-0.2255675494670867919921875,-0.3463309705257415771484375,-0.909067630767822265625";
          }
          #0 = {
            scale = fixp:"1";
            name = str:"R_Leg";
            translation = xpoint3:"45.689472198486328125,1.0372908115386962890625,-0.34058094024658203125";
            rotation = {
              0 = xpoint3:"0.920666754245758056640625,0.3901322185993194580078125,-0.007376999594271183013916015625";
              1 = xpoint3:"-0.3901220262050628662109375,0.920696318149566650390625,0.0028302189894020557403564453125";
              2 = xpoint3:"0.0078965127468109130859375,0,0.9999687671661376953125";
            }
            #0 = {
              scale = fixp:"1";
              name = str:"R_Foot";
              translation = xpoint3:"46.46893310546875,0.04784882068634033203125,0.061222732067108154296875";
              rotation = {
                0 = xpoint3:"0.994093120098114013671875,-0.10796104371547698974609375,-0.0107089392840862274169921875";
                1 = xpoint3:"0.10848535597324371337890625,0.990185558795928955078125,0.08802978694438934326171875";
                2 = xpoint3:"0.001093071885406970977783203125,-0.08867204189300537109375,0.99605739116668701171875";
              }
            }
          }
        }
        #2 = {
          scale = fixp:"1.00000011920928955078125";
          name = str:"Spine";
          translation = xpoint3:"8.74115276336669921875,0,0";
          rotation = {
            0 = xpoint3:"0.99514281749725341796875,0.09681379795074462890625,-0.01782876066863536834716796875";
            1 = xpoint3:"-0.09684379398822784423828125,0.995299279689788818359375,0";
            2 = xpoint3:"0.01766507886350154876708984375,0.002547599375247955322265625,0.99984073638916015625";
          }
          #0 = {
            scale = fixp:"1";
            name = str:"L_Arm1";
            translation = xpoint3:"39.867557525634765625,-2.333163738250732421875,16.1212749481201171875";
            rotation = {
              0 = xpoint3:"-0.8565223217010498046875,-0.0122829712927341461181640625,0.51334655284881591796875";
              1 = xpoint3:"-0.127806246280670166015625,-0.961721360683441162109375,-0.23645496368408203125";
              2 = xpoint3:"0.497334003448486328125,-0.268504202365875244140625,0.82480919361114501953125";
            }
            #0 = {
              scale = fixp:"1";
              name = str:"L_Arm2";
              translation = xpoint3:"31.21923828125,-0.1454355418682098388671875,2.4481942653656005859375";
              rotation = {
                0 = xpoint3:"-0.06631670892238616943359375,0.99687099456787109375,-0.017409197986125946044921875";
                1 = xpoint3:"-0.98135745525360107421875,-0.0621723420917987823486328125,0.177569210529327392578125";
                2 = xpoint3:"0.176046311855316162109375,0.02901034057140350341796875,0.983942449092864990234375";
              }
              #0 = {
                scale = fixp:"1";
                name = str:"L_Hand";
                translation = xpoint3:"29.145122528076171875,-0.991794109344482421875,0.66094577312469482421875";
                rotation = {
                  0 = xpoint3:"0.978890478610992431640625,-0.0692503750324249267578125,0.1922166049480438232421875";
                  1 = xpoint3:"-0.204082489013671875,-0.286033689975738525390625,0.935237467288970947265625";
                  2 = xpoint3:"-0.009652681648731231689453125,-0.954737246036529541015625,-0.29411900043487548828125";
                }
                #0 = {
                  scale = fixp:"1";
                  name = str:"Dummy05";
                  translation = xpoint3:"0,0,0";
                  rotation = {
                    0 = xpoint3:"0.51208782196044921875,0.090237893164157867431640625,0.854179859161376953125";
                    1 = xpoint3:"-0.263111531734466552734375,0.96313941478729248046875,0.055988848209381103515625";
                    2 = xpoint3:"-0.8176419734954833984375,-0.253415763378143310546875,0.516954600811004638671875";
                  }
                  #0 = {
                    scale = fixp:"1";
                    name = str:"Weapon";
                    translation = xpoint3:"-132.236358642578125,-0.202113687992095947265625,2.01153469085693359375";
                    rotation = {
                      0 = xpoint3:"1,0,0";
                      1 = xpoint3:"0,1,0";
                      2 = xpoint3:"0,0,1";
                    }
                  }
                }
              }
            }
          }
          #1 = {
            scale = fixp:"1";
            name = str:"Neck";
            translation = xpoint3:"48.16262054443359375,0.071381032466888427734375,-0.044828020036220550537109375";
            rotation = {
              0 = xpoint3:"0.977501451969146728515625,-0.21092875301837921142578125,0";
              1 = xpoint3:"0.21092875301837921142578125,0.977501451969146728515625,0";
              2 = xpoint3:"0,0,1";
            }
            #0 = {
              scale = fixp:"1.00000011920928955078125";
              name = str:"Head";
              translation = xpoint3:"8.92511081695556640625,0.466430187225341796875,0.3940538465976715087890625";
              rotation = {
                0 = xpoint3:"0.991353332996368408203125,-0.130921185016632080078125,-0.008844955824315547943115234375";
                1 = xpoint3:"0.1311286985874176025390625,0.99092209339141845703125,0.029641352593898773193359375";
                2 = xpoint3:"0.004883981309831142425537109375,-0.0305448807775974273681640625,0.999521434307098388671875";
              }
            }
          }
          #2 = {
            scale = fixp:"1";
            name = str:"R_Arm1";
            translation = xpoint3:"39.908111572265625,-2.3269622325897216796875,-16.7958774566650390625";
            rotation = {
              0 = xpoint3:"-0.7353537082672119140625,0.675815761089324951171875,0.0031317174434661865234375";
              1 = xpoint3:"-0.446837604045867919921875,-0.482472717761993408203125,-0.751934230327606201171875";
              2 = xpoint3:"-0.5070235729217529296875,-0.555285394191741943359375,0.6588551998138427734375";
            }
            #0 = {
              scale = fixp:"1";
              name = str:"R_Arm2";
              translation = xpoint3:"30.802303314208984375,-0.161405086517333984375,-1.5317695140838623046875";
              rotation = {
                0 = xpoint3:"0.6256186962127685546875,0.758691012859344482421875,0.180127561092376708984375";
                1 = xpoint3:"-0.730273783206939697265625,0.651055037975311279296875,-0.2057210505008697509765625";
                2 = xpoint3:"-0.2734193503856658935546875,-0.002990953624248504638671875,0.96186149120330810546875";
              }
              #0 = {
                scale = fixp:"1";
                name = str:"R_Hand";
                translation = xpoint3:"29.194858551025390625,-0.98121583461761474609375,-0.45103824138641357421875";
                rotation = {
                  0 = xpoint3:"0.960478007793426513671875,-0.24704308807849884033203125,-0.1280405223369598388671875";
                  1 = xpoint3:"-0.16423828899860382080078125,-0.13104613125324249267578125,-0.9768373966217041015625";
                  2 = xpoint3:"0.224611759185791015625,0.95924723148345947265625,-0.1664378643035888671875";
                }
              }
            }
          }
        }
      }
    }
  }
}