model = {
  file = str:"data\models\units\kohunits\halberdier.nif";
  animation = {
    loop = fixp:"0";
    duration = fixp:"16.6333332061767578125";
  }
  #2 = {
    scale = fixp:"1";
    name = str:"ROOT";
    translation = xpoint3:"-0.259846985340118408203125,1.5056860446929931640625,0";
    rotation = {
      0 = xpoint3:"1,0,0";
      1 = xpoint3:"0,1,0";
      2 = xpoint3:"0,0,1";
    }
    #0 = {
      scale = fixp:"1";
      name = str:"ROOT NonAccum";
      translation = xpoint3:"0,0,0";
      rotation = {
        0 = xpoint3:"1,0,0";
        1 = xpoint3:"0,1,0";
        2 = xpoint3:"0,0,1";
      }
      #0 = {
        scale = fixp:"1";
        name = str:"Pelvis";
        translation = xpoint3:"0.259846985340118408203125,-1.50567305088043212890625,100";
        rotation = {
          0 = xpoint3:"-0.0118544101715087890625,0,0.9999296665191650390625";
          1 = xpoint3:"0,-0.999999940395355224609375,0";
          2 = xpoint3:"0.9999296665191650390625,0,0.011854469776153564453125";
        }
        #0 = {
          scale = fixp:"1";
          name = str:"L_Thigh";
          translation = xpoint3:"-0.456004917621612548828125,-0.6599578857421875,10.46941661834716796875";
          rotation = {
            0 = xpoint3:"-0.998000800609588623046875,-0.006826424039900302886962890625,-0.032377727329730987548828125";
            1 = xpoint3:"-0.009714203886687755584716796875,0.995907306671142578125,0.08982409536838531494140625";
            2 = xpoint3:"0.0316314995288848876953125,0.0900895893573760986328125,-0.99397671222686767578125";
          }
          #0 = {
            scale = fixp:"1";
            name = str:"L_Leg";
            translation = xpoint3:"45.6898651123046875,1.03780043125152587890625,0.16543374955654144287109375";
            rotation = {
              0 = xpoint3:"0.9895484447479248046875,0.1441431343555450439453125,-0.001228916458785533905029296875";
              1 = xpoint3:"-0.14414310455322265625,0.989549160003662109375,0";
              2 = xpoint3:"0.0012309351004660129547119140625,0,0.999999225139617919921875";
            }
            #0 = {
              scale = fixp:"1";
              name = str:"L_Foot";
              translation = xpoint3:"46.46942901611328125,0.047441475093364715576171875,-0.0609947927296161651611328125";
              rotation = {
                0 = xpoint3:"0.994497358798980712890625,-0.0512756966054439544677734375,0.0913118422031402587890625";
                1 = xpoint3:"0.0214445404708385467529296875,0.953198909759521484375,0.301469743251800537109375";
                2 = xpoint3:"-0.10250453650951385498046875,-0.297850072383880615234375,0.94905436038970947265625";
              }
            }
          }
        }
        #1 = {
          scale = fixp:"1";
          name = str:"R_Thigh";
          translation = xpoint3:"-0.456393718719482421875,-0.65976202487945556640625,-10.6442546844482421875";
          rotation = {
            0 = xpoint3:"-0.9563271999359130859375,0.24975018203258514404296875,0.1422123610973358154296875";
            1 = xpoint3:"0.17809768021106719970703125,0.90417957305908203125,-0.3880741298198699951171875";
            2 = xpoint3:"-0.2255675494670867919921875,-0.3463309705257415771484375,-0.909067630767822265625";
          }
          #0 = {
            scale = fixp:"1";
            name = str:"R_Leg";
            translation = xpoint3:"45.68947601318359375,1.0372898578643798828125,-0.340582072734832763671875";
            rotation = {
              0 = xpoint3:"0.920666754245758056640625,0.3901322185993194580078125,-0.007376990281045436859130859375";
              1 = xpoint3:"-0.3901220262050628662109375,0.920696318149566650390625,0.0028302003629505634307861328125";
              2 = xpoint3:"0.007896496914327144622802734375,0,0.9999687671661376953125";
            }
            #0 = {
              scale = fixp:"1";
              name = str:"R_Foot";
              translation = xpoint3:"46.468936920166015625,0.0478479377925395965576171875,0.0612224675714969635009765625";
              rotation = {
                0 = xpoint3:"0.994093120098114013671875,-0.10796104371547698974609375,-0.010708943940699100494384765625";
                1 = xpoint3:"0.10848535597324371337890625,0.990185558795928955078125,0.08802978694438934326171875";
                2 = xpoint3:"0.00109307654201984405517578125,-0.08867204189300537109375,0.99605739116668701171875";
              }
            }
          }
        }
        #2 = {
          scale = fixp:"1.00000011920928955078125";
          name = str:"Spine";
          translation = xpoint3:"8.74115276336669921875,0,0";
          rotation = {
            0 = xpoint3:"0.99514281749725341796875,0.09681379795074462890625,-0.01782876066863536834716796875";
            1 = xpoint3:"-0.09684379398822784423828125,0.995299279689788818359375,0";
            2 = xpoint3:"0.01766507886350154876708984375,0.002547599375247955322265625,0.99984073638916015625";
          }
          #0 = {
            scale = fixp:"1";
            name = str:"L_Arm1";
            translation = xpoint3:"39.867557525634765625,-2.333163738250732421875,16.1212749481201171875";
            rotation = {
              0 = xpoint3:"-0.8565223217010498046875,-0.0122832022607326507568359375,0.513346493244171142578125";
              1 = xpoint3:"-0.1278060376644134521484375,-0.961721360683441162109375,-0.23645508289337158203125";
              2 = xpoint3:"0.4973340332508087158203125,-0.268504202365875244140625,0.824809134006500244140625";
            }
            #0 = {
              scale = fixp:"1";
              name = str:"L_Arm2";
              translation = xpoint3:"31.219219207763671875,-0.1454416811466217041015625,2.4481906890869140625";
              rotation = {
                0 = xpoint3:"-0.06631672382354736328125,0.99687099456787109375,-0.017409153282642364501953125";
                1 = xpoint3:"-0.98135745525360107421875,-0.062172360718250274658203125,0.17756940424442291259765625";
                2 = xpoint3:"0.1760465204715728759765625,0.029010295867919921875,0.983942449092864990234375";
              }
              #0 = {
                scale = fixp:"1";
                name = str:"L_Hand";
                translation = xpoint3:"29.1451206207275390625,-0.991789281368255615234375,0.660953104496002197265625";
                rotation = {
                  0 = xpoint3:"0.978890478610992431640625,-0.069250307977199554443359375,0.192216575145721435546875";
                  1 = xpoint3:"-0.204082429409027099609375,-0.286033689975738525390625,0.935237467288970947265625";
                  2 = xpoint3:"-0.009652636945247650146484375,-0.954737246036529541015625,-0.29411900043487548828125";
                }
                #0 = {
                  scale = fixp:"1";
                  name = str:"Dummy05";
                  translation = xpoint3:"0,0,0";
                  rotation = {
                    0 = xpoint3:"0.51208782196044921875,0.090237893164157867431640625,0.854179859161376953125";
                    1 = xpoint3:"-0.263111531734466552734375,0.96313941478729248046875,0.055988848209381103515625";
                    2 = xpoint3:"-0.8176419734954833984375,-0.253415763378143310546875,0.516954600811004638671875";
                  }
                  #0 = {
                    scale = fixp:"1";
                    name = str:"Weapon";
                    translation = xpoint3:"-132.2363739013671875,-0.2020615637302398681640625,2.0115263462066650390625";
                    rotation = {
                      0 = xpoint3:"1,0,0";
                      1 = xpoint3:"0,1,0";
                      2 = xpoint3:"0,0,1";
                    }
                  }
                }
              }
            }
          }
          #1 = {
            scale = fixp:"1";
            name = str:"Neck";
            translation = xpoint3:"48.16262054443359375,0.071381032466888427734375,-0.044828020036220550537109375";
            rotation = {
              0 = xpoint3:"0.977501451969146728515625,-0.21092875301837921142578125,0";
              1 = xpoint3:"0.21092875301837921142578125,0.977501451969146728515625,0";
              2 = xpoint3:"0,0,1";
            }
            #0 = {
              scale = fixp:"1.00000011920928955078125";
              name = str:"Head";
              translation = xpoint3:"8.92511081695556640625,0.466430187225341796875,0.3940538465976715087890625";
              rotation = {
                0 = xpoint3:"0.991353332996368408203125,-0.130921185016632080078125,-0.008844955824315547943115234375";
                1 = xpoint3:"0.1311286985874176025390625,0.99092209339141845703125,0.029641352593898773193359375";
                2 = xpoint3:"0.004883981309831142425537109375,-0.0305448807775974273681640625,0.999521434307098388671875";
              }
            }
          }
          #2 = {
            scale = fixp:"1";
            name = str:"R_Arm1";
            translation = xpoint3:"39.908111572265625,-2.3269622325897216796875,-16.7958774566650390625";
            rotation = {
              0 = xpoint3:"-0.73535335063934326171875,0.675815880298614501953125,0.003131330013275146484375";
              1 = xpoint3:"-0.4468372762203216552734375,-0.4824725091457366943359375,-0.7519342899322509765625";
              2 = xpoint3:"-0.507023990154266357421875,-0.5552852153778076171875,0.658854961395263671875";
            }
            #0 = {
              scale = fixp:"1";
              name = str:"R_Arm2";
              translation = xpoint3:"30.80230712890625,-0.16140170395374298095703125,-1.531758785247802734375";
              rotation = {
                0 = xpoint3:"0.62561833858489990234375,0.75869143009185791015625,0.18012695014476776123046875";
                1 = xpoint3:"-0.73027431964874267578125,0.65105450153350830078125,-0.2057209312915802001953125";
                2 = xpoint3:"-0.2734188735485076904296875,-0.00299070775508880615234375,0.961861670017242431640625";
              }
              #0 = {
                scale = fixp:"1";
                name = str:"R_Hand";
                translation = xpoint3:"29.1948699951171875,-0.9812183380126953125,-0.4510249793529510498046875";
                rotation = {
                  0 = xpoint3:"0.960478007793426513671875,-0.24704305827617645263671875,-0.12804050743579864501953125";
                  1 = xpoint3:"-0.16423825919628143310546875,-0.13104613125324249267578125,-0.9768373966217041015625";
                  2 = xpoint3:"0.22461174428462982177734375,0.95924723148345947265625,-0.16643784940242767333984375";
                }
              }
            }
          }
        }
      }
    }
  }
}