model = {
  file = str:"data\models\units\kohunits\horse.nif";
  animation = {
    loop = fixp:"0";
    duration = fixp:"16.5";
  }
  #1 = {
    scale = fixp:"1";
    name = str:"ROOT";
    translation = xpoint3:"0,0,0";
    rotation = {
      0 = xpoint3:"1,0,0";
      1 = xpoint3:"0,1,0";
      2 = xpoint3:"0,0,1";
    }
    #0 = {
      scale = fixp:"1";
      name = str:"ROOT NonAccum";
      translation = xpoint3:"0,0,0";
      rotation = {
        0 = xpoint3:"1,0,0";
        1 = xpoint3:"0,1,0";
        2 = xpoint3:"0,0,1";
      }
      #0 = {
        scale = fixp:"1";
        name = str:"1";
        translation = xpoint3:"0,44.81276702880859375,146.7416229248046875";
        rotation = {
          0 = xpoint3:"0,0,0.9999997615814208984375";
          1 = xpoint3:"-0.997872829437255859375,0.0651877224445343017578125,0";
          2 = xpoint3:"-0.0651875436305999755859375,-0.997872829437255859375,0";
        }
        #0 = {
          scale = fixp:"1";
          name = str:"2";
          translation = xpoint3:"61.23340606689453125,0,0";
          rotation = {
            0 = xpoint3:"0.971365272998809814453125,0.23759107291698455810546875,0";
            1 = xpoint3:"-0.23759107291698455810546875,0.971365272998809814453125,0";
            2 = xpoint3:"0,0,1";
          }
          #0 = {
            scale = fixp:"1";
            name = str:"3";
            translation = xpoint3:"63.2623291015625,0,0";
            rotation = {
              0 = xpoint3:"0.767927646636962890625,0.640273630619049072265625,0";
              1 = xpoint3:"-0.640273630619049072265625,0.767927646636962890625,0";
              2 = xpoint3:"0,0,1";
            }
            #0 = {
              scale = fixp:"1";
              name = str:"4";
              translation = xpoint3:"32.5370941162109375,0,0";
              rotation = {
                0 = xpoint3:"0.7490146160125732421875,-0.66227853298187255859375,0";
                1 = xpoint3:"0.66227853298187255859375,0.7490146160125732421875,0";
                2 = xpoint3:"0,0,1";
              }
              #0 = {
                scale = fixp:"1";
                name = str:"5";
                translation = xpoint3:"35.921527862548828125,0,0";
                rotation = {
                  0 = xpoint3:"0.07981979846954345703125,-0.996139228343963623046875,0";
                  1 = xpoint3:"0.996139228343963623046875,0.07981979846954345703125,0";
                  2 = xpoint3:"0,0,1";
                }
                #0 = {
                  scale = fixp:"1";
                  name = str:"6";
                  translation = xpoint3:"58.98046875,0,0";
                  rotation = {
                    0 = xpoint3:"-0.111857362091541290283203125,-0.9928300380706787109375,0.0127612389624118804931640625";
                    1 = xpoint3:"0.992845058441162109375,-0.11198966205120086669921875,-0.01016074977815151214599609375";
                    2 = xpoint3:"0.01153465546667575836181640625,0.0115343742072582244873046875,0.99986684322357177734375";
                  }
                  #0 = {
                    scale = fixp:"1";
                    name = str:"7";
                    translation = xpoint3:"41.833782196044921875,0,0";
                    rotation = {
                      0 = xpoint3:"0.55647480487823486328125,-0.830477058887481689453125,0";
                      1 = xpoint3:"0.830477058887481689453125,0.55647480487823486328125,0";
                      2 = xpoint3:"0,0,1";
                    }
                    #0 = {
                      scale = fixp:"1";
                      name = str:"8";
                      translation = xpoint3:"35.87693023681640625,0,0";
                      rotation = {
                        0 = xpoint3:"0.953338086605072021484375,-0.301792681217193603515625,0";
                        1 = xpoint3:"0.301792681217193603515625,0.953338086605072021484375,0";
                        2 = xpoint3:"0,0,1";
                      }
                    }
                  }
                }
              }
            }
          }
          #1 = {
            scale = fixp:"1";
            name = str:"10";
            translation = xpoint3:"46.903720855712890625,43.4142608642578125,18.3439960479736328125";
            rotation = {
              0 = xpoint3:"-0.3186572492122650146484375,-0.944501578807830810546875,-0.06678916513919830322265625";
              1 = xpoint3:"0.943029105663299560546875,-0.3229069411754608154296875,0.067138753831386566162109375";
              2 = xpoint3:"-0.0850895345211029052734375,-0.0415713228285312652587890625,0.995502412319183349609375";
            }
            #0 = {
              scale = fixp:"1";
              name = str:"11";
              translation = xpoint3:"47.59004974365234375,0,0";
              rotation = {
                0 = xpoint3:"0.999999105930328369140625,-0.001353749074041843414306640625,0";
                1 = xpoint3:"0.001353749074041843414306640625,0.999999105930328369140625,0";
                2 = xpoint3:"0,0,1";
              }
              #0 = {
                scale = fixp:"1";
                name = str:"12";
                translation = xpoint3:"38.97730255126953125,0,0";
                rotation = {
                  0 = xpoint3:"0.983523190021514892578125,0.1603744924068450927734375,-0.08329631388187408447265625";
                  1 = xpoint3:"-0.160654544830322265625,0.98699533939361572265625,0.0033807228319346904754638671875";
                  2 = xpoint3:"0.08275486528873443603515625,0.01006667129695415496826171875,0.996516525745391845703125";
                }
              }
            }
          }
          #2 = {
            scale = fixp:"1";
            name = str:"13";
            translation = xpoint3:"46.9037322998046875,43.414264678955078125,-18.3442287445068359375";
            rotation = {
              0 = xpoint3:"-0.1888276040554046630859375,0.97840440273284912109375,-0.073100350797176361083984375";
              1 = xpoint3:"0.97708809375762939453125,0.1957252323627471923828125,0.076310269534587860107421875";
              2 = xpoint3:"0.088981412351131439208984375,-0.0570019893348217010498046875,-0.99294555187225341796875";
            }
            #0 = {
              scale = fixp:"1";
              name = str:"14";
              translation = xpoint3:"47.59004974365234375,0,0";
              rotation = {
                0 = xpoint3:"0.9999811649322509765625,-0.006133191287517547607421875,0";
                1 = xpoint3:"0.006133191287517547607421875,0.9999811649322509765625,0";
                2 = xpoint3:"0,0,1";
              }
              #0 = {
                scale = fixp:"1";
                name = str:"15";
                translation = xpoint3:"38.97730255126953125,0,0";
                rotation = {
                  0 = xpoint3:"0.995492994785308837890625,-0.0399564392864704132080078125,-0.085968919098377227783203125";
                  1 = xpoint3:"0.0404442586004734039306640625,0.999173462390899658203125,0.003934077918529510498046875";
                  2 = xpoint3:"0.085740499198436737060546875,-0.0073958076536655426025390625,0.99628734588623046875";
                }
              }
            }
          }
        }
        #1 = {
          scale = fixp:"1";
          name = str:"17";
          translation = xpoint3:"-18.9733333587646484375,-13.76737213134765625,0";
          rotation = {
            0 = xpoint3:"-0.84600293636322021484375,-0.5331780910491943359375,0";
            1 = xpoint3:"0.5331780910491943359375,-0.84600293636322021484375,0";
            2 = xpoint3:"0,0,1";
          }
          #0 = {
            scale = fixp:"1";
            name = str:"18";
            translation = xpoint3:"31.636074066162109375,0,0";
            rotation = {
              0 = xpoint3:"0.601128995418548583984375,0.799151957035064697265625,0";
              1 = xpoint3:"-0.799151957035064697265625,0.601128995418548583984375,0";
              2 = xpoint3:"0,0,1";
            }
            #0 = {
              scale = fixp:"1";
              name = str:"19";
              translation = xpoint3:"38.719112396240234375,0,0";
              rotation = {
                0 = xpoint3:"0.999967098236083984375,0.0081096030771732330322265625,0";
                1 = xpoint3:"-0.0081096030771732330322265625,0.999967098236083984375,0";
                2 = xpoint3:"0,0,1";
              }
            }
          }
        }
        #2 = {
          scale = fixp:"1";
          name = str:"17@#0";
          translation = xpoint3:"2.69268512725830078125,-1.51472961902618408203125,21.465946197509765625";
          rotation = {
            0 = xpoint3:"-0.13733394443988800048828125,-0.9870326519012451171875,0.072492264211177825927734375";
            1 = xpoint3:"0.9895484447479248046875,-0.13570010662078857421875,0.0270369835197925567626953125";
            2 = xpoint3:"-0.01680876500904560089111328125,0.075522124767303466796875,0.997000277042388916015625";
          }
          #0 = {
            scale = fixp:"1";
            name = str:"18@#1";
            translation = xpoint3:"63.597698211669921875,0,0";
            rotation = {
              0 = xpoint3:"0.741712033748626708984375,-0.665181577205657958984375,0.08379709720611572265625";
              1 = xpoint3:"0.642804920673370361328125,0.7410876750946044921875,0.19291250407695770263671875";
              2 = xpoint3:"-0.1905002593994140625,-0.08914504945278167724609375,0.9776146411895751953125";
            }
            #0 = {
              scale = fixp:"1";
              name = str:"19@#2";
              translation = xpoint3:"29.3655872344970703125,0,0";
              rotation = {
                0 = xpoint3:"0.66134679317474365234375,0.7237541675567626953125,-0.1957265436649322509765625";
                1 = xpoint3:"-0.74778211116790771484375,0.6556637287139892578125,-0.10211418569087982177734375";
                2 = xpoint3:"0.054322622716426849365234375,0.21397484838962554931640625,0.975309193134307861328125";
              }
              #0 = {
                scale = fixp:"1";
                name = str:"20";
                translation = xpoint3:"46.55474853515625,0,0";
                rotation = {
                  0 = xpoint3:"0.99494636058807373046875,0.094387121498584747314453125,-0.0341392457485198974609375";
                  1 = xpoint3:"-0.088234804570674896240234375,0.984630405902862548828125,0.150649726390838623046875";
                  2 = xpoint3:"0.047843873500823974609375,-0.1468733847141265869140625,0.9879887104034423828125";
                }
              }
            }
          }
        }
        #3 = {
          scale = fixp:"1";
          name = str:"13@#3";
          translation = xpoint3:"2.6926860809326171875,-1.51474201679229736328125,-21.465999603271484375";
          rotation = {
            0 = xpoint3:"0.15525917708873748779296875,0.985016763210296630859375,0.066412985324859619140625";
            1 = xpoint3:"0.987250268459320068359375,-0.15361781418323516845703125,-0.00801694951951503753662109375";
            2 = xpoint3:"0.002355284988880157470703125,0.066853635013103485107421875,-0.9963071346282958984375";
          }
          #0 = {
            scale = fixp:"1";
            name = str:"14@#4";
            translation = xpoint3:"63.59767913818359375,0,0";
            rotation = {
              0 = xpoint3:"0.526514947414398193359375,0.841108500957489013671875,0.12095986306667327880859375";
              1 = xpoint3:"-0.832019984722137451171875,0.5392093658447265625,-0.12777839601039886474609375";
              2 = xpoint3:"-0.17273576557636260986328125,-0.0334808044135570526123046875,0.98438751697540283203125";
            }
            #0 = {
              scale = fixp:"1";
              name = str:"15@#5";
              translation = xpoint3:"29.36557769775390625,0,0";
              rotation = {
                0 = xpoint3:"0.3930339515209197998046875,-0.891674041748046875,-0.2226230204105377197265625";
                1 = xpoint3:"0.91662442684173583984375,0.397903919219970703125,0.024462155997753143310546875";
                2 = xpoint3:"0.066657133400440216064453125,-0.2138135433197021484375,0.97457873821258544921875";
              }
              #0 = {
                scale = fixp:"1";
                name = str:"16";
                translation = xpoint3:"46.554737091064453125,0,0";
                rotation = {
                  0 = xpoint3:"0.970430672168731689453125,-0.23767103254795074462890625,0.0416391789913177490234375";
                  1 = xpoint3:"-0.24127368628978729248046875,-0.956427752971649169921875,0.15554296970367431640625";
                  2 = xpoint3:"0.0028891228139400482177734375,-0.160994052886962890625,-0.985490262508392333984375";
                }
              }
            }
          }
        }
        #4 = {
          scale = fixp:"1";
          name = str:"Dummy07";
          translation = xpoint3:"58.711788177490234375,-37.755367279052734375,0";
          rotation = {
            0 = xpoint3:"0.997873008251190185546875,0,-0.065187446773052215576171875";
            1 = xpoint3:"-0.065187446773052215576171875,0,-0.997873008251190185546875";
            2 = xpoint3:"0,0.999999940395355224609375,0";
          }
          #0 = {
            scale = fixp:"1";
            name = str:"20@#6";
            translation = xpoint3:"0,0,0";
            rotation = {
              0 = xpoint3:"-0.0478301085531711578369140625,0.0034486763179302215576171875,-0.998849570751190185546875";
              1 = xpoint3:"0.07193411886692047119140625,0.997409403324127197265625,0";
              2 = xpoint3:"0.996261894702911376953125,-0.0718514025211334228515625,-0.04795427620410919189453125";
            }
            #0 = {
              scale = fixp:"1";
              name = str:"21";
              translation = xpoint3:"35.2814178466796875,0,0";
              rotation = {
                0 = xpoint3:"0.9491975307464599609375,-0.06326891481876373291015625,0.3082549870014190673828125";
                1 = xpoint3:"-0.06766717135906219482421875,0.915625870227813720703125,0.396295845508575439453125";
                2 = xpoint3:"-0.3073194324970245361328125,-0.397021770477294921875,0.864828586578369140625";
              }
              #0 = {
                scale = fixp:"1";
                name = str:"22";
                translation = xpoint3:"32.526042938232421875,0,0";
                rotation = {
                  0 = xpoint3:"0.9957630634307861328125,-0.091935336589813232421875,-0.00195636413991451263427734375";
                  1 = xpoint3:"0.08211071789264678955078125,0.89852654933929443359375,-0.43117034435272216796875";
                  2 = xpoint3:"0.04139764606952667236328125,0.42918288707733154296875,0.90226840972900390625";
                }
              }
              #1 = {
                scale = fixp:"1";
                name = str:"23";
                translation = xpoint3:"21.5276317596435546875,18.5000133514404296875,-1.72075998783111572265625";
                rotation = {
                  0 = xpoint3:"-0.620008885860443115234375,-0.568457663059234619140625,-0.53860378265380859375";
                  1 = xpoint3:"0.17500452697277069091796875,-0.76988017559051513671875,0.611628592014312744140625";
                  2 = xpoint3:"-0.763289928436279296875,0.285608112812042236328125,0.57896935939788818359375";
                }
                #0 = {
                  scale = fixp:"1";
                  name = str:"24";
                  translation = xpoint3:"33.3392486572265625,0,0";
                  rotation = {
                    0 = xpoint3:"0.9400556087493896484375,0.09412227571010589599609375,0.327642261981964111328125";
                    1 = xpoint3:"0.02634267508983612060546875,0.93824231624603271484375,-0.344844639301300048828125";
                    2 = xpoint3:"-0.339874267578125,0.3327953815460205078125,0.879521429538726806640625";
                  }
                  #0 = {
                    scale = fixp:"1";
                    name = str:"25";
                    translation = xpoint3:"26.525279998779296875,0,0";
                    rotation = {
                      0 = xpoint3:"0.849741518497467041015625,-0.52697789669036865234375,0.0039416849613189697265625";
                      1 = xpoint3:"0.4081806242465972900390625,0.65358245372772216796875,-0.63695824146270751953125";
                      2 = xpoint3:"0.3333314359188079833984375,0.54279053211212158203125,0.770672321319580078125";
                    }
                  }
                }
              }
              #2 = {
                scale = fixp:"1";
                name = str:"26";
                translation = xpoint3:"21.5276203155517578125,-18.4999790191650390625,-1.7207911014556884765625";
                rotation = {
                  0 = xpoint3:"-0.821805894374847412109375,0.50251615047454833984375,0.2635695934295654296875";
                  1 = xpoint3:"-0.55236232280731201171875,-0.814629077911376953125,-0.169239819049835205078125";
                  2 = xpoint3:"0.1299512386322021484375,-0.284997761249542236328125,0.949639856815338134765625";
                }
                #0 = {
                  scale = fixp:"1";
                  name = str:"27";
                  translation = xpoint3:"33.339244842529296875,0,0";
                  rotation = {
                    0 = xpoint3:"0.57753860950469970703125,-0.22518803179264068603515625,0.784300029277801513671875";
                    1 = xpoint3:"-0.03885455429553985595703125,0.95252525806427001953125,0.3018560707569122314453125";
                    2 = xpoint3:"-0.815062224864959716796875,-0.2047366797924041748046875,0.5413787364959716796875";
                  }
                  #0 = {
                    scale = fixp:"1";
                    name = str:"28";
                    translation = xpoint3:"26.5252819061279296875,0,0";
                    rotation = {
                      0 = xpoint3:"0.614569246768951416015625,0.663845837116241455078125,-0.4255044460296630859375";
                      1 = xpoint3:"-0.488699734210968017578125,0.74420773983001708984375,0.454924404621124267578125";
                      2 = xpoint3:"0.61880362033843994140625,-0.07136036455631256103515625,0.782095611095428466796875";
                    }
                    #0 = {
                      scale = fixp:"1";
                      name = str:"Sword";
                      translation = xpoint3:"7.392215728759765625,-0.2634485065937042236328125,-0.836215078830718994140625";
                      rotation = {
                        0 = xpoint3:"-0.29021012783050537109375,-0.9437472820281982421875,0.15848982334136962890625";
                        1 = xpoint3:"-0.48488700389862060546875,0.002233803272247314453125,-0.8745739459991455078125";
                        2 = xpoint3:"0.825022757053375244140625,-0.3306598961353302001953125,-0.458259046077728271484375";
                      }
                    }
                  }
                }
              }
            }
            #1 = {
              scale = fixp:"1";
              name = str:"29";
              translation = xpoint3:"-2.4752655029296875,-11.5,-5.778743743896484375";
              rotation = {
                0 = xpoint3:"-0.805391848087310791015625,0.4424851834774017333984375,-0.3910634517669677734375";
                1 = xpoint3:"-0.4526593387126922607421875,-0.887257397174835205078125,-0.071657724678516387939453125";
                2 = xpoint3:"-0.37924039363861083984375,0.119340576231479644775390625,0.91750466823577880859375";
              }
              #0 = {
                scale = fixp:"1";
                name = str:"30";
                translation = xpoint3:"40.41297149658203125,0,0";
                rotation = {
                  0 = xpoint3:"0.4436485469341278076171875,0.59936535358428955078125,-0.665679872035980224609375";
                  1 = xpoint3:"-0.3029929697513580322265625,0.79981434345245361328125,0.517881929874420166015625";
                  2 = xpoint3:"0.842949450016021728515625,-0.02770555019378662109375,0.536652743816375732421875";
                }
                #0 = {
                  scale = fixp:"1";
                  name = str:"31";
                  translation = xpoint3:"50.2974700927734375,0,0";
                  rotation = {
                    0 = xpoint3:"-0.0339924804866313934326171875,0.1608009636402130126953125,0.98564040660858154296875";
                    1 = xpoint3:"0.3022038936614990234375,0.942414104938507080078125,-0.1429856717586517333984375";
                    2 = xpoint3:"-0.95184910297393798828125,0.29311287403106689453125,-0.0806217193603515625";
                  }
                }
              }
            }
            #2 = {
              scale = fixp:"1";
              name = str:"32";
              translation = xpoint3:"-2.4752795696258544921875,11.4999980926513671875,-5.77871417999267578125";
              rotation = {
                0 = xpoint3:"-0.7135908603668212890625,-0.56744778156280517578125,-0.4078046381473541259765625";
                1 = xpoint3:"0.565692424774169921875,-0.811213314533233642578125,0.1389133930206298828125";
                2 = xpoint3:"-0.4102361500263214111328125,-0.131559312343597412109375,0.90236175060272216796875";
              }
              #0 = {
                scale = fixp:"1";
                name = str:"33";
                translation = xpoint3:"40.412975311279296875,0,0";
                rotation = {
                  0 = xpoint3:"0.389485776424407958984375,-0.62246811389923095703125,-0.678194940090179443359375";
                  1 = xpoint3:"0.2819115221500396728515625,0.782050192356109619140625,-0.5555241107940673828125";
                  2 = xpoint3:"0.876322329044342041015625,0.0247927010059356689453125,0.480302393436431884765625";
                }
                #0 = {
                  scale = fixp:"1";
                  name = str:"34";
                  translation = xpoint3:"50.2974700927734375,0,0";
                  rotation = {
                    0 = xpoint3:"-0.03399284183979034423828125,-0.16080100834369659423828125,0.98564040660858154296875";
                    1 = xpoint3:"-0.302203953266143798828125,0.942414104938507080078125,0.142985641956329345703125";
                    2 = xpoint3:"-0.95184910297393798828125,-0.29311287403106689453125,-0.080622084438800811767578125";
                  }
                }
              }
            }
          }
        }
      }
    }
  }
}