model = {
  file = str:"data\models\units\kohunits\militia.nif";
  animation = {
    loop = fixp:"0";
    duration = fixp:"15";
  }
  #0 = {
    scale = fixp:"1";
    name = str:"ROOT";
    translation = xpoint3:"-0.259846985340118408203125,1.5056860446929931640625,0";
    rotation = {
      0 = xpoint3:"1,0,0";
      1 = xpoint3:"0,1,0";
      2 = xpoint3:"0,0,1";
    }
    #0 = {
      scale = fixp:"1";
      name = str:"ROOT NonAccum";
      translation = xpoint3:"0,0,0";
      rotation = {
        0 = xpoint3:"1,0,0";
        1 = xpoint3:"0,1,0";
        2 = xpoint3:"0,0,1";
      }
      #0 = {
        scale = fixp:"1";
        name = str:"Pelvis";
        translation = xpoint3:"0.259846985340118408203125,-1.50567305088043212890625,100";
        rotation = {
          0 = xpoint3:"-0.0118544101715087890625,0,0.9999296665191650390625";
          1 = xpoint3:"0,-0.999999940395355224609375,0";
          2 = xpoint3:"0.9999296665191650390625,0,0.011854469776153564453125";
        }
        #0 = {
          scale = fixp:"1";
          name = str:"L_Thigh";
          translation = xpoint3:"-0.456004917621612548828125,-0.6599578857421875,10.469417572021484375";
          rotation = {
            0 = xpoint3:"-0.998538970947265625,-0.00289902579970657825469970703125,0.00332998298108577728271484375";
            1 = xpoint3:"-0.00249489000998437404632568359375,0.993304908275604248046875,0.11545334756374359130859375";
            2 = xpoint3:"-0.0036426172591745853424072265625,0.11544390022754669189453125,-0.991851150989532470703125";
          }
          #0 = {
            scale = fixp:"1";
            name = str:"L_Leg";
            translation = xpoint3:"45.68987274169921875,1.03780186176300048828125,0.1654352247714996337890625";
            rotation = {
              0 = xpoint3:"0.98729228973388671875,0.15885438024997711181640625,0";
              1 = xpoint3:"-0.15885438024997711181640625,0.987292706966400146484375,0";
              2 = xpoint3:"0,0,0.999999582767486572265625";
            }
            #0 = {
              scale = fixp:"1";
              name = str:"L_Foot";
              translation = xpoint3:"46.46942138671875,0.0474445857107639312744140625,-0.0609972737729549407958984375";
              rotation = {
                0 = xpoint3:"0.994497358798980712890625,-0.051275722682476043701171875,0.091311864554882049560546875";
                1 = xpoint3:"0.0214445590972900390625,0.953198909759521484375,0.301469743251800537109375";
                2 = xpoint3:"-0.102504573762416839599609375,-0.297850072383880615234375,0.94905436038970947265625";
              }
            }
          }
        }
        #1 = {
          scale = fixp:"1";
          name = str:"R_Thigh";
          translation = xpoint3:"-0.4563937485218048095703125,-0.65976202487945556640625,-10.6442546844482421875";
          rotation = {
            0 = xpoint3:"-0.9583818912506103515625,0.25990450382232666015625,0.105411432683467864990234375";
            1 = xpoint3:"0.1957721710205078125,0.890056192874908447265625,-0.4114774763584136962890625";
            2 = xpoint3:"-0.200836181640625,-0.3742861449718475341796875,-0.903776347637176513671875";
          }
          #0 = {
            scale = fixp:"1";
            name = str:"R_Leg";
            translation = xpoint3:"45.689487457275390625,1.0372922420501708984375,-0.3405818641185760498046875";
            rotation = {
              0 = xpoint3:"0.90313279628753662109375,0.429108440876007080078125,-0.008749122731387615203857421875";
              1 = xpoint3:"-0.42909181118011474609375,0.9031751155853271484375,0.0037919771857559680938720703125";
              2 = xpoint3:"0.009529725648462772369384765625,0,0.999954521656036376953125";
            }
            #0 = {
              scale = fixp:"1";
              name = str:"R_Foot";
              translation = xpoint3:"46.468936920166015625,0.0478438176214694976806640625,0.061224840581417083740234375";
              rotation = {
                0 = xpoint3:"0.994093120098114013671875,-0.10796107351779937744140625,-0.01070892997086048126220703125";
                1 = xpoint3:"0.10848538577556610107421875,0.990185558795928955078125,0.08802981674671173095703125";
                2 = xpoint3:"0.0010930565185844898223876953125,-0.0886720716953277587890625,0.99605739116668701171875";
              }
            }
          }
        }
        #2 = {
          scale = fixp:"1.00000011920928955078125";
          name = str:"Spine";
          translation = xpoint3:"8.741153717041015625,0,0";
          rotation = {
            0 = xpoint3:"0.99514281749725341796875,0.09681379795074462890625,-0.01782876066863536834716796875";
            1 = xpoint3:"-0.09684379398822784423828125,0.995299279689788818359375,0";
            2 = xpoint3:"0.01766507886350154876708984375,0.002547599375247955322265625,0.99984073638916015625";
          }
          #0 = {
            scale = fixp:"1";
            name = str:"L_Arm1";
            translation = xpoint3:"39.511692047119140625,-2.472480297088623046875,16.660648345947265625";
            rotation = {
              0 = xpoint3:"-0.85187053680419921875,0.051911108195781707763671875,0.518589079380035400390625";
              1 = xpoint3:"-0.2215671837329864501953125,-0.935356557369232177734375,-0.2705692350864410400390625";
              2 = xpoint3:"0.4717386662960052490234375,-0.3458395302295684814453125,0.810915052890777587890625";
            }
            #0 = {
              scale = fixp:"1";
              name = str:"L_Arm2";
              translation = xpoint3:"29.78643035888671875,-0.145475089550018310546875,2.4481823444366455078125";
              rotation = {
                0 = xpoint3:"-0.07783067226409912109375,0.995953738689422607421875,-0.02131895720958709716796875";
                1 = xpoint3:"-0.988380253314971923828125,-0.074526451528072357177734375,0.12645564973354339599609375";
                2 = xpoint3:"0.12442995607852935791015625,0.0310276336967945098876953125,0.9917371273040771484375";
              }
              #0 = {
                scale = fixp:"1";
                name = str:"L_Hand";
                translation = xpoint3:"29.1480846405029296875,-1.0485019683837890625,0.660119116306304931640625";
                rotation = {
                  0 = xpoint3:"0.983186304569244384765625,-0.179880082607269287109375,-0.03103913366794586181640625";
                  1 = xpoint3:"-0.009488217532634735107421875,-0.21928690373897552490234375,0.974707067012786865234375";
                  2 = xpoint3:"-0.18229164183139801025390625,-0.958012044429779052734375,-0.21729297935962677001953125";
                }
                #0 = {
                  scale = fixp:"1";
                  name = str:"Vila";
                  translation = xpoint3:"-9.7788639068603515625,42.79633331298828125,119.15258026123046875";
                  rotation = {
                    0 = xpoint3:"0.13609158992767333984375,0.914215087890625,0.3816933929920196533203125";
                    1 = xpoint3:"-0.301262378692626953125,0.4052217006683349609375,-0.863154888153076171875";
                    2 = xpoint3:"-0.9437797069549560546875,0.002478301525115966796875,0.330565869808197021484375";
                  }
                }
              }
            }
          }
          #1 = {
            scale = fixp:"1";
            name = str:"Neck";
            translation = xpoint3:"48.162616729736328125,0.071381665766239166259765625,-0.044827930629253387451171875";
            rotation = {
              0 = xpoint3:"0.977501451969146728515625,-0.21092875301837921142578125,0";
              1 = xpoint3:"0.21092875301837921142578125,0.977501451969146728515625,0";
              2 = xpoint3:"0,0,1";
            }
            #0 = {
              scale = fixp:"1";
              name = str:"Head";
              translation = xpoint3:"8.92511081695556640625,0.4664298593997955322265625,0.394053936004638671875";
              rotation = {
                0 = xpoint3:"0.999171197414398193359375,-0.040244139730930328369140625,-0.006112110801041126251220703125";
                1 = xpoint3:"0.04041157662868499755859375,0.99872291088104248046875,0.03032301180064678192138671875";
                2 = xpoint3:"0.004883981309831142425537109375,-0.03054487891495227813720703125,0.999521434307098388671875";
              }
            }
          }
          #2 = {
            scale = fixp:"1";
            name = str:"R_Arm1";
            translation = xpoint3:"39.56577301025390625,-2.461943149566650390625,-17.3447551727294921875";
            rotation = {
              0 = xpoint3:"-0.8970029354095458984375,0.4022471904754638671875,-0.1755848228931427001953125";
              1 = xpoint3:"-0.121376454830169677734375,-0.6109821796417236328125,-0.78078854084014892578125";
              2 = xpoint3:"-0.4217826426029205322265625,-0.68011772632598876953125,0.5991306304931640625";
            }
            #0 = {
              scale = fixp:"1";
              name = str:"R_Arm2";
              translation = xpoint3:"29.388645172119140625,-0.1614467799663543701171875,-1.53174769878387451171875";
              rotation = {
                0 = xpoint3:"0.905687272548675537109375,0.3980834782123565673828125,0.145338237285614013671875";
                1 = xpoint3:"-0.3930274546146392822265625,0.9172837734222412109375,-0.063244499266147613525390625";
                2 = xpoint3:"-0.1585025489330291748046875,0,0.9873492717742919921875";
              }
              #0 = {
                scale = fixp:"1";
                name = str:"R_Hand";
                translation = xpoint3:"28.0780200958251953125,-0.493183672428131103515625,-0.2553221881389617919921875";
                rotation = {
                  0 = xpoint3:"0.960478007793426513671875,-0.24704308807849884033203125,-0.12804043292999267578125";
                  1 = xpoint3:"-0.16423819959163665771484375,-0.13104613125324249267578125,-0.9768373966217041015625";
                  2 = xpoint3:"0.2246117889881134033203125,0.95924723148345947265625,-0.1664378345012664794921875";
                }
              }
            }
          }
        }
      }
    }
  }
  #1 = {
    scale = fixp:"1";
    name = str:"default";
    translation = xpoint3:"0,-4.81572723388671875,0";
    rotation = {
      0 = xpoint3:"1,0,0";
      1 = xpoint3:"0,1,0";
      2 = xpoint3:"0,0,1";
    }
  }
}