model = {
  file = str:"data\models\units\kohunits\swordsman.nif";
  animation = {
    loop = fixp:"0";
    duration = fixp:"16.5";
  }
  #0 = {
    scale = fixp:"1";
    name = str:"ROOT";
    translation = xpoint3:"-0.259846985340118408203125,1.5056860446929931640625,0";
    rotation = {
      0 = xpoint3:"1,0,0";
      1 = xpoint3:"0,1,0";
      2 = xpoint3:"0,0,1";
    }
    #1 = {
      scale = fixp:"1";
      name = str:"ROOT NonAccum";
      translation = xpoint3:"0,0,0";
      rotation = {
        0 = xpoint3:"1,0,0";
        1 = xpoint3:"0,1,0";
        2 = xpoint3:"0,0,1";
      }
      #0 = {
        scale = fixp:"1";
        name = str:"Pelvis";
        translation = xpoint3:"0.259846985340118408203125,-1.5056860446929931640625,94.9714813232421875";
        rotation = {
          0 = xpoint3:"-0.02210002206265926361083984375,-0.070490658283233642578125,0.99726760387420654296875";
          1 = xpoint3:"0,-0.99751079082489013671875,-0.07051457464694976806640625";
          2 = xpoint3:"0.99975574016571044921875,-0.00186128914356231689453125,0.02202350832521915435791015625";
        }
        #0 = {
          scale = fixp:"1";
          name = str:"L_Thigh";
          translation = xpoint3:"-0.456006109714508056640625,-0.6599578857421875,10.46941852569580078125";
          rotation = {
            0 = xpoint3:"-0.90583598613739013671875,0.4152469635009765625,-0.06531108915805816650390625";
            1 = xpoint3:"0.41523134708404541015625,0.90952861309051513671875,0.014468482695519924163818359375";
            2 = xpoint3:"0.0654103755950927734375,-0.014012810774147510528564453125,-0.996307373046875";
          }
          #0 = {
            scale = fixp:"1";
            name = str:"L_Leg";
            translation = xpoint3:"45.6898651123046875,1.03780090808868408203125,0.1654343903064727783203125";
            rotation = {
              0 = xpoint3:"0.77553117275238037109375,0.630996644496917724609375,0.00829794444143772125244140625";
              1 = xpoint3:"-0.630969107151031494140625,0.775575339794158935546875,-0.005928064696490764617919921875";
              2 = xpoint3:"-0.010177634656429290771484375,0,0.999947965145111083984375";
            }
            #0 = {
              scale = fixp:"1";
              name = str:"L_Foot";
              translation = xpoint3:"46.46942901611328125,0.0474415160715579986572265625,-0.0609944425523281097412109375";
              rotation = {
                0 = xpoint3:"0.98388731479644775390625,-0.17461825907230377197265625,0.0380893312394618988037109375";
                1 = xpoint3:"0.17180414497852325439453125,0.982794463634490966796875,0.06762726604938507080078125";
                2 = xpoint3:"-0.0492510385811328887939453125,-0.0599881596863269805908203125,0.996981143951416015625";
              }
            }
          }
        }
        #1 = {
          scale = fixp:"1";
          name = str:"R_Thigh";
          translation = xpoint3:"-0.4564015567302703857421875,-0.659761905670166015625,-10.644252777099609375";
          rotation = {
            0 = xpoint3:"-0.95172035694122314453125,0.00110130012035369873046875,0.302316188812255859375";
            1 = xpoint3:"-0.15525905787944793701171875,0.85636806488037109375,-0.4922599494457244873046875";
            2 = xpoint3:"-0.259404957294464111328125,-0.51616275310516357421875,-0.81464827060699462890625";
          }
          #0 = {
            scale = fixp:"1";
            name = str:"R_Leg";
            translation = xpoint3:"45.689472198486328125,1.0372903347015380859375,-0.3405840694904327392578125";
            rotation = {
              0 = xpoint3:"0.935682952404022216796875,0.3526587188243865966796875,-0.005995134823024272918701171875";
              1 = xpoint3:"-0.3526529371738433837890625,0.935702145099639892578125,0.0020264689810574054718017578125";
              2 = xpoint3:"0.006324551068246364593505859375,0,0.99997997283935546875";
            }
            #0 = {
              scale = fixp:"1";
              name = str:"R_Foot";
              translation = xpoint3:"46.46892547607421875,0.047845952212810516357421875,0.061222113668918609619140625";
              rotation = {
                0 = xpoint3:"0.940681159496307373046875,-0.338743269443511962890625,-0.01690874807536602020263671875";
                1 = xpoint3:"0.33878803253173828125,0.936120569705963134765625,0.0938524305820465087890625";
                2 = xpoint3:"-0.01598712243139743804931640625,-0.09401381015777587890625,0.99543917179107666015625";
              }
            }
          }
        }
        #2 = {
          scale = fixp:"1";
          name = str:"Spine";
          translation = xpoint3:"8.741146087646484375,0,0";
          rotation = {
            0 = xpoint3:"0.99514281749725341796875,0.09681379795074462890625,-0.017828762531280517578125";
            1 = xpoint3:"-0.09684379398822784423828125,0.995299279689788818359375,0";
            2 = xpoint3:"0.017665080726146697998046875,0.0025475998409092426300048828125,0.99984073638916015625";
          }
          #0 = {
            scale = fixp:"1";
            name = str:"L_Arm1";
            translation = xpoint3:"39.867549896240234375,-2.333163738250732421875,16.121273040771484375";
            rotation = {
              0 = xpoint3:"-0.90738117694854736328125,0.355355739593505859375,0.2182051241397857666015625";
              1 = xpoint3:"-0.11212228238582611083984375,-0.710981905460357666015625,0.69242346286773681640625";
              2 = xpoint3:"0.4016463458538055419921875,0.60476768016815185546875,0.687373697757720947265625";
            }
            #0 = {
              scale = fixp:"1";
              name = str:"L_Arm2";
              translation = xpoint3:"31.219234466552734375,-0.1454419791698455810546875,2.4481842517852783203125";
              rotation = {
                0 = xpoint3:"0.599736869335174560546875,0.790249168872833251953125,-0.12345476448535919189453125";
                1 = xpoint3:"-0.777987182140350341796875,0.6121957302093505859375,0.1392462551593780517578125";
                2 = xpoint3:"0.18566285073757171630859375,0.012645311653614044189453125,0.982519209384918212890625";
              }
              #0 = {
                scale = fixp:"1";
                name = str:"L_Hand";
                translation = xpoint3:"29.1451244354248046875,-0.9917871952056884765625,0.660957872867584228515625";
                rotation = {
                  0 = xpoint3:"0.98069560527801513671875,0.1518833339214324951171875,0.123042881488800048828125";
                  1 = xpoint3:"-0.09058634936809539794921875,-0.2037861347198486328125,0.973919212818145751953125";
                  2 = xpoint3:"0.17321145534515380859375,-0.966258704662322998046875,-0.18606674671173095703125";
                }
              }
              #1 = {
                scale = fixp:"1";
                name = str:"L_handle";
                translation = xpoint3:"29.145130157470703125,-0.991793096065521240234375,0.660959541797637939453125";
                rotation = {
                  0 = xpoint3:"0.298061549663543701171875,-0.0463536083698272705078125,0.953420579433441162109375";
                  1 = xpoint3:"-0.81941068172454833984375,-0.524752080440521240234375,0.2306545078754425048828125";
                  2 = xpoint3:"0.489617645740509033203125,-0.849992275238037109375,-0.19439113140106201171875";
                }
                #0 = {
                  scale = fixp:"1";
                  name = str:"PoleArm ";
                  translation = xpoint3:"-132.2363128662109375,-0.20207850635051727294921875,2.0115168094635009765625";
                  rotation = {
                    0 = xpoint3:"1,0,0";
                    1 = xpoint3:"0,1,0";
                    2 = xpoint3:"0,0,1";
                  }
                }
              }
            }
          }
          #1 = {
            scale = fixp:"1";
            name = str:"Neck";
            translation = xpoint3:"48.162609100341796875,0.071381501853466033935546875,-0.0448279678821563720703125";
            rotation = {
              0 = xpoint3:"0.977501451969146728515625,-0.21092875301837921142578125,0";
              1 = xpoint3:"0.21092875301837921142578125,0.977501451969146728515625,0";
              2 = xpoint3:"0,0,1";
            }
            #0 = {
              scale = fixp:"0.999999940395355224609375";
              name = str:"Head";
              translation = xpoint3:"8.92510986328125,0.4664284288883209228515625,0.3940538465976715087890625";
              rotation = {
                0 = xpoint3:"0.991353332996368408203125,-0.13092119991779327392578125,-0.00884495489299297332763671875";
                1 = xpoint3:"0.13112871348857879638671875,0.99092209339141845703125,0.029641352593898773193359375";
                2 = xpoint3:"0.004883979447185993194580078125,-0.0305448807775974273681640625,0.999521434307098388671875";
              }
            }
          }
          #2 = {
            scale = fixp:"1";
            name = str:"R_Arm1";
            translation = xpoint3:"39.90808868408203125,-2.3269634246826171875,-16.79587554931640625";
            rotation = {
              0 = xpoint3:"-0.8021876811981201171875,0.578918397426605224609375,-0.13686926662921905517578125";
              1 = xpoint3:"-0.427602589130401611328125,-0.7207682132720947265625,-0.543279111385345458984375";
              2 = xpoint3:"-0.4135646820068359375,-0.37795460224151611328125,0.82816982269287109375";
            }
            #0 = {
              scale = fixp:"1";
              name = str:"R_Arm2";
              translation = xpoint3:"30.80231475830078125,-0.1613979041576385498046875,-1.53174936771392822265625";
              rotation = {
                0 = xpoint3:"0.625157415866851806640625,0.7590820789337158203125,0.18007938563823699951171875";
                1 = xpoint3:"-0.73062694072723388671875,0.650598466396331787109375,-0.205909907817840576171875";
                2 = xpoint3:"-0.273529708385467529296875,-0.002996318042278289794921875,0.961830079555511474609375";
              }
              #0 = {
                scale = fixp:"1";
                name = str:"R_Hand";
                translation = xpoint3:"29.194866180419921875,-0.981212437152862548828125,-0.4510404169559478759765625";
                rotation = {
                  0 = xpoint3:"0.8993473052978515625,-0.29148304462432861328125,0.3256777226924896240234375";
                  1 = xpoint3:"0.24559886753559112548828125,-0.278441965579986572265625,-0.9275214672088623046875";
                  2 = xpoint3:"0.3615377247333526611328125,0.91414034366607666015625,-0.17868272960186004638671875";
                }
              }
            }
          }
        }
      }
      #1 = {
        scale = fixp:"1";
        name = str:"IK Chain02";
        translation = xpoint3:"-36.409152984619140625,1.686367034912109375,93.2002410888671875";
        rotation = {
          0 = xpoint3:"1,0,0";
          1 = xpoint3:"0,0.999963939189910888671875,-0.008491731248795986175537109375";
          2 = xpoint3:"0,0.008491731248795986175537109375,0.999963939189910888671875";
        }
        #0 = {
          scale = fixp:"1";
          name = str:"R_handle";
          translation = xpoint3:"0.237884521484375,2.0647876262664794921875,-2.03009891510009765625";
          rotation = {
            0 = xpoint3:"0.4050012528896331787109375,-0.21806611120700836181640625,-0.88793087005615234375";
            1 = xpoint3:"-0.6569268703460693359375,0.606064140796661376953125,-0.4484789371490478515625";
            2 = xpoint3:"0.63594114780426025390625,0.76494014263153076171875,0.10220324993133544921875";
          }
          #0 = {
            scale = fixp:"1";
            name = str:"Short_Sword";
            translation = xpoint3:"0,0,0";
            rotation = {
              0 = xpoint3:"0,1,0";
              1 = xpoint3:"-1,0,0";
              2 = xpoint3:"0,0,1";
            }
          }
        }
      }
    }
  }
}