model = {
  file = str:"data\models\units\ripper\ripper.nif";
  animation = {
    loop = fixp:"0";
    duration = fixp:"23.5333347320556640625";
  }
  #0 = {
    scale = fixp:"1";
    name = str:"Ripper";
    translation = xpoint3:"0,0,0";
    rotation = {
      0 = xpoint3:"1,0,0";
      1 = xpoint3:"0,1,0";
      2 = xpoint3:"0,0,1";
    }
  }
  #1 = {
    scale = fixp:"1";
    name = str:"ROOT";
    translation = xpoint3:"0,0,0";
    rotation = {
      0 = xpoint3:"1,0,0";
      1 = xpoint3:"0,1,0";
      2 = xpoint3:"0,0,1";
    }
    #2 = {
      scale = fixp:"1";
      name = str:"ROOT NonAccum";
      translation = xpoint3:"0,0,0";
      rotation = {
        0 = xpoint3:"1,0,0";
        1 = xpoint3:"0,1,0";
        2 = xpoint3:"0,0,1";
      }
      #0 = {
        scale = fixp:"1";
        name = str:"Bip01";
        translation = xpoint3:"0.004166361875832080841064453125,10.8760395050048828125,83.4521942138671875";
        rotation = {
          0 = xpoint3:"1,0,0";
          1 = xpoint3:"0,0,-0.99932134151458740234375";
          2 = xpoint3:"0,0.99932134151458740234375,0";
        }
        #0 = {
          scale = fixp:"1";
          name = str:"Box01";
          translation = xpoint3:"0,0,0";
          rotation = {
            0 = xpoint3:"1,0,0";
            1 = xpoint3:"0,1,0";
            2 = xpoint3:"0,0,1";
          }
          #0 = {
            scale = fixp:"1";
            name = str:"Box02";
            translation = xpoint3:"-0.015310092829167842864990234375,8.6214656829833984375,0.3596931397914886474609375";
            rotation = {
              0 = xpoint3:"0,0.999999940395355224609375,0";
              1 = xpoint3:"0,0,0.999999940395355224609375";
              2 = xpoint3:"0.999999940395355224609375,0,0";
            }
            #0 = {
              scale = fixp:"1";
              name = str:"Box03";
              translation = xpoint3:"0.713937282562255859375,0,11.985416412353515625";
              rotation = {
                0 = xpoint3:"0.906307756900787353515625,0,0.4226182997226715087890625";
                1 = xpoint3:"0,1,0";
                2 = xpoint3:"-0.4226182997226715087890625,0,0.906307756900787353515625";
              }
              #0 = {
                scale = fixp:"1";
                name = str:"Box04";
                translation = xpoint3:"0.743574440479278564453125,0,13.94207859039306640625";
                rotation = {
                  0 = xpoint3:"0.90509474277496337890625,0,0.425209939479827880859375";
                  1 = xpoint3:"0,1,0";
                  2 = xpoint3:"-0.425209939479827880859375,0,0.90509474277496337890625";
                }
                #0 = {
                  scale = fixp:"1";
                  name = str:"Bone15";
                  translation = xpoint3:"4.578094482421875,-26.691555023193359375,13.84559154510498046875";
                  rotation = {
                    0 = xpoint3:"0.14242868125438690185546875,0.947869122028350830078125,-0.282866895198822021484375";
                    1 = xpoint3:"-0.181036412715911865234375,-0.255351364612579345703125,-0.94878852367401123046875";
                    2 = xpoint3:"-0.972468674182891845703125,0.1857902705669403076171875,0.13613580167293548583984375";
                  }
                  #0 = {
                    scale = fixp:"1";
                    name = str:"Bone16";
                    translation = xpoint3:"37.56139373779296875,0,0";
                    rotation = {
                      0 = xpoint3:"-0.325110912322998046875,-0.944626867771148681640625,0.007737803272902965545654296875";
                      1 = xpoint3:"0.944353640079498291015625,-0.325202763080596923828125,-0.02272002398967742919921875";
                      2 = xpoint3:"0.0240013301372528076171875,0,0.999711692333221435546875";
                    }
                    #0 = {
                      scale = fixp:"1";
                      name = str:"Bone17";
                      translation = xpoint3:"28.6840419769287109375,0,0";
                      rotation = {
                        0 = xpoint3:"0.99932110309600830078125,0.03681705892086029052734375,0";
                        1 = xpoint3:"-0.036817483603954315185546875,0.999321401119232177734375,0";
                        2 = xpoint3:"0,0,0.999999463558197021484375";
                      }
                      #0 = {
                        scale = fixp:"1";
                        name = str:"Bone21";
                        translation = xpoint3:"1.591797351837158203125,-2.557134151458740234375,8.62498950958251953125";
                        rotation = {
                          0 = xpoint3:"0.615884721279144287109375,0.787339746952056884765625,-0.0149900577962398529052734375";
                          1 = xpoint3:"-0.785917937755584716796875,0.615749776363372802734375,0.0512605607509613037109375";
                          2 = xpoint3:"0.0496147237718105316162109375,-0.01976679265499114990234375,0.99857175350189208984375";
                        }
                        #0 = {
                          scale = fixp:"1";
                          name = str:"Bone22";
                          translation = xpoint3:"26.0052337646484375,0,0";
                          rotation = {
                            0 = xpoint3:"0.384384572505950927734375,0.92268908023834228515625,0";
                            1 = xpoint3:"-0.92268908023834228515625,0.384384572505950927734375,0";
                            2 = xpoint3:"0,0,1";
                          }
                          #0 = {
                            scale = fixp:"1";
                            name = str:"Bone23";
                            translation = xpoint3:"40.407993316650390625,0,0";
                            rotation = {
                              0 = xpoint3:"1,0,0";
                              1 = xpoint3:"0,1,0";
                              2 = xpoint3:"0,0,1";
                            }
                          }
                        }
                      }
                      #1 = {
                        scale = fixp:"1";
                        name = str:"Bone24";
                        translation = xpoint3:"1.1339657306671142578125,2.457508563995361328125,0.2248680591583251953125";
                        rotation = {
                          0 = xpoint3:"0.9219172000885009765625,0.3871915042400360107421875,-0.006172823719680309295654296875";
                          1 = xpoint3:"-0.3869374096393585205078125,0.9217090606689453125,0.0248641707003116607666015625";
                          2 = xpoint3:"0.015323382802307605743408203125,-0.020531065762042999267578125,0.999671518802642822265625";
                        }
                        #0 = {
                          scale = fixp:"1";
                          name = str:"Bone25";
                          translation = xpoint3:"26.31104278564453125,0,0";
                          rotation = {
                            0 = xpoint3:"0.5058429241180419921875,0.8622052669525146484375,-0.0028075068257749080657958984375";
                            1 = xpoint3:"-0.8621919155120849609375,0.505850732326507568359375,0.0047921836376190185546875";
                            2 = xpoint3:"0.0055540180765092372894287109375,0,0.999984562397003173828125";
                          }
                          #0 = {
                            scale = fixp:"1";
                            name = str:"Bone26";
                            translation = xpoint3:"38.2967529296875,0,0";
                            rotation = {
                              0 = xpoint3:"1,0,0";
                              1 = xpoint3:"0,1,0";
                              2 = xpoint3:"0,0,1";
                            }
                          }
                        }
                      }
                      #2 = {
                        scale = fixp:"1";
                        name = str:"Bone27";
                        translation = xpoint3:"1.5967502593994140625,-3.02552318572998046875,-8.10148334503173828125";
                        rotation = {
                          0 = xpoint3:"0.616411387920379638671875,0.786746561527252197265625,0.0225882343947887420654296875";
                          1 = xpoint3:"-0.787021934986114501953125,0.615800380706787109375,0.02878851257264614105224609375";
                          2 = xpoint3:"0.008762166835367679595947265625,-0.035527892410755157470703125,0.9993298053741455078125";
                        }
                        #0 = {
                          scale = fixp:"1";
                          name = str:"Bone28";
                          translation = xpoint3:"26.0052337646484375,0,0";
                          rotation = {
                            0 = xpoint3:"0.383645594120025634765625,0.922996044158935546875,0";
                            1 = xpoint3:"-0.922996044158935546875,0.383645594120025634765625,0";
                            2 = xpoint3:"0,0,1";
                          }
                          #0 = {
                            scale = fixp:"1";
                            name = str:"Bone29";
                            translation = xpoint3:"40.408008575439453125,0,0";
                            rotation = {
                              0 = xpoint3:"1,0,0";
                              1 = xpoint3:"0,1,0";
                              2 = xpoint3:"0,0,1";
                            }
                          }
                        }
                      }
                      #3 = {
                        scale = fixp:"1";
                        name = str:"IK Chain05";
                        translation = xpoint3:"-2.24662303924560546875,-58.175518035888671875,11.424407958984375";
                        rotation = {
                          0 = xpoint3:"-0.1774045526981353759765625,-0.613842070102691650390625,-0.768125593662261962890625";
                          1 = xpoint3:"0.111415803432464599609375,-0.787476003170013427734375,0.604048073291778564453125";
                          2 = xpoint3:"-0.976936757564544677734375,0.02203381061553955078125,0.2096714079380035400390625";
                        }
                      }
                      #4 = {
                        scale = fixp:"1";
                        name = str:"IK Chain07";
                        translation = xpoint3:"-2.2257020473480224609375,-58.67578125,-6.4107208251953125";
                        rotation = {
                          0 = xpoint3:"-0.1774045526981353759765625,-0.613842070102691650390625,-0.768125593662261962890625";
                          1 = xpoint3:"0.111415803432464599609375,-0.787476003170013427734375,0.604048073291778564453125";
                          2 = xpoint3:"-0.976936757564544677734375,0.02203381061553955078125,0.2096714079380035400390625";
                        }
                      }
                      #5 = {
                        scale = fixp:"1";
                        name = str:"IK Chain06";
                        translation = xpoint3:"30.4302043914794921875,-45.675434112548828125,1.816850185394287109375";
                        rotation = {
                          0 = xpoint3:"-0.1774045526981353759765625,-0.613842070102691650390625,-0.768125593662261962890625";
                          1 = xpoint3:"0.111415803432464599609375,-0.787476003170013427734375,0.604048073291778564453125";
                          2 = xpoint3:"-0.976936757564544677734375,0.02203381061553955078125,0.2096714079380035400390625";
                        }
                      }
                      #6 = {
                        scale = fixp:"1";
                        name = str:"pt_hand";
                        translation = xpoint3:"4.855391979217529296875,-0.3326481878757476806640625,0.565598309040069580078125";
                        rotation = {
                          0 = xpoint3:"0.24141068756580352783203125,0.354226410388946533203125,0.90346252918243408203125";
                          1 = xpoint3:"-0.24162127077579498291015625,-0.87973821163177490234375,0.4094873368740081787109375";
                          2 = xpoint3:"0.939861714839935302734375,-0.3171503841876983642578125,-0.126789569854736328125";
                        }
                      }
                    }
                  }
                }
                #1 = {
                  scale = fixp:"1";
                  name = str:"Bone30";
                  translation = xpoint3:"4.578099727630615234375,26.828662872314453125,13.84558868408203125";
                  rotation = {
                    0 = xpoint3:"-0.65619981288909912109375,-0.72995030879974365234375,0.1848529875278472900390625";
                    1 = xpoint3:"-0.21969330310821533203125,-0.0481145083904266357421875,-0.973600864410400390625";
                    2 = xpoint3:"0.72023117542266845703125,-0.6806881427764892578125,-0.1276483237743377685546875";
                  }
                  #0 = {
                    scale = fixp:"1";
                    name = str:"Bone31";
                    translation = xpoint3:"-37.5614013671875,0,0";
                    rotation = {
                      0 = xpoint3:"0.19500036537647247314453125,-0.98019504547119140625,-0.004938191734254360198974609375";
                      1 = xpoint3:"0.97989094257354736328125,0.1950630843639373779296875,-0.024414442479610443115234375";
                      2 = xpoint3:"0.0249086655676364898681640625,0,0.999689519405364990234375";
                    }
                    #0 = {
                      scale = fixp:"1";
                      name = str:"Bone32";
                      translation = xpoint3:"-28.6840362548828125,0,0";
                      rotation = {
                        0 = xpoint3:"0.99932110309600830078125,0.036817081272602081298828125,0";
                        1 = xpoint3:"-0.03681750595569610595703125,0.999321401119232177734375,0";
                        2 = xpoint3:"0,0,0.999999463558197021484375";
                      }
                      #0 = {
                        scale = fixp:"1";
                        name = str:"Bone33";
                        translation = xpoint3:"-1.5917987823486328125,2.5571300983428955078125,-8.62498569488525390625";
                        rotation = {
                          0 = xpoint3:"0.616964995861053466796875,0.78650188446044921875,-0.014603503048419952392578125";
                          1 = xpoint3:"-0.78505432605743408203125,0.61679518222808837890625,0.05193604528903961181640625";
                          2 = xpoint3:"0.04988075792789459228515625,-0.02055541239678859710693359375,0.9985425472259521484375";
                        }
                        #0 = {
                          scale = fixp:"1";
                          name = str:"Bone34";
                          translation = xpoint3:"-26.0052242279052734375,0,0";
                          rotation = {
                            0 = xpoint3:"0.359073340892791748046875,0.93281090259552001953125,0";
                            1 = xpoint3:"-0.93281090259552001953125,0.359073340892791748046875,0";
                            2 = xpoint3:"0,0,1";
                          }
                          #0 = {
                            scale = fixp:"1";
                            name = str:"Bone35";
                            translation = xpoint3:"-40.407993316650390625,0,0";
                            rotation = {
                              0 = xpoint3:"1,0,0";
                              1 = xpoint3:"0,1,0";
                              2 = xpoint3:"0,0,1";
                            }
                          }
                        }
                      }
                      #1 = {
                        scale = fixp:"1";
                        name = str:"Bone36";
                        translation = xpoint3:"-1.13396775722503662109375,-2.4575092792510986328125,-0.2248675525188446044921875";
                        rotation = {
                          0 = xpoint3:"0.915908038616180419921875,0.401222527027130126953125,-0.00331067224033176898956298828125";
                          1 = xpoint3:"-0.401083290576934814453125,0.915755748748779296875,0.0200335793197154998779296875";
                          2 = xpoint3:"0.011075324378907680511474609375,-0.0170188732445240020751953125,0.99979364871978759765625";
                        }
                        #0 = {
                          scale = fixp:"1";
                          name = str:"Bone37";
                          translation = xpoint3:"-26.3110408782958984375,0,0";
                          rotation = {
                            0 = xpoint3:"0.4921149909496307373046875,0.870102405548095703125,-0.0027548535726964473724365234375";
                            1 = xpoint3:"-0.87008869647979736328125,0.492122709751129150390625,0.004877888597548007965087890625";
                            2 = xpoint3:"0.0056020547635853290557861328125,0,0.999984323978424072265625";
                          }
                          #0 = {
                            scale = fixp:"1";
                            name = str:"Bone38";
                            translation = xpoint3:"-38.296764373779296875,0,0";
                            rotation = {
                              0 = xpoint3:"1,0,0";
                              1 = xpoint3:"0,1,0";
                              2 = xpoint3:"0,0,1";
                            }
                          }
                        }
                      }
                      #2 = {
                        scale = fixp:"1";
                        name = str:"Bone39";
                        translation = xpoint3:"-1.596748828887939453125,3.0255167484283447265625,8.101482391357421875";
                        rotation = {
                          0 = xpoint3:"0.618279993534088134765625,0.78527653217315673828125,0.02272890508174896240234375";
                          1 = xpoint3:"-0.78554248809814453125,0.617606103420257568359375,0.03050901927053928375244140625";
                          2 = xpoint3:"0.009944216348230838775634765625,-0.036722145974636077880859375,0.999275505542755126953125";
                        }
                        #0 = {
                          scale = fixp:"1";
                          name = str:"Bone40";
                          translation = xpoint3:"-26.005229949951171875,0,0";
                          rotation = {
                            0 = xpoint3:"0.34665596485137939453125,0.93748676776885986328125,0";
                            1 = xpoint3:"-0.93748676776885986328125,0.34665596485137939453125,0";
                            2 = xpoint3:"0,0,1";
                          }
                          #0 = {
                            scale = fixp:"1";
                            name = str:"Bone41";
                            translation = xpoint3:"-40.40799713134765625,0,0";
                            rotation = {
                              0 = xpoint3:"1,0,0";
                              1 = xpoint3:"0,1,0";
                              2 = xpoint3:"0,0,1";
                            }
                          }
                        }
                      }
                      #3 = {
                        scale = fixp:"1";
                        name = str:"IK Chain10";
                        translation = xpoint3:"3.12353801727294921875,57.626926422119140625,-11.42241191864013671875";
                        rotation = {
                          0 = xpoint3:"-0.1771970093250274658203125,0.61393582820892333984375,0.76809871196746826171875";
                          1 = xpoint3:"0.1118257939815521240234375,0.788866221904754638671875,-0.6040518283843994140625";
                          2 = xpoint3:"-0.97692775726318359375,-0.0215968787670135498046875,-0.20830799639225006103515625";
                        }
                      }
                      #4 = {
                        scale = fixp:"1";
                        name = str:"IK Chain08";
                        translation = xpoint3:"3.478057861328125,57.867706298828125,6.310358524322509765625";
                        rotation = {
                          0 = xpoint3:"-0.1771970093250274658203125,0.61393582820892333984375,0.76809871196746826171875";
                          1 = xpoint3:"0.1118257939815521240234375,0.788866221904754638671875,-0.6040518283843994140625";
                          2 = xpoint3:"-0.97692775726318359375,-0.0215968787670135498046875,-0.20830799639225006103515625";
                        }
                      }
                      #5 = {
                        scale = fixp:"1";
                        name = str:"IK Chain09";
                        translation = xpoint3:"-29.0888118743896484375,46.192035675048828125,-1.50774538516998291015625";
                        rotation = {
                          0 = xpoint3:"-0.1771970093250274658203125,0.61393582820892333984375,0.76809871196746826171875";
                          1 = xpoint3:"0.1118257939815521240234375,0.788866221904754638671875,-0.6040518283843994140625";
                          2 = xpoint3:"-0.97692775726318359375,-0.0215968787670135498046875,-0.20830799639225006103515625";
                        }
                      }
                      #6 = {
                        scale = fixp:"1";
                        name = str:"pt_hand@#0";
                        translation = xpoint3:"-4.127982616424560546875,0.03111005388200283050537109375,0.27872574329376220703125";
                        rotation = {
                          0 = xpoint3:"-0.12569327652454376220703125,0.3581496775150299072265625,-0.925164878368377685546875";
                          1 = xpoint3:"0.2172807157039642333984375,-0.8999807834625244140625,-0.37792026996612548828125";
                          2 = xpoint3:"-0.967982590198516845703125,-0.24852250516414642333984375,0.0353025160729885101318359375";
                        }
                      }
                    }
                  }
                }
                #2 = {
                  scale = fixp:"1";
                  name = str:"Box05";
                  translation = xpoint3:"-0.1408875286579132080078125,0,27.7612628936767578125";
                  rotation = {
                    0 = xpoint3:"0.8191521167755126953125,0,0.57357633113861083984375";
                    1 = xpoint3:"0,1,0";
                    2 = xpoint3:"-0.57357633113861083984375,0,0.819152057170867919921875";
                  }
                  #0 = {
                    scale = fixp:"1";
                    name = str:"Box06";
                    translation = xpoint3:"0.092380426824092864990234375,0,11.6207065582275390625";
                    rotation = {
                      0 = xpoint3:"0.90630781650543212890625,0,0.422618210315704345703125";
                      1 = xpoint3:"0,1,0";
                      2 = xpoint3:"-0.422618210315704345703125,0,0.90630781650543212890625";
                    }
                    #0 = {
                      scale = fixp:"1";
                      name = str:"Box07";
                      translation = xpoint3:"0.24157010018825531005859375,0,10.95807361602783203125";
                      rotation = {
                        0 = xpoint3:"0.96445858478546142578125,0,0.264234006404876708984375";
                        1 = xpoint3:"0,1,0";
                        2 = xpoint3:"-0.264234006404876708984375,0,0.96445858478546142578125";
                      }
                      #0 = {
                        scale = fixp:"1";
                        name = str:"pt_head";
                        translation = xpoint3:"0.50431239604949951171875,-0.054597742855548858642578125,10.32363033294677734375";
                        rotation = {
                          0 = xpoint3:"0,0.585385799407958984375,-0.810754835605621337890625";
                          1 = xpoint3:"1,0,0";
                          2 = xpoint3:"0,-0.810754835605621337890625,-0.585385799407958984375";
                        }
                      }
                    }
                  }
                }
                #3 = {
                  scale = fixp:"1";
                  name = str:"IK Chain03";
                  translation = xpoint3:"53.3512115478515625,38.3840484619140625,2.00523090362548828125";
                  rotation = {
                    0 = xpoint3:"0,-0.642321169376373291015625,-0.765488684177398681640625";
                    1 = xpoint3:"0.999274432659149169921875,0,0";
                    2 = xpoint3:"0,-0.76548874378204345703125,0.64304673671722412109375";
                  }
                }
                #4 = {
                  scale = fixp:"1";
                  name = str:"IK Chain04";
                  translation = xpoint3:"34.09575653076171875,-39.4026641845703125,-8.472766876220703125";
                  rotation = {
                    0 = xpoint3:"0,-0.642321169376373291015625,-0.765488684177398681640625";
                    1 = xpoint3:"0.999274432659149169921875,0,0";
                    2 = xpoint3:"0,-0.76548874378204345703125,0.64304673671722412109375";
                  }
                }
                #5 = {
                  scale = fixp:"1";
                  name = str:"Dummy03";
                  translation = xpoint3:"-5.937210559844970703125,31.4269733428955078125,-45.6700286865234375";
                  rotation = {
                    0 = xpoint3:"0.6430299282073974609375,-0.7655246257781982421875,0";
                    1 = xpoint3:"0,0,-0.99932134151458740234375";
                    2 = xpoint3:"0.7655246257781982421875,0.64235126972198486328125,0";
                  }
                }
                #6 = {
                  scale = fixp:"1";
                  name = str:"Dummy01";
                  translation = xpoint3:"-6.322472095489501953125,-31.3493785858154296875,-45.346752166748046875";
                  rotation = {
                    0 = xpoint3:"0.6430299282073974609375,-0.7655246257781982421875,0";
                    1 = xpoint3:"0,0,-0.99932134151458740234375";
                    2 = xpoint3:"0.7655246257781982421875,0.64235126972198486328125,0";
                  }
                }
                #7 = {
                  scale = fixp:"1";
                  name = str:"pt_chest ";
                  translation = xpoint3:"0.4118387997150421142578125,-1.760649204254150390625,13.02605724334716796875";
                  rotation = {
                    0 = xpoint3:"0,-0.696392476558685302734375,-0.7176611423492431640625";
                    1 = xpoint3:"0.999999701976776123046875,0,0";
                    2 = xpoint3:"0,-0.717660963535308837890625,0.696392238140106201171875";
                  }
                }
              }
            }
          }
          #1 = {
            scale = fixp:"1";
            name = str:"Bone01";
            translation = xpoint3:"-18.0014972686767578125,0.101901002228260040283203125,-0.0484162457287311553955078125";
            rotation = {
              0 = xpoint3:"-0.090736448764801025390625,0.26447069644927978515625,-0.959291160106658935546875";
              1 = xpoint3:"-0.688018321990966796875,0.679882049560546875,0.252837240695953369140625";
              2 = xpoint3:"0.718898475170135498046875,0.68363082408905029296875,0.1206562221050262451171875";
            }
            #0 = {
              scale = fixp:"1";
              name = str:"Bone02";
              translation = xpoint3:"46.672725677490234375,0,0";
              rotation = {
                0 = xpoint3:"0.734377682209014892578125,0.678457081317901611328125,0";
                1 = xpoint3:"-0.678457081317901611328125,0.734377682209014892578125,0";
                2 = xpoint3:"0,0,1";
              }
              #0 = {
                scale = fixp:"1";
                name = str:"Bone03";
                translation = xpoint3:"36.908420562744140625,0,0";
                rotation = {
                  0 = xpoint3:"0.910642206668853759765625,-0.4130388200283050537109375,0";
                  1 = xpoint3:"0.4130388200283050537109375,0.910642206668853759765625,0";
                  2 = xpoint3:"0,0,1";
                }
                #0 = {
                  scale = fixp:"1";
                  name = str:"Bone04";
                  translation = xpoint3:"7.947364330291748046875,0,0";
                  rotation = {
                    0 = xpoint3:"-0.2336101233959197998046875,0.96991527080535888671875,-0.053856171667575836181640625";
                    1 = xpoint3:"-0.9452722072601318359375,-0.2397192418575286865234375,-0.21724665164947509765625";
                    2 = xpoint3:"-0.22382271289825439453125,0,0.974610984325408935546875";
                  }
                  #0 = {
                    scale = fixp:"1";
                    name = str:"Bone05";
                    translation = xpoint3:"21.9079799652099609375,0,0";
                    rotation = {
                      0 = xpoint3:"1,0,0";
                      1 = xpoint3:"0,1,0";
                      2 = xpoint3:"0,0,1";
                    }
                  }
                  #1 = {
                    scale = fixp:"1";
                    name = str:"pt_footprint02";
                    translation = xpoint3:"2.30767154693603515625,8.81687831878662109375,0.742556393146514892578125";
                    rotation = {
                      0 = xpoint3:"0.0440642647445201873779296875,0.965813696384429931640625,-0.2554648816585540771484375";
                      1 = xpoint3:"-0.2223934829235076904296875,-0.23981381952762603759765625,-0.94500291347503662109375";
                      2 = xpoint3:"-0.97396075725555419921875,0.098454602062702178955078125,0.204223453998565673828125";
                    }
                  }
                }
                #1 = {
                  scale = fixp:"1";
                  name = str:"Bone06";
                  translation = xpoint3:"7.947364330291748046875,0,0";
                  rotation = {
                    0 = xpoint3:"0.67434966564178466796875,-0.716170489788055419921875,-0.1785487830638885498046875";
                    1 = xpoint3:"0.692265808582305908203125,0.6976108551025390625,-0.1834892332553863525390625";
                    2 = xpoint3:"0.2560233771800994873046875,0,0.966645538806915283203125";
                  }
                  #0 = {
                    scale = fixp:"1";
                    name = str:"Bone07";
                    translation = xpoint3:"36.42502593994140625,0,0";
                    rotation = {
                      0 = xpoint3:"1,0,0";
                      1 = xpoint3:"0,1,0";
                      2 = xpoint3:"0,0,1";
                    }
                  }
                }
                #2 = {
                  scale = fixp:"1";
                  name = str:"pt_foot";
                  translation = xpoint3:"6.1186389923095703125,0.98422729969024658203125,1.08017814159393310546875";
                  rotation = {
                    0 = xpoint3:"-0.171014487743377685546875,-0.4667403995990753173828125,-0.86770236492156982421875";
                    1 = xpoint3:"0.22281081974506378173828125,-0.87618196010589599609375,0.4273880422115325927734375";
                    2 = xpoint3:"-0.95974445343017578125,-0.120243929326534271240234375,0.25383460521697998046875";
                  }
                }
              }
            }
          }
          #2 = {
            scale = fixp:"1";
            name = str:"Bone08";
            translation = xpoint3:"17.813930511474609375,0.101901002228260040283203125,-0.0484162457287311553955078125";
            rotation = {
              0 = xpoint3:"0.1583941280841827392578125,-0.0647600591182708740234375,-0.984629929065704345703125";
              1 = xpoint3:"-0.91990172863006591796875,0.3518590629100799560546875,-0.1703979969024658203125";
              2 = xpoint3:"0.357030570507049560546875,0.93330633640289306640625,-0.003487646579742431640625";
            }
            #0 = {
              scale = fixp:"1";
              name = str:"Bone09";
              translation = xpoint3:"46.6727294921875,0,0";
              rotation = {
                0 = xpoint3:"0.37872636318206787109375,0.925021469593048095703125,0";
                1 = xpoint3:"-0.925021469593048095703125,0.37872636318206787109375,0";
                2 = xpoint3:"0,0,1";
              }
              #0 = {
                scale = fixp:"1";
                name = str:"Bone10";
                translation = xpoint3:"36.90842437744140625,0,0";
                rotation = {
                  0 = xpoint3:"0.91072118282318115234375,-0.4128649234771728515625,0";
                  1 = xpoint3:"0.4128649234771728515625,0.91072118282318115234375,0";
                  2 = xpoint3:"0,0,1";
                }
                #0 = {
                  scale = fixp:"1";
                  name = str:"Bone11";
                  translation = xpoint3:"7.9473667144775390625,0,0";
                  rotation = {
                    0 = xpoint3:"0.64053249359130859375,0.764308512210845947265625,-0.070914827287197113037109375";
                    1 = xpoint3:"-0.759656727313995361328125,0.644450485706329345703125,0.084197513759136199951171875";
                    2 = xpoint3:"0.110082395374774932861328125,0,0.993918001651763916015625";
                  }
                  #0 = {
                    scale = fixp:"1";
                    name = str:"Bone12";
                    translation = xpoint3:"21.907978057861328125,0,0";
                    rotation = {
                      0 = xpoint3:"1,0,0";
                      1 = xpoint3:"0,1,0";
                      2 = xpoint3:"0,0,1";
                    }
                  }
                }
                #1 = {
                  scale = fixp:"1";
                  name = str:"Bone13";
                  translation = xpoint3:"7.9473667144775390625,0,0";
                  rotation = {
                    0 = xpoint3:"-0.1833784580230712890625,-0.982044994831085205078125,-0.0155801437795162200927734375";
                    1 = xpoint3:"0.978547155857086181640625,-0.18403653800487518310546875,0.08281140029430389404296875";
                    2 = xpoint3:"-0.084264278411865234375,0,0.996440827846527099609375";
                  }
                  #0 = {
                    scale = fixp:"1";
                    name = str:"Bone14";
                    translation = xpoint3:"36.4250335693359375,0,0";
                    rotation = {
                      0 = xpoint3:"1,0,0";
                      1 = xpoint3:"0,1,0";
                      2 = xpoint3:"0,0,1";
                    }
                  }
                }
                #2 = {
                  scale = fixp:"1";
                  name = str:"pt_foot@#1";
                  translation = xpoint3:"4.931093692779541015625,0.339324891567230224609375,-0.0492736212909221649169921875";
                  rotation = {
                    0 = xpoint3:"0.153917849063873291015625,0.403664112091064453125,-0.90186727046966552734375";
                    1 = xpoint3:"0.0619698278605937957763671875,-0.91489064693450927734375,-0.39891707897186279296875";
                    2 = xpoint3:"-0.98613846302032470703125,0.005511888302862644195556640625,-0.165832996368408203125";
                  }
                }
                #3 = {
                  scale = fixp:"1";
                  name = str:"pt_footprint01";
                  translation = xpoint3:"15.02110195159912109375,5.2613162994384765625,0.87631237506866455078125";
                  rotation = {
                    0 = xpoint3:"0.161119997501373291015625,0.3971057236194610595703125,-0.903519451618194580078125";
                    1 = xpoint3:"0.066437423229217529296875,-0.9177677631378173828125,-0.391520559787750244140625";
                    2 = xpoint3:"-0.984696090221405029296875,0.003054280765354633331298828125,-0.17425341904163360595703125";
                  }
                }
              }
            }
          }
          #3 = {
            scale = fixp:"1";
            name = str:"Dummy04";
            translation = xpoint3:"23.328197479248046875,-33.094791412353515625,53.6388092041015625";
            rotation = {
              0 = xpoint3:"0,0,-0.99932134151458740234375";
              1 = xpoint3:"0,1,0";
              2 = xpoint3:"0.99932134151458740234375,0,0";
            }
          }
          #4 = {
            scale = fixp:"1";
            name = str:"Dummy02";
            translation = xpoint3:"-20.0390529632568359375,-33.094791412353515625,53.6388092041015625";
            rotation = {
              0 = xpoint3:"0,0,-0.99932134151458740234375";
              1 = xpoint3:"0,1,0";
              2 = xpoint3:"0.99932134151458740234375,0,0";
            }
          }
        }
        #1 = {
          scale = fixp:"1";
          name = str:"pt_center";
          translation = xpoint3:"-0.8211982250213623046875,20.4972896575927734375,9.6448802947998046875";
          rotation = {
            0 = xpoint3:"-1,0,0";
            1 = xpoint3:"0,0,1";
            2 = xpoint3:"0,1,0";
          }
        }
        #2 = {
          scale = fixp:"1";
          name = str:"pt_cast";
          translation = xpoint3:"0.1103211939334869384765625,15.4123744964599609375,31.2539806365966796875";
          rotation = {
            0 = xpoint3:"-1,0,0";
            1 = xpoint3:"0,0,1";
            2 = xpoint3:"0,1,0";
          }
        }
      }
      #1 = {
        scale = fixp:"1";
        name = str:"pt_top";
        translation = xpoint3:"-0.019866943359375,0.46071755886077880859375,182.23162841796875";
        rotation = {
          0 = xpoint3:"0,0,1";
          1 = xpoint3:"0,-1,0";
          2 = xpoint3:"1,0,0";
        }
      }
      #2 = {
        scale = fixp:"1";
        name = str:"pt_ground";
        translation = xpoint3:"0,0,0";
        rotation = {
          0 = xpoint3:"1,0,0";
          1 = xpoint3:"0,1,0";
          2 = xpoint3:"0,0,1";
        }
      }
    }
  }
  #3 = {
    scale = fixp:"1";
    name = str:"Ripper901";
    translation = xpoint3:"0,0,0";
    rotation = {
      0 = xpoint3:"1,0,0";
      1 = xpoint3:"0,1,0";
      2 = xpoint3:"0,0,1";
    }
  }
  #4 = {
    scale = fixp:"1";
    name = str:"Ripper628";
    translation = xpoint3:"0,0,0";
    rotation = {
      0 = xpoint3:"1,0,0";
      1 = xpoint3:"0,1,0";
      2 = xpoint3:"0,0,1";
    }
  }
}