model = {
  file = str:"data\models\units\greenskin\greenskin.nif";
  animation = {
    loop = fixp:"0";
    duration = fixp:"5.966666698455810546875";
  }
  #0 = {
    scale = fixp:"1";
    name = str:"GreenSkin_Body";
    translation = xpoint3:"0,-0.50463104248046875,122.72495269775390625";
    rotation = {
      0 = xpoint3:"1,0,0";
      1 = xpoint3:"0,1,0";
      2 = xpoint3:"0,0,1";
    }
  }
  #1 = {
    scale = fixp:"1";
    name = str:"ROOT";
    translation = xpoint3:"0,0,0";
    rotation = {
      0 = xpoint3:"1,0,0";
      1 = xpoint3:"0,1,0";
      2 = xpoint3:"0,0,1";
    }
    #4 = {
      scale = fixp:"1";
      name = str:"ROOT NonAccum";
      translation = xpoint3:"0,0,0";
      rotation = {
        0 = xpoint3:"1,0,0";
        1 = xpoint3:"0,1,0";
        2 = xpoint3:"0,0,1";
      }
      #0 = {
        scale = fixp:"1";
        name = str:"Bip01";
        translation = xpoint3:"-0.4687454998493194580078125,-9.3773708343505859375,127.07349395751953125";
        rotation = {
          0 = xpoint3:"0.00545259751379489898681640625,0.9992063045501708984375,-0.01066626422107219696044921875";
          1 = xpoint3:"-0.99900209903717041015625,0.005694918334484100341796875,0.0227909199893474578857421875";
          2 = xpoint3:"0.02284240908920764923095703125,0.010555545799434185028076171875,0.9996831417083740234375";
        }
        #0 = {
          scale = fixp:"1";
          name = str:"Bip01 Footsteps";
          translation = xpoint3:"-2.8980333805084228515625,-1.339190006256103515625,-126.73848724365234375";
          rotation = {
            0 = xpoint3:"0.0047302977181971073150634765625,-0.9997274875640869140625,0.02285899408161640167236328125";
            1 = xpoint3:"0.999931871891021728515625,0.0049727945588529109954833984375,0.010563210584223270416259765625";
            2 = xpoint3:"-0.01067400537431240081787109375,0.0228074677288532257080078125,0.999682903289794921875";
          }
        }
        #1 = {
          scale = fixp:"1";
          name = str:"Bip01 Pelvis";
          translation = xpoint3:"0,0,0";
          rotation = {
            0 = xpoint3:"0,0.999274313449859619140625,0";
            1 = xpoint3:"0.039728224277496337890625,0,0.998484313488006591796875";
            2 = xpoint3:"0.998484313488006591796875,0,-0.0390025787055492401123046875";
          }
          #0 = {
            scale = fixp:"1";
            name = str:"Bip01 Spine";
            translation = xpoint3:"16.093799591064453125,-0.02180290780961513519287109375,-0.64076328277587890625";
            rotation = {
              0 = xpoint3:"0.98787915706634521484375,-0.1281460821628570556640625,0.08749727904796600341796875";
              1 = xpoint3:"0.1297370493412017822265625,0.9914608001708984375,-0.012704030610620975494384765625";
              2 = xpoint3:"-0.08512042462825775146484375,0.02390981651842594146728515625,0.996080875396728515625";
            }
            #0 = {
              scale = fixp:"1";
              name = str:"Bip01 Spine1";
              translation = xpoint3:"27.6160831451416015625,-0.02640513144433498382568359375,0.00212976918555796146392822265625";
              rotation = {
                0 = xpoint3:"0.967166244983673095703125,0.24159656465053558349609375,0.078567661345005035400390625";
                1 = xpoint3:"-0.24652941524982452392578125,0.9672195911407470703125,0.06051354110240936279296875";
                2 = xpoint3:"-0.061359830200672149658203125,-0.07790851593017578125,0.9950668811798095703125";
              }
              #0 = {
                scale = fixp:"1";
                name = str:"Bip01 Neck";
                translation = xpoint3:"34.287303924560546875,-0.0070669953711330890655517578125,0";
                rotation = {
                  0 = xpoint3:"0.99783837795257568359375,-0.014429263770580291748046875,-0.064087606966495513916015625";
                  1 = xpoint3:"0.0226137749850749969482421875,0.9914081096649169921875,0.12878723442554473876953125";
                  2 = xpoint3:"0.0616769157350063323974609375,-0.12995897233486175537109375,0.9895915985107421875";
                }
                #0 = {
                  scale = fixp:"1";
                  name = str:"Bip01 Head";
                  translation = xpoint3:"8.951633453369140625,0,0";
                  rotation = {
                    0 = xpoint3:"0.99272811412811279296875,-0.0971067845821380615234375,-0.07106745243072509765625";
                    1 = xpoint3:"0.08335627615451812744140625,0.98088443279266357421875,-0.17575471103191375732421875";
                    2 = xpoint3:"0.08678734302520751953125,0.16854749619960784912109375,0.981851994991302490234375";
                  }
                  #0 = {
                    scale = fixp:"1";
                    name = str:"Bip01 HeadNub";
                    translation = xpoint3:"34.505218505859375,0,0";
                    rotation = {
                      0 = xpoint3:"1,0,0";
                      1 = xpoint3:"0,1,0";
                      2 = xpoint3:"0,0,1";
                    }
                  }
                  #1 = {
                    scale = fixp:"1";
                    name = str:"Bip01 Ponytail1";
                    translation = xpoint3:"15.27117156982421875,-22.898143768310546875,0";
                    rotation = {
                      0 = xpoint3:"-0.919280707836151123046875,0.390048563480377197265625,0";
                      1 = xpoint3:"-0.390048563480377197265625,-0.919280707836151123046875,0";
                      2 = xpoint3:"0,0,1";
                    }
                    #0 = {
                      scale = fixp:"1";
                      name = str:"Bip01 Ponytail11";
                      translation = xpoint3:"30.7647304534912109375,-0.0247065722942352294921875,0";
                      rotation = {
                        0 = xpoint3:"0.985807120800018310546875,0.16782049834728240966796875,0";
                        1 = xpoint3:"-0.16782049834728240966796875,0.985807120800018310546875,0";
                        2 = xpoint3:"0,0,1";
                      }
                      #0 = {
                        scale = fixp:"1";
                        name = str:"Bip01 Ponytail12";
                        translation = xpoint3:"31.473011016845703125,-0.02339535020291805267333984375,0";
                        rotation = {
                          0 = xpoint3:"0.999641895294189453125,0.02675017528235912322998046875,0";
                          1 = xpoint3:"-0.02675017528235912322998046875,0.999641895294189453125,0";
                          2 = xpoint3:"0,0,1";
                        }
                        #0 = {
                          scale = fixp:"1";
                          name = str:"Bip01 Ponytail13";
                          translation = xpoint3:"29.3931522369384765625,-0.02322986535727977752685546875,0";
                          rotation = {
                            0 = xpoint3:"0.997957289218902587890625,-0.063861034810543060302734375,0";
                            1 = xpoint3:"0.063861034810543060302734375,0.997957289218902587890625,0";
                            2 = xpoint3:"0,0,1";
                          }
                          #0 = {
                            scale = fixp:"1";
                            name = str:"Bip01 Ponytail14";
                            translation = xpoint3:"29.2333316802978515625,-0.0208718664944171905517578125,0";
                            rotation = {
                              0 = xpoint3:"0.992079555988311767578125,-0.12556548416614532470703125,0";
                              1 = xpoint3:"0.12556548416614532470703125,0.992079555988311767578125,0";
                              2 = xpoint3:"0,0,1";
                            }
                            #0 = {
                              scale = fixp:"1";
                              name = str:"Bip01 Ponytail15";
                              translation = xpoint3:"26.42132568359375,-0.02010951936244964599609375,0";
                              rotation = {
                                0 = xpoint3:"0.999778091907501220703125,-0.02105674706399440765380859375,0";
                                1 = xpoint3:"0.02105674706399440765380859375,0.999778091907501220703125,0";
                                2 = xpoint3:"0,0,1";
                              }
                              #0 = {
                                scale = fixp:"1";
                                name = str:"Bip01 Ponytail16";
                                translation = xpoint3:"25.267303466796875,-0.0195036940276622772216796875,0";
                                rotation = {
                                  0 = xpoint3:"0.9970567226409912109375,-0.076639711856842041015625,0";
                                  1 = xpoint3:"0.076639711856842041015625,0.9970567226409912109375,0";
                                  2 = xpoint3:"0,0,1";
                                }
                                #0 = {
                                  scale = fixp:"1";
                                  name = str:"Bip01 Ponytail17";
                                  translation = xpoint3:"24.5683765411376953125,-0.0180901624262332916259765625,0";
                                  rotation = {
                                    0 = xpoint3:"0.994429528713226318359375,-0.105365492403507232666015625,0";
                                    1 = xpoint3:"0.105365492403507232666015625,0.994429528713226318359375,0";
                                    2 = xpoint3:"0,0,1";
                                  }
                                  #0 = {
                                    scale = fixp:"1";
                                    name = str:"Bip01 Ponytail1Nub";
                                    translation = xpoint3:"22.8510494232177734375,0,0";
                                    rotation = {
                                      0 = xpoint3:"0.0015212935395538806915283203125,0.999274194240570068359375,0";
                                      1 = xpoint3:"0.999274194240570068359375,0,0";
                                      2 = xpoint3:"0,0,-0.998548924922943115234375";
                                    }
                                  }
                                }
                              }
                            }
                          }
                        }
                      }
                    }
                  }
                  #2 = {
                    scale = fixp:"1";
                    name = str:"pt_head";
                    translation = xpoint3:"10.36203765869140625,0.361122071743011474609375,0.14817859232425689697265625";
                    rotation = {
                      0 = xpoint3:"-0.011214672587811946868896484375,0.0047364500351250171661376953125,0.999925911426544189453125";
                      1 = xpoint3:"0,-0.999988555908203125,0.0047433539293706417083740234375";
                      2 = xpoint3:"0.99993693828582763671875,0,0.01121175475418567657470703125";
                    }
                  }
                }
                #1 = {
                  scale = fixp:"1";
                  name = str:"Bip01 L Clavicle";
                  translation = xpoint3:"1.79335117340087890625,-1.2298145294189453125,9.19240665435791015625";
                  rotation = {
                    0 = xpoint3:"-0.196734726428985595703125,-0.0269323289394378662109375,0.9792003631591796875";
                    1 = xpoint3:"-0.17682896554470062255859375,-0.980781018733978271484375,-0.06265415251255035400390625";
                    2 = xpoint3:"0.96347820758819580078125,-0.1856574118137359619140625,0.18990910053253173828125";
                  }
                  #0 = {
                    scale = fixp:"1";
                    name = str:"Bip01 L UpperArm";
                    translation = xpoint3:"23.09223175048828125,0,0";
                    rotation = {
                      0 = xpoint3:"0.4782621562480926513671875,0.53767108917236328125,0.69384288787841796875";
                      1 = xpoint3:"0.0105714499950408935546875,0.787018597126007080078125,-0.616588115692138671875";
                      2 = xpoint3:"-0.877722263336181640625,0.3019974529743194580078125,0.370793819427490234375";
                    }
                    #0 = {
                      scale = fixp:"1";
                      name = str:"Bip01 L Forearm";
                      translation = xpoint3:"43.244846343994140625,0,0";
                      rotation = {
                        0 = xpoint3:"0.471389234066009521484375,0.881490230560302734375,0";
                        1 = xpoint3:"-0.881490230560302734375,0.471389234066009521484375,0";
                        2 = xpoint3:"0,0,1";
                      }
                      #0 = {
                        scale = fixp:"1";
                        name = str:"Bip01 L Hand";
                        translation = xpoint3:"37.693592071533203125,0,0";
                        rotation = {
                          0 = xpoint3:"0.7650024890899658203125,-0.632984220981597900390625,0.1173079907894134521484375";
                          1 = xpoint3:"-0.613663971424102783203125,-0.770647466182708740234375,-0.1641634404659271240234375";
                          2 = xpoint3:"0.194542229175567626953125,0.053517483174800872802734375,-0.977966845035552978515625";
                        }
                        #0 = {
                          scale = fixp:"1";
                          name = str:"Bip01 L Finger0";
                          translation = xpoint3:"9.30912303924560546875,4.69000911712646484375,-9.910465240478515625";
                          rotation = {
                            0 = xpoint3:"0.37014615535736083984375,0.38434600830078125,0.845195770263671875";
                            1 = xpoint3:"0.748302459716796875,0.415979862213134765625,-0.515903651714324951171875";
                            2 = xpoint3:"-0.549655437469482421875,0.823645174503326416015625,-0.13357542455196380615234375";
                          }
                          #0 = {
                            scale = fixp:"1";
                            name = str:"Bip01 L Finger01";
                            translation = xpoint3:"6.6774845123291015625,0,0";
                            rotation = {
                              0 = xpoint3:"0.9785311222076416015625,-0.20602357387542724609375,0";
                              1 = xpoint3:"0.20602357387542724609375,0.9785311222076416015625,0";
                              2 = xpoint3:"0,0,1";
                            }
                            #0 = {
                              scale = fixp:"1";
                              name = str:"Bip01 L Finger0Nub";
                              translation = xpoint3:"8.22852993011474609375,0,0";
                              rotation = {
                                0 = xpoint3:"1,0,0";
                                1 = xpoint3:"0,1,0";
                                2 = xpoint3:"0,0,1";
                              }
                            }
                          }
                        }
                        #1 = {
                          scale = fixp:"1";
                          name = str:"Bip01 L Finger1";
                          translation = xpoint3:"17.1951446533203125,0,0";
                          rotation = {
                            0 = xpoint3:"0.84118938446044921875,-0.52841365337371826171875,-0.1137932240962982177734375";
                            1 = xpoint3:"0.54034459590911865234375,0.816603958606719970703125,0.20228587090969085693359375";
                            2 = xpoint3:"-0.0140593983232975006103515625,-0.23166958987712860107421875,0.972672522068023681640625";
                          }
                          #0 = {
                            scale = fixp:"1";
                            name = str:"Bip01 L Finger11";
                            translation = xpoint3:"7.96298313140869140625,0,0";
                            rotation = {
                              0 = xpoint3:"0.87792336940765380859375,-0.4786161482334136962890625,0";
                              1 = xpoint3:"0.4786161482334136962890625,0.87792336940765380859375,0";
                              2 = xpoint3:"0,0,1";
                            }
                            #0 = {
                              scale = fixp:"1";
                              name = str:"Bip01 L Finger1Nub";
                              translation = xpoint3:"8.29122447967529296875,0,0";
                              rotation = {
                                0 = xpoint3:"1,0,0";
                                1 = xpoint3:"0,1,0";
                                2 = xpoint3:"0,0,1";
                              }
                            }
                          }
                        }
                        #2 = {
                          scale = fixp:"1";
                          name = str:"pt_hand";
                          translation = xpoint3:"10.21190547943115234375,5.4789829254150390625,0";
                          rotation = {
                            0 = xpoint3:"1,0,0";
                            1 = xpoint3:"0,1,0";
                            2 = xpoint3:"0,0,1";
                          }
                        }
                      }
                    }
                  }
                  #1 = {
                    scale = fixp:"1";
                    name = str:"Bone_bronia";
                    translation = xpoint3:"20.8967742919921875,0.802336513996124267578125,14.37308597564697265625";
                    rotation = {
                      0 = xpoint3:"0.55830538272857666015625,0.825610816478729248046875,0.081619679927825927734375";
                      1 = xpoint3:"0.074690282344818115234375,0.0479616224765777587890625,-0.99605262279510498046875";
                      2 = xpoint3:"-0.8262665271759033203125,0.56219768524169921875,-0.034887813031673431396484375";
                    }
                  }
                }
                #2 = {
                  scale = fixp:"1";
                  name = str:"Bip01 R Clavicle";
                  translation = xpoint3:"0.6369037628173828125,1.20697224140167236328125,-9.34886074066162109375";
                  rotation = {
                    0 = xpoint3:"-0.1836679279804229736328125,-0.01912289299070835113525390625,-0.98192799091339111328125";
                    1 = xpoint3:"0.06310975551605224609375,-0.99652516841888427734375,0.0075700958259403705596923828125";
                    2 = xpoint3:"-0.98008441925048828125,-0.06061734259128570556640625,0.1859534680843353271484375";
                  }
                  #0 = {
                    scale = fixp:"1";
                    name = str:"Bip01 R UpperArm";
                    translation = xpoint3:"23.092227935791015625,0,0";
                    rotation = {
                      0 = xpoint3:"0.672086298465728759765625,0.298884928226470947265625,-0.67712032794952392578125";
                      1 = xpoint3:"0.20698268711566925048828125,0.802613914012908935546875,0.559180319309234619140625";
                      2 = xpoint3:"0.7106211185455322265625,-0.515938222408294677734375,0.477563917636871337890625";
                    }
                    #0 = {
                      scale = fixp:"1";
                      name = str:"Bip01 R Forearm";
                      translation = xpoint3:"43.244846343994140625,0,0";
                      rotation = {
                        0 = xpoint3:"0.345001876354217529296875,0.938095510005950927734375,0";
                        1 = xpoint3:"-0.938095510005950927734375,0.345001876354217529296875,0";
                        2 = xpoint3:"0,0,1";
                      }
                      #0 = {
                        scale = fixp:"1";
                        name = str:"Bip01 R Hand";
                        translation = xpoint3:"37.6935882568359375,0,0";
                        rotation = {
                          0 = xpoint3:"0.54658794403076171875,-0.76881313323974609375,-0.33092296123504638671875";
                          1 = xpoint3:"-0.587152957916259765625,-0.069429643452167510986328125,-0.8055303096771240234375";
                          2 = xpoint3:"0.59651911258697509765625,0.634471416473388671875,-0.4893359839916229248046875";
                        }
                        #0 = {
                          scale = fixp:"1";
                          name = str:"Bip01 R Finger0";
                          translation = xpoint3:"9.30911731719970703125,4.69000148773193359375,9.91046237945556640625";
                          rotation = {
                            0 = xpoint3:"0.533376872539520263671875,0.6957828998565673828125,-0.4803311824798583984375";
                            1 = xpoint3:"0.74225616455078125,-0.1122739613056182861328125,0.65942108631134033203125";
                            2 = xpoint3:"0.404830455780029296875,-0.70828425884246826171875,-0.576331615447998046875";
                          }
                          #0 = {
                            scale = fixp:"1";
                            name = str:"Bip01 R Finger01";
                            translation = xpoint3:"6.677494049072265625,0,0";
                            rotation = {
                              0 = xpoint3:"0.935001552104949951171875,-0.354510605335235595703125,0";
                              1 = xpoint3:"0.354510605335235595703125,0.935001552104949951171875,0";
                              2 = xpoint3:"0,0,1";
                            }
                            #0 = {
                              scale = fixp:"1";
                              name = str:"Bip01 R Finger0Nub";
                              translation = xpoint3:"8.22852420806884765625,0,0";
                              rotation = {
                                0 = xpoint3:"-0.9985487461090087890625,0,0";
                                1 = xpoint3:"0,-0.9985487461090087890625,0";
                                2 = xpoint3:"0,0,1";
                              }
                            }
                          }
                        }
                        #1 = {
                          scale = fixp:"1";
                          name = str:"Bip01 R Finger1";
                          translation = xpoint3:"17.19513702392578125,0,0";
                          rotation = {
                            0 = xpoint3:"0.892131149768829345703125,-0.4515981376171112060546875,0.0021464340388774871826171875";
                            1 = xpoint3:"0.4508951604366302490234375,0.890457630157470703125,-0.0601651668548583984375";
                            2 = xpoint3:"0.025279067456722259521484375,0.05463902652263641357421875,0.99818480014801025390625";
                          }
                          #0 = {
                            scale = fixp:"1";
                            name = str:"Bip01 R Finger11";
                            translation = xpoint3:"7.96298122406005859375,0,0";
                            rotation = {
                              0 = xpoint3:"0.20275495946407318115234375,-0.97863852977752685546875,0";
                              1 = xpoint3:"0.97863852977752685546875,0.20275495946407318115234375,0";
                              2 = xpoint3:"0,0,1";
                            }
                            #0 = {
                              scale = fixp:"1";
                              name = str:"Bip01 R Finger1Nub";
                              translation = xpoint3:"8.29122829437255859375,0,0";
                              rotation = {
                                0 = xpoint3:"-0.9985487461090087890625,0,0";
                                1 = xpoint3:"0,-0.9985487461090087890625,0";
                                2 = xpoint3:"0,0,1";
                              }
                            }
                          }
                        }
                        #2 = {
                          scale = fixp:"1";
                          name = str:"pt_hand@#0";
                          translation = xpoint3:"10.23851680755615234375,5.38346004486083984375,0.034136094152927398681640625";
                          rotation = {
                            0 = xpoint3:"-1,0,0";
                            1 = xpoint3:"0,-1,0";
                            2 = xpoint3:"0,0,1";
                          }
                        }
                        #3 = {
                          scale = fixp:"1";
                          name = str:"Bone_Gun";
                          translation = xpoint3:"20.2336902618408203125,8.45077228546142578125,21.3083286285400390625";
                          rotation = {
                            0 = xpoint3:"0.98861277103424072265625,-0.0864599645137786865234375,0.123164229094982147216796875";
                            1 = xpoint3:"0.13276864588260650634765625,0.1158956587314605712890625,-0.984347879886627197265625";
                            2 = xpoint3:"0.070832483470439910888671875,0.989491283893585205078125,0.12605510652065277099609375";
                          }
                          #0 = {
                            scale = fixp:"1";
                            name = str:"pt_shoot_1";
                            translation = xpoint3:"120.53363037109375,0,0";
                            rotation = {
                              0 = xpoint3:"0,-1,0";
                              1 = xpoint3:"0,0,1";
                              2 = xpoint3:"-1,0,0";
                            }
                          }
                          #1 = {
                            scale = fixp:"1";
                            name = str:"dummy_pulnitel";
                            translation = xpoint3:"45.805835723876953125,0.1885268688201904296875,0";
                            rotation = {
                              0 = xpoint3:"0,-0.99999988079071044921875,0";
                              1 = xpoint3:"0,0,0.99999988079071044921875";
                              2 = xpoint3:"-0.99999988079071044921875,0,0";
                            }
                            #0 = {
                              scale = fixp:"1";
                              name = str:"Bone_pulnitel";
                              translation = xpoint3:"0,0,0";
                              rotation = {
                                0 = xpoint3:"0,0,-1";
                                1 = xpoint3:"-1,0,0";
                                2 = xpoint3:"0,1,0";
                              }
                            }
                          }
                        }
                      }
                    }
                  }
                }
              }
              #1 = {
                scale = fixp:"1";
                name = str:"pt_chest";
                translation = xpoint3:"15.29941463470458984375,0.956335008144378662109375,0.039551474153995513916015625";
                rotation = {
                  0 = xpoint3:"0,0.0467037819325923919677734375,0.9989087581634521484375";
                  1 = xpoint3:"0,-0.9989087581634521484375,0.0467037819325923919677734375";
                  2 = xpoint3:"1,0,0";
                }
              }
            }
            #1 = {
              scale = fixp:"1";
              name = str:"Bip01 L Thigh";
              translation = xpoint3:"-17.250621795654296875,2.4660694599151611328125,14.43341827392578125";
              rotation = {
                0 = xpoint3:"-0.950778961181640625,0.2954560816287994384765625,-0.076774418354034423828125";
                1 = xpoint3:"0.2858582437038421630859375,0.951275646686553955078125,0.115278184413909912109375";
                2 = xpoint3:"0.10711528360843658447265625,0.0878048241138458251953125,-0.9889037609100341796875";
              }
              #0 = {
                scale = fixp:"1";
                name = str:"Bip01 L Calf";
                translation = xpoint3:"57.384685516357421875,0,0";
                rotation = {
                  0 = xpoint3:"0.896530330181121826171875,0.442812860012054443359375,0";
                  1 = xpoint3:"-0.442812860012054443359375,0.896530330181121826171875,0";
                  2 = xpoint3:"0,0,1";
                }
                #0 = {
                  scale = fixp:"1";
                  name = str:"Bip01 L Foot";
                  translation = xpoint3:"56.189167022705078125,0,0";
                  rotation = {
                    0 = xpoint3:"0.9631364345550537109375,-0.220817387104034423828125,-0.153474271297454833984375";
                    1 = xpoint3:"0.2460908591747283935546875,0.953857898712158203125,0.17183554172515869140625";
                    2 = xpoint3:"0.108415670692920684814453125,-0.2032925188541412353515625,0.973077118396759033203125";
                  }
                  #0 = {
                    scale = fixp:"1";
                    name = str:"Bip01 L Toe0";
                    translation = xpoint3:"15.77227497100830078125,27.01569366455078125,0";
                    rotation = {
                      0 = xpoint3:"-0.0391620434820652008056640625,-0.998285114765167236328125,-0.01962360180914402008056640625";
                      1 = xpoint3:"0.997734844684600830078125,-0.0398822091519832611083984375,0.0377545766532421112060546875";
                      2 = xpoint3:"-0.038514651358127593994140625,-0.0180863328278064727783203125,0.999093711376190185546875";
                    }
                    #0 = {
                      scale = fixp:"1";
                      name = str:"Bip01 L Toe0Nub";
                      translation = xpoint3:"11.10541820526123046875,0,0";
                      rotation = {
                        0 = xpoint3:"-0.9985487461090087890625,0,0";
                        1 = xpoint3:"0,-0.9985487461090087890625,0";
                        2 = xpoint3:"0,0,1";
                      }
                    }
                  }
                  #1 = {
                    scale = fixp:"1";
                    name = str:"pt_foot";
                    translation = xpoint3:"9.03513240814208984375,-0.727119743824005126953125,0.628736555576324462890625";
                    rotation = {
                      0 = xpoint3:"0.044979937374591827392578125,0.015449942089617252349853515625,-0.998868405818939208984375";
                      1 = xpoint3:"-0.0271362997591495513916015625,-0.99949252605438232421875,-0.01668156683444976806640625";
                      2 = xpoint3:"-0.998619258403778076171875,0.0278559289872646331787109375,-0.04453785717487335205078125";
                    }
                    #0 = {
                      scale = fixp:"1";
                      name = str:"pt_footprint01";
                      translation = xpoint3:"0.0521778501570224761962890625,-9.66918659210205078125,-8.2019824981689453125";
                      rotation = {
                        0 = xpoint3:"1,0,0";
                        1 = xpoint3:"0,1,0";
                        2 = xpoint3:"0,0,1";
                      }
                    }
                  }
                }
              }
            }
            #2 = {
              scale = fixp:"1";
              name = str:"Bip01 R Thigh";
              translation = xpoint3:"-14.65005588531494140625,1.73554909229278564453125,-15.97584438323974609375";
              rotation = {
                0 = xpoint3:"-0.96728992462158203125,0.247407019138336181640625,0.01688105426728725433349609375";
                1 = xpoint3:"0.242109954357147216796875,0.95834171772003173828125,-0.1513387858867645263671875";
                2 = xpoint3:"-0.0536467730998992919921875,-0.14251463115215301513671875,-0.986877977848052978515625";
              }
              #0 = {
                scale = fixp:"1";
                name = str:"Bip01 R Calf";
                translation = xpoint3:"57.384693145751953125,0,0";
                rotation = {
                  0 = xpoint3:"0.93160521984100341796875,0.363335192203521728515625,0";
                  1 = xpoint3:"-0.363335192203521728515625,0.93160521984100341796875,0";
                  2 = xpoint3:"0,0,1";
                }
                #0 = {
                  scale = fixp:"1";
                  name = str:"Bip01 R Foot";
                  translation = xpoint3:"56.18918609619140625,0,0";
                  rotation = {
                    0 = xpoint3:"0.969140112400054931640625,-0.2462443411350250244140625,0.00929660163819789886474609375";
                    1 = xpoint3:"0.243284404277801513671875,0.950142920017242431640625,-0.19485585391521453857421875";
                    2 = xpoint3:"0.039184235036373138427734375,0.19110162556171417236328125,0.980773627758026123046875";
                  }
                  #0 = {
                    scale = fixp:"1";
                    name = str:"Bip01 R Toe0";
                    translation = xpoint3:"15.7722759246826171875,27.0156917572021484375,0";
                    rotation = {
                      0 = xpoint3:"-0.0392760969698429107666015625,-0.99828565120697021484375,0.0193661563098430633544921875";
                      1 = xpoint3:"0.9977512359619140625,-0.0399766750633716583251953125,-0.0372171700000762939453125";
                      2 = xpoint3:"0.037969164550304412841796875,0.01784680597484111785888671875,0.999118864536285400390625";
                    }
                    #0 = {
                      scale = fixp:"1";
                      name = str:"Bip01 R Toe0Nub";
                      translation = xpoint3:"11.10541439056396484375,0,0";
                      rotation = {
                        0 = xpoint3:"1,0,0";
                        1 = xpoint3:"0,1,0";
                        2 = xpoint3:"0,0,1";
                      }
                    }
                  }
                  #1 = {
                    scale = fixp:"1";
                    name = str:"pt_foot@#1";
                    translation = xpoint3:"8.7208080291748046875,-0.92193877696990966796875,-0.556256234645843505859375";
                    rotation = {
                      0 = xpoint3:"-0.0246106944978237152099609375,0.02343386225402355194091796875,-0.99942243099212646484375";
                      1 = xpoint3:"0.0023258333094418048858642578125,-0.99972116947174072265625,-0.023498140275478363037109375";
                      2 = xpoint3:"-0.999694406986236572265625,-0.00290279532782733440399169921875,0.024549327790737152099609375";
                    }
                    #0 = {
                      scale = fixp:"1";
                      name = str:"pt_footprint02";
                      translation = xpoint3:"-0.089739792048931121826171875,-9.92520236968994140625,-7.323597431182861328125";
                      rotation = {
                        0 = xpoint3:"1,0,0";
                        1 = xpoint3:"0,1,0";
                        2 = xpoint3:"0,0,1";
                      }
                    }
                  }
                }
              }
            }
          }
          #1 = {
            scale = fixp:"1";
            name = str:"Bone_pola_1";
            translation = xpoint3:"10.79001903533935546875,15.37703704833984375,0.18205280601978302001953125";
            rotation = {
              0 = xpoint3:"-0.940626442432403564453125,-0.04774092137813568115234375,-0.33606970310211181640625";
              1 = xpoint3:"0.3394374847412109375,-0.138295710086822509765625,-0.93040668964385986328125";
              2 = xpoint3:"-0.00205852091312408447265625,-0.98923969268798828125,0.1462895870208740234375";
            }
          }
          #2 = {
            scale = fixp:"1";
            name = str:"Bone_pola_2";
            translation = xpoint3:"16.6248016357421875,-17.726459503173828125,0.2898862063884735107421875";
            rotation = {
              0 = xpoint3:"-0.995385468006134033203125,-0.095958173274993896484375,0";
              1 = xpoint3:"-0.095958173274993896484375,0.995385348796844482421875,0";
              2 = xpoint3:"0,0,-1.00000011920928955078125";
            }
          }
        }
        #2 = {
          scale = fixp:"1";
          name = str:"pt_center";
          translation = xpoint3:"-0.0242882855236530303955078125,-0.3074360787868499755859375,14.234325408935546875";
          rotation = {
            0 = xpoint3:"0,-0.999412715435028076171875,0.0342669151723384857177734375";
            1 = xpoint3:"1,0,0";
            2 = xpoint3:"0,0.0342669151723384857177734375,0.999412715435028076171875";
          }
        }
        #3 = {
          scale = fixp:"1";
          name = str:"pt_cast";
          translation = xpoint3:"69.9062652587890625,-0.307525634765625,11.83659267425537109375";
          rotation = {
            0 = xpoint3:"0,-0.999412715435028076171875,0.0342669151723384857177734375";
            1 = xpoint3:"1,0,0";
            2 = xpoint3:"0,0.0342669151723384857177734375,0.999412715435028076171875";
          }
        }
      }
      #1 = {
        scale = fixp:"1";
        name = str:"pt_ground";
        translation = xpoint3:"5.8919239044189453125,0,0";
        rotation = {
          0 = xpoint3:"0.999931871891021728515625,-0.0052417875267565250396728515625,-0.010431715287268161773681640625";
          1 = xpoint3:"0.00497155450284481048583984375,0.999655663967132568359375,-0.02576438151299953460693359375";
          2 = xpoint3:"0.010563175193965435028076171875,0.02571076340973377227783203125,0.99961364269256591796875";
        }
      }
      #2 = {
        scale = fixp:"1";
        name = str:"pt_top";
        translation = xpoint3:"0.171895503997802734375,-14.24796390533447265625,276.411468505859375";
        rotation = {
          0 = xpoint3:"0.9999825954437255859375,-0.00530411303043365478515625,-0.0025841225869953632354736328125";
          1 = xpoint3:"0.0052742525003850460052490234375,0.999920785427093505859375,-0.011428349651396274566650390625";
          2 = xpoint3:"0.0026445351541042327880859375,0.011414521373808383941650390625,0.99993133544921875";
        }
      }
      #3 = {
        scale = fixp:"1";
        name = str:"pt_aim";
        translation = xpoint3:"-23.8380336761474609375,-163.1938934326171875,157.2989501953125";
        rotation = {
          0 = xpoint3:"1,0,0";
          1 = xpoint3:"0,1,0";
          2 = xpoint3:"0,0,1";
        }
      }
    }
  }
  #2 = {
    scale = fixp:"1";
    name = str:"Gun";
    translation = xpoint3:"-63.09705352783203125,-60.985172271728515625,123.7856597900390625";
    rotation = {
      0 = xpoint3:"1,0,0";
      1 = xpoint3:"0,1,0";
      2 = xpoint3:"0,0,1";
    }
  }
  #3 = {
    scale = fixp:"1";
    name = str:"GreenSkin_LOD_01";
    translation = xpoint3:"10.94277667999267578125,17.3789005279541015625,122.72495269775390625";
    rotation = {
      0 = xpoint3:"1,0,0";
      1 = xpoint3:"0,1,0";
      2 = xpoint3:"0,0,1";
    }
  }
  #4 = {
    scale = fixp:"1";
    name = str:"GreenSkin_LOD_02";
    translation = xpoint3:"9.20053005218505859375,19.302043914794921875,122.72495269775390625";
    rotation = {
      0 = xpoint3:"1,0,0";
      1 = xpoint3:"0,1,0";
      2 = xpoint3:"0,0,1";
    }
  }
  #5 = {
    scale = fixp:"1";
    name = str:"Gun_LOD_01";
    translation = xpoint3:"-49.605648040771484375,-104.4365997314453125,177.293853759765625";
    rotation = {
      0 = xpoint3:"0.954326927661895751953125,-0.2579860985279083251953125,0.15067626535892486572265625";
      1 = xpoint3:"0.2706427872180938720703125,0.960112750530242919921875,-0.070256315171718597412109375";
      2 = xpoint3:"-0.12654106318950653076171875,0.107826940715312957763671875,0.986083507537841796875";
    }
  }
  #6 = {
    scale = fixp:"1";
    name = str:"Gun_LOD_02_03";
    translation = xpoint3:"-48.774852752685546875,-104.3716278076171875,175.8675537109375";
    rotation = {
