[#0]
  pos = FLOAT3: 2350.319336,3825.259766,9354.116211
  rot_r1 = FLOAT3: -0.235773,-0.623783,-0.745189
  rot_r2 = FLOAT3: -0.263469,-0.697058,0.666854
  rot_r3 = FLOAT3: -0.935412,0.353560,0.000000
  erot_r1 = FLOAT3: -0.765537,-0.547381,-0.338131
  erot_r2 = FLOAT3: 0.495918,-0.836830,0.231922
  erot_r3 = FLOAT3: -0.409909,0.009857,0.912073
[/]
[#1]
  pos = FLOAT3: 2350.319336,3825.259766,9354.116211
  rot_r1 = FLOAT3: -0.235773,-0.623783,-0.745189
  rot_r2 = FLOAT3: -0.263469,-0.697058,0.666854
  rot_r3 = FLOAT3: -0.935412,0.353560,0.000000
  erot_r1 = FLOAT3: -0.765537,-0.547381,-0.338131
  erot_r2 = FLOAT3: 0.495918,-0.836830,0.231922
  erot_r3 = FLOAT3: -0.409909,0.009857,0.912073
[/]
[#2]
  pos = FLOAT3: 570.538025,10319.000000,2853.622070
  rot_r1 = FLOAT3: 0.020544,-0.004068,-0.999781
  rot_r2 = FLOAT3: -0.980740,0.194192,-0.020943
  rot_r3 = FLOAT3: 0.194235,0.980955,0.000000
  erot_r1 = FLOAT3: -0.639962,-0.740054,-0.206734
  erot_r2 = FLOAT3: 0.586567,-0.644307,0.490696
  erot_r3 = FLOAT3: -0.496345,0.192768,0.846442
[/]
[#3]
  pos = FLOAT3: 13000.791016,12848.190430,2133.913330
  rot_r1 = FLOAT3: -0.929468,-0.259512,0.262190
  rot_r2 = FLOAT3: 0.252531,0.070508,0.965016
  rot_r3 = FLOAT3: -0.268919,0.963163,0.000000
  erot_r1 = FLOAT3: -0.652244,-0.729251,-0.206733
  erot_r2 = FLOAT3: 0.575713,-0.654021,0.490695
  erot_r3 = FLOAT3: -0.493054,0.201041,0.846450
[/]
[#4]
  pos = FLOAT3: 11677.783203,10730.301758,1454.542969
  rot_r1 = FLOAT3: 0.719945,0.233924,-0.653421
  rot_r2 = FLOAT3: -0.621440,-0.201918,-0.756995
  rot_r3 = FLOAT3: -0.309017,0.951057,0.000000
  erot_r1 = FLOAT3: -0.652244,-0.729252,-0.206733
  erot_r2 = FLOAT3: 0.575712,-0.654021,0.490695
  erot_r3 = FLOAT3: -0.493054,0.201041,0.846450
[/]
[#5]
  pos = FLOAT3: 18409.349609,13351.483398,1252.981934
  rot_r1 = FLOAT3: -0.404778,-0.109976,0.907778
  rot_r2 = FLOAT3: 0.876021,0.238009,0.419452
  rot_r3 = FLOAT3: -0.262189,0.965017,0.000000
  erot_r1 = FLOAT3: -0.652244,-0.729252,-0.206733
  erot_r2 = FLOAT3: 0.575712,-0.654021,0.490695
  erot_r3 = FLOAT3: -0.493054,0.201041,0.846450
[/]
[#6]
  pos = FLOAT3: 28712.792969,8478.782227,13186.705078
  rot_r1 = FLOAT3: -0.802239,-0.533006,0.268920
  rot_r2 = FLOAT3: 0.223989,0.148818,0.963163
  rot_r3 = FLOAT3: -0.553392,0.832921,0.000000
  erot_r1 = FLOAT3: -0.668121,-0.714734,-0.206733
  erot_r2 = FLOAT3: 0.561189,-0.666522,0.490695
  erot_r3 = FLOAT3: -0.488514,0.211834,0.846450
[/]
[#7]
  pos = FLOAT3: 24372.392578,-1673.652100,14146.345703
  rot_r1 = FLOAT3: -0.358225,-0.283925,0.889416
  rot_r2 = FLOAT3: 0.697030,0.552459,0.457098
  rot_r3 = FLOAT3: -0.621148,0.783694,0.000000
  erot_r1 = FLOAT3: -0.652244,-0.729252,-0.206733
  erot_r2 = FLOAT3: 0.575712,-0.654021,0.490695
  erot_r3 = FLOAT3: -0.493054,0.201041,0.846450
[/]
[#8]
  pos = FLOAT3: 2432.792725,18710.355469,14781.872070
  rot_r1 = FLOAT3: 0.533405,0.537141,-0.653421
  rot_r2 = FLOAT3: -0.460423,-0.463648,-0.756995
  rot_r3 = FLOAT3: -0.709571,0.704634,0.000000
  erot_r1 = FLOAT3: -0.652244,-0.729252,-0.206733
  erot_r2 = FLOAT3: 0.575712,-0.654021,0.490695
  erot_r3 = FLOAT3: -0.493054,0.201041,0.846450
[/]
[#9]
  pos = FLOAT3: 683.526367,4325.558594,4001.913818
  rot_r1 = FLOAT3: 0.020543,-0.004068,-0.999781
  rot_r2 = FLOAT3: -0.980740,0.194192,-0.020942
  rot_r3 = FLOAT3: 0.194235,0.980955,0.000000
  erot_r1 = FLOAT3: -0.662549,-0.719899,-0.206733
  erot_r2 = FLOAT3: 0.566350,-0.662142,0.490695
  erot_r3 = FLOAT3: -0.490145,0.208034,0.846450
[/]
