model = {
  file = str:"data\models\lifeforms\scorpion\scorpion.nif";
  animation = {
    loop = fixp:"0";
    duration = fixp:"12";
  }
  #1 = {
    scale = fixp:"1";
    name = str:"ROOT";
    translation = xpoint3:"-0.7258770465850830078125,-8.5880279541015625,0";
    rotation = {
      0 = xpoint3:"1,0,0";
      1 = xpoint3:"0,1,0";
      2 = xpoint3:"0,0,1";
    }
    #1 = {
      scale = fixp:"1";
      name = str:"ROOT NonAccum";
      translation = xpoint3:"0,0,0";
      rotation = {
        0 = xpoint3:"1,0,0";
        1 = xpoint3:"0,1,0";
        2 = xpoint3:"0,0,1";
      }
      #0 = {
        scale = fixp:"1";
        name = str:"01";
        translation = xpoint3:"0,0,0";
        rotation = {
          0 = xpoint3:"1,0,0";
          1 = xpoint3:"0,1,0";
          2 = xpoint3:"0,0,1";
        }
        #0 = {
          scale = fixp:"1";
          name = str:"IK Chain15";
          translation = xpoint3:"0.675774514675140380859375,-52.323131561279296875,278.254730224609375";
          rotation = {
            0 = xpoint3:"1,0,0";
            1 = xpoint3:"0,1,0";
            2 = xpoint3:"0,0,1";
          }
          #0 = {
            scale = fixp:"1";
            name = str:"pt_shoot_1";
            translation = xpoint3:"0.0501024723052978515625,-11.4087982177734375,-3.79058837890625";
            rotation = {
              0 = xpoint3:"1,0,0";
              1 = xpoint3:"0,1,0";
              2 = xpoint3:"0,0,1";
            }
          }
        }
        #1 = {
          scale = fixp:"1";
          name = str:"Bone01";
          translation = xpoint3:"0.725876986980438232421875,107.925628662109375,129.2762908935546875";
          rotation = {
            0 = xpoint3:"0,0.999999940395355224609375,0";
            1 = xpoint3:"-0.847622692584991455078125,0,-0.530599415302276611328125";
            2 = xpoint3:"-0.53059947490692138671875,0,0.8476226329803466796875";
          }
          #0 = {
            scale = fixp:"1";
            name = str:"Bone02";
            translation = xpoint3:"73.53131103515625,0,0";
            rotation = {
              0 = xpoint3:"0.945270359516143798828125,0,-0.32628810405731201171875";
              1 = xpoint3:"0,1,0";
              2 = xpoint3:"0.32628810405731201171875,0,0.945270359516143798828125";
            }
            #0 = {
              scale = fixp:"1";
              name = str:"Bone03";
              translation = xpoint3:"58.757251739501953125,0,0";
              rotation = {
                0 = xpoint3:"0.9901275634765625,0,-0.1401690542697906494140625";
                1 = xpoint3:"0,1,0";
                2 = xpoint3:"0.1401690542697906494140625,0,0.9901275634765625";
              }
              #0 = {
                scale = fixp:"1";
                name = str:"Bone04";
                translation = xpoint3:"81.21063995361328125,0,0";
                rotation = {
                  0 = xpoint3:"0.9999978542327880859375,0,0.00206727930344641208648681640625";
                  1 = xpoint3:"0,1,0";
                  2 = xpoint3:"-0.00206727930344641208648681640625,0,0.9999978542327880859375";
                }
                #0 = {
                  scale = fixp:"1";
                  name = str:"Bone30";
                  translation = xpoint3:"66.255218505859375,-23.91431427001953125,3.749365329742431640625";
                  rotation = {
                    0 = xpoint3:"0.97078037261962890625,-0.22315196692943572998046875,-0.088253654539585113525390625";
                    1 = xpoint3:"0.22403909265995025634765625,0.97458016872406005859375,0";
                    2 = xpoint3:"0.085976667702198028564453125,-0.019918419420719146728515625,0.996098041534423828125";
                  }
                }
                #1 = {
                  scale = fixp:"1";
                  name = str:"Bone30(mirrored)";
                  translation = xpoint3:"66.2388458251953125,24.0856876373291015625,3.7406594753265380859375";
                  rotation = {
                    0 = xpoint3:"0.970933020114898681640625,0.22248685359954833984375,-0.08825375139713287353515625";
                    1 = xpoint3:"-0.22334539890289306640625,0.974739372730255126953125,0";
                    2 = xpoint3:"0.0860579013824462890625,0.0195648781955242156982421875,0.996098041534423828125";
                  }
                }
              }
              #1 = {
                scale = fixp:"1";
                name = str:"Bone12";
                translation = xpoint3:"81.21063232421875,0,0";
                rotation = {
                  0 = xpoint3:"0.073730103671550750732421875,0.950176239013671875,0.3006407916545867919921875";
                  1 = xpoint3:"-0.96084463596343994140625,0.14785706996917724609375,-0.23168791830539703369140625";
                  2 = xpoint3:"-0.2645700275897979736328125,-0.27215230464935302734375,0.92510926723480224609375";
                }
                #0 = {
                  scale = fixp:"1";
                  name = str:"Bone13";
                  translation = xpoint3:"82.06145477294921875,-12.28143310546875,-0.9204800128936767578125";
                  rotation = {
                    0 = xpoint3:"0.25584852695465087890625,-0.96488988399505615234375,-0.049488008022308349609375";
                    1 = xpoint3:"0.93732059001922607421875,0.26032078266143798828125,-0.229324400424957275390625";
                    2 = xpoint3:"0.234289646148681640625,0.012128569185733795166015625,0.97207033634185791015625";
                  }
                  #0 = {
                    scale = fixp:"1";
                    name = str:"Bone14";
                    translation = xpoint3:"109.48426055908203125,-22.365631103515625,0.540363788604736328125";
                    rotation = {
                      0 = xpoint3:"0.6658458709716796875,-0.746089279651641845703125,0";
                      1 = xpoint3:"0.746089279651641845703125,0.6658458709716796875,0";
                      2 = xpoint3:"0,0,1";
                    }
                  }
                  #1 = {
                    scale = fixp:"1";
                    name = str:"Bone16";
                    translation = xpoint3:"86.377227783203125,5.038121700286865234375,0";
                    rotation = {
                      0 = xpoint3:"0.566046237945556640625,-0.82399141788482666015625,0";
                      1 = xpoint3:"0.82399141788482666015625,0.566046237945556640625,0";
                      2 = xpoint3:"0,0,1";
                    }
                  }
                }
              }
              #2 = {
                scale = fixp:"1";
                name = str:"Bone12(mirrored)";
                translation = xpoint3:"81.21063995361328125,0,0";
                rotation = {
                  0 = xpoint3:"0.07423047721385955810546875,-0.950348317623138427734375,0.29997384548187255859375";
                  1 = xpoint3:"0.960911571979522705078125,0.1480520069599151611328125,0.23128588497638702392578125";
                  2 = xpoint3:"-0.26418793201446533203125,0.27144467830657958984375,0.925426542758941650390625";
                }
                #0 = {
                  scale = fixp:"1";
                  name = str:"Bone13(mirrored)";
                  translation = xpoint3:"82.17021942138671875,12.3322544097900390625,-1.137313365936279296875";
                  rotation = {
                    0 = xpoint3:"0.256912410259246826171875,0.964580118656158447265625,-0.050028316676616668701171875";
                    1 = xpoint3:"-0.936713755130767822265625,0.261466324329376220703125,0.2305015623569488525390625";
                    2 = xpoint3:"0.2355525493621826171875,-0.012198112905025482177734375,0.97176396846771240234375";
                  }
                  #0 = {
                    scale = fixp:"1";
                    name = str:"Bone16(mirrored)";
                    translation = xpoint3:"86.3772430419921875,-5.038101673126220703125,0";
                    rotation = {
                      0 = xpoint3:"0.566046237945556640625,0.82399141788482666015625,0";
                      1 = xpoint3:"-0.82399141788482666015625,0.566046237945556640625,0";
                      2 = xpoint3:"0,0,1";
                    }
                  }
                  #1 = {
                    scale = fixp:"0.99999988079071044921875";
                    name = str:"Bone14(mirrored)";
                    translation = xpoint3:"109.4872283935546875,22.365142822265625,0.54031026363372802734375";
                    rotation = {
                      0 = xpoint3:"0.665845572948455810546875,0.746089637279510498046875,0";
                      1 = xpoint3:"-0.746089637279510498046875,0.665845572948455810546875,0";
                      2 = xpoint3:"0,0,1";
                    }
                  }
                }
              }
              #3 = {
                scale = fixp:"1";
                name = str:"Bone18";
                translation = xpoint3:"25.9543666839599609375,-34.685062408447265625,-6.79579639434814453125";
                rotation = {
                  0 = xpoint3:"0.670463025569915771484375,0.72966897487640380859375,0.132605731487274169921875";
                  1 = xpoint3:"-0.68964159488677978515625,0.679199397563934326171875,-0.2502339780330657958984375";
                  2 = xpoint3:"-0.2727553844451904296875,0.076195903122425079345703125,0.959030330181121826171875";
                }
                #0 = {
                  scale = fixp:"1";
                  name = str:"Bone19";
                  translation = xpoint3:"52.354038238525390625,0,0";
                  rotation = {
                    0 = xpoint3:"0.4513680934906005859375,0.287398815155029296875,-0.844317853450775146484375";
                    1 = xpoint3:"-0.367943704128265380859375,0.92235481739044189453125,0.117330260574817657470703125";
                    2 = xpoint3:"0.812458097934722900390625,0.2579746246337890625,0.52217578887939453125";
                  }
                  #0 = {
                    scale = fixp:"1";
                    name = str:"Bone20";
                    translation = xpoint3:"59.44012451171875,0,0";
                    rotation = {
                      0 = xpoint3:"-0.27740967273712158203125,0.1971862316131591796875,-0.939312398433685302734375";
                      1 = xpoint3:"0.368152618408203125,-0.880508601665496826171875,-0.2940059602260589599609375";
                      2 = xpoint3:"-0.886371195316314697265625,-0.4278942048549652099609375,0.173358380794525146484375";
                    }
                    #0 = {
                      scale = fixp:"1";
                      name = str:"Bone21";
                      translation = xpoint3:"114.5808868408203125,0,0";
                      rotation = {
                        0 = xpoint3:"1,0,0";
                        1 = xpoint3:"0,1,0";
                        2 = xpoint3:"0,0,1";
                      }
                    }
                  }
                }
              }
              #4 = {
                scale = fixp:"1";
                name = str:"Bone18(mirrored)";
                translation = xpoint3:"25.9543704986572265625,34.685054779052734375,-6.79581356048583984375";
                rotation = {
                  0 = xpoint3:"0.669842660427093505859375,-0.730313777923583984375,0.1321872770786285400390625";
                  1 = xpoint3:"0.69057214260101318359375,0.67856848239898681640625,0.24937617778778076171875";
                  2 = xpoint3:"-0.2719223797321319580078125,-0.075631879270076751708984375,0.9593117237091064453125";
                }
                #0 = {
                  scale = fixp:"1";
                  name = str:"Bone19(mirrored)";
                  translation = xpoint3:"52.3540496826171875,0,0";
                  rotation = {
                    0 = xpoint3:"0.4533809721469879150390625,-0.2876608073711395263671875,-0.843151092529296875";
                    1 = xpoint3:"0.3691835105419158935546875,0.92201244831085205078125,-0.116118244826793670654296875";
                    2 = xpoint3:"0.81077492237091064453125,-0.2589037716388702392578125,0.524330556392669677734375";
                  }
                  #0 = {
                    scale = fixp:"1";
                    name = str:"Bone20(mirrored)";
                    translation = xpoint3:"59.44013214111328125,0,0";
                    rotation = {
                      0 = xpoint3:"-0.276639163494110107421875,-0.196846663951873779296875,-0.93961131572723388671875";
                      1 = xpoint3:"-0.36764633655548095703125,-0.88097476959228515625,0.2932403385639190673828125";
                      2 = xpoint3:"-0.88682258129119873046875,0.4270891249179840087890625,0.17303331196308135986328125";
                    }
                    #0 = {
                      scale = fixp:"1";
                      name = str:"Bone27";
                      translation = xpoint3:"114.58086395263671875,0,0";
                      rotation = {
                        0 = xpoint3:"1,0,0";
                        1 = xpoint3:"0,1,0";
                        2 = xpoint3:"0,0,1";
                      }
                    }
                  }
                }
              }
            }
            #1 = {
              scale = fixp:"1";
              name = str:"Bone22";
              translation = xpoint3:"28.9885616302490234375,-24.338214874267578125,-3.4058635234832763671875";
              rotation = {
                0 = xpoint3:"0.190414488315582275390625,0.966231524944305419921875,-0.1701885759830474853515625";
                1 = xpoint3:"-0.916935741901397705078125,0.113660581409931182861328125,-0.38081991672515869140625";
                2 = xpoint3:"-0.3489932119846343994140625,0.228455066680908203125,0.908779203891754150390625";
              }
              #0 = {
                scale = fixp:"1";
                name = str:"Bone23";
                translation = xpoint3:"49.77988433837890625,0,0";
                rotation = {
                  0 = xpoint3:"0.555597126483917236328125,-0.004456825554370880126953125,-0.831051766872406005859375";
                  1 = xpoint3:"-0.209941446781158447265625,0.966824054718017578125,-0.14535348117351531982421875";
                  2 = xpoint3:"0.804109156131744384765625,0.2553099691867828369140625,0.53623902797698974609375";
                }
                #0 = {
                  scale = fixp:"1";
                  name = str:"Bone24";
                  translation = xpoint3:"69.92962646484375,0,0";
                  rotation = {
                    0 = xpoint3:"-0.0252596437931060791015625,-0.96778810024261474609375,-0.2475080192089080810546875";
                    1 = xpoint3:"-0.093135833740234375,-0.243440330028533935546875,0.9644987583160400390625";
                    2 = xpoint3:"-0.99458515644073486328125,0.0481496155261993408203125,-0.0831261575222015380859375";
                  }
                  #0 = {
                    scale = fixp:"1";
                    name = str:"Bone25";
                    translation = xpoint3:"120.2508087158203125,0,0";
                    rotation = {
                      0 = xpoint3:"1,0,0";
                      1 = xpoint3:"0,1,0";
                      2 = xpoint3:"0,0,1";
                    }
                  }
                }
              }
            }
            #2 = {
              scale = fixp:"1";
              name = str:"Bone22(mirrored)";
              translation = xpoint3:"28.9885616302490234375,24.3385028839111328125,-3.405854701995849609375";
              rotation = {
                0 = xpoint3:"0.18916797637939453125,-0.96660816669464111328125,-0.16943277418613433837890625";
                1 = xpoint3:"0.91727578639984130859375,0.112902484834194183349609375,0.3802247345447540283203125";
                2 = xpoint3:"-0.348774969577789306640625,-0.2272318899631500244140625,0.909169852733612060546875";
              }
              #0 = {
                scale = fixp:"1";
                name = str:"Bone23(mirrored)";
                translation = xpoint3:"49.779876708984375,0,0";
                rotation = {
                  0 = xpoint3:"0.55770075321197509765625,0.001564271748065948486328125,-0.8296539783477783203125";
                  1 = xpoint3:"0.2108095586299896240234375,0.966935098171234130859375,0.1433454453945159912109375";
                  2 = xpoint3:"0.80242598056793212890625,-0.2549237906932830810546875,0.53894102573394775390625";
                }
                #0 = {
                  scale = fixp:"1";
                  name = str:"Bone24(mirrored)";
                  translation = xpoint3:"69.9296112060546875,0,0";
                  rotation = {
                    0 = xpoint3:"-0.0244102180004119873046875,0.967591464519500732421875,-0.2483634650707244873046875";
                    1 = xpoint3:"0.090425193309783935546875,-0.2444927692413330078125,-0.96448981761932373046875";
                    2 = xpoint3:"-0.99485719203948974609375,-0.04673540592193603515625,-0.0806643664836883544921875";
                  }
                  #0 = {
                    scale = fixp:"1";
                    name = str:"Bone28";
                    translation = xpoint3:"120.250823974609375,0,0";
                    rotation = {
                      0 = xpoint3:"1,0,0";
                      1 = xpoint3:"0,1,0";
                      2 = xpoint3:"0,0,1";
                    }
                  }
                }
              }
            }
          }
          #1 = {
            scale = fixp:"1";
            name = str:"Bone05";
            translation = xpoint3:"58.16080474853515625,-26.8162899017333984375,-5.987532138824462890625";
            rotation = {
              0 = xpoint3:"-0.32984936237335205078125,0.6832942962646484375,-0.649906337261199951171875";
              1 = xpoint3:"-0.7738769054412841796875,-0.589383602142333984375,-0.2267926037311553955078125";
              2 = xpoint3:"-0.538872897624969482421875,0.4282863438129425048828125,0.72511231899261474609375";
            }
            #0 = {
              scale = fixp:"1";
              name = str:"Bone15";
              translation = xpoint3:"65.3576202392578125,0,0";
              rotation = {
                0 = xpoint3:"0.666095435619354248046875,-0.054261468350887298583984375,-0.7435643672943115234375";
                1 = xpoint3:"0.051878370344638824462890625,0.998303830623626708984375,-0.0263753272593021392822265625";
                2 = xpoint3:"0.74373447895050048828125,-0.0210408307611942291259765625,0.6677830219268798828125";
              }
              #0 = {
                scale = fixp:"1";
                name = str:"Bone17";
                translation = xpoint3:"75.52591705322265625,0,0";
                rotation = {
                  0 = xpoint3:"-0.0321312807500362396240234375,-0.060131706297397613525390625,0.996922194957733154296875";
                  1 = xpoint3:"-0.2250220775604248046875,0.972985923290252685546875,0.051227800548076629638671875";
                  2 = xpoint3:"-0.973054349422454833984375,-0.2228079736232757568359375,-0.044783823192119598388671875";
                }
                #0 = {
                  scale = fixp:"1";
                  name = str:"Bone26";
                  translation = xpoint3:"141.684967041015625,0,0";
                  rotation = {
                    0 = xpoint3:"1,0,0";
                    1 = xpoint3:"0,1,0";
                    2 = xpoint3:"0,0,1";
                  }
                }
              }
            }
          }
          #2 = {
            scale = fixp:"1";
            name = str:"Bone05(mirrored)";
            translation = xpoint3:"58.16078948974609375,26.816410064697265625,-5.987533092498779296875";
            rotation = {
              0 = xpoint3:"-0.3308011591434478759765625,-0.682938992977142333984375,-0.64979493618011474609375";
              1 = xpoint3:"0.773369967937469482421875,-0.5901737213134765625,0.2264642417430877685546875";
              2 = xpoint3:"-0.53901588916778564453125,-0.4277633130550384521484375,0.72531497478485107421875";
            }
            #0 = {
              scale = fixp:"1";
              name = str:"Bone15(mirrored)";
              translation = xpoint3:"65.35761260986328125,0,0";
              rotation = {
                0 = xpoint3:"0.66686916351318359375,0.0534891821444034576416015625,-0.7429273128509521484375";
                1 = xpoint3:"-0.0520454309880733489990234375,0.9983265399932861328125,0.025158755481243133544921875";
                2 = xpoint3:"0.7430298328399658203125,0.0219225324690341949462890625,0.668539524078369140625";
              }
              #0 = {
                scale = fixp:"1";
                name = str:"Bone17(mirrored)";
                translation = xpoint3:"75.52591705322265625,0,0";
                rotation = {
                  0 = xpoint3:"-0.0315630994737148284912109375,0.06181727349758148193359375,0.996837675571441650390625";
                  1 = xpoint3:"0.22398303449153900146484375,0.973128259181976318359375,-0.05304689705371856689453125";
                  2 = xpoint3:"-0.973313033580780029296875,0.22172279655933380126953125,-0.044550888240337371826171875";
                }
                #0 = {
                  scale = fixp:"1";
                  name = str:"Bone29";
                  translation = xpoint3:"141.6848907470703125,0,0";
                  rotation = {
                    0 = xpoint3:"1,0,0";
                    1 = xpoint3:"0,1,0";
                    2 = xpoint3:"0,0,1";
                  }
                }
              }
            }
          }
          #3 = {
            scale = fixp:"1";
            name = str:"Bone06";
            translation = xpoint3:"13.40770721435546875,0,-9.90334320068359375";
            rotation = {
              0 = xpoint3:"-0.90108907222747802734375,-0.4304410517215728759765625,0";
              1 = xpoint3:"0,0,-0.99927437305450439453125";
              2 = xpoint3:"0.4304410517215728759765625,-0.9018146991729736328125,0";
            }
            #0 = {
              scale = fixp:"1";
              name = str:"Bone07";
              translation = xpoint3:"63.135894775390625,0,0";
              rotation = {
                0 = xpoint3:"0.9014136791229248046875,0.4327936470508575439453125,0";
                1 = xpoint3:"-0.4327936470508575439453125,0.9014136791229248046875,0";
                2 = xpoint3:"0,0,1";
              }
              #0 = {
                scale = fixp:"1";
                name = str:"Bone08";
                translation = xpoint3:"54.71874237060546875,0,0";
                rotation = {
                  0 = xpoint3:"0.86002004146575927734375,0.510061204433441162109375,0";
                  1 = xpoint3:"-0.510061204433441162109375,0.86002004146575927734375,0";
                  2 = xpoint3:"0,0,1";
                }
                #0 = {
                  scale = fixp:"1";
                  name = str:"Bone09";
                  translation = xpoint3:"51.938465118408203125,0,0";
                  rotation = {
                    0 = xpoint3:"0.76626336574554443359375,0.64226257801055908203125,0";
                    1 = xpoint3:"-0.64226257801055908203125,0.76626336574554443359375,0";
                    2 = xpoint3:"0,0,1";
                  }
                  #0 = {
                    scale = fixp:"1";
                    name = str:"Bone10";
                    translation = xpoint3:"54.886493682861328125,0,0";
                    rotation = {
                      0 = xpoint3:"0.932631552219390869140625,0.3606946766376495361328125,0";
                      1 = xpoint3:"-0.3606946766376495361328125,0.932631552219390869140625,0";
                      2 = xpoint3:"0,0,1";
                    }
                    #0 = {
                      scale = fixp:"1";
                      name = str:"Bone11";
                      translation = xpoint3:"62.044208526611328125,0,0";
                      rotation = {
                        0 = xpoint3:"0.921978533267974853515625,0.387094557285308837890625,0";
                        1 = xpoint3:"-0.387094557285308837890625,0.92197859287261962890625,0";
                        2 = xpoint3:"0,0,0.99999988079071044921875";
                      }
                      #0 = {
                        scale = fixp:"1";
                        name = str:"Bone31";
                        translation = xpoint3:"65.44857025146484375,0,0";
                        rotation = {
                          0 = xpoint3:"0.99971234798431396484375,-0.023975528776645660400390625,0";
                          1 = xpoint3:"0.023975528776645660400390625,0.99971234798431396484375,0";
                          2 = xpoint3:"0,0,1";
                        }
                      }
                    }
                  }
                }
              }
            }
          }
        }
      }
      #1 = {
        scale = fixp:"1";
        name = str:"pt_aim";
        translation = xpoint3:"0.7258770465850830078125,-63.73193359375,117.826416015625";
        rotation = {
          0 = xpoint3:"1,0,0";
          1 = xpoint3:"0,1,0";
          2 = xpoint3:"0,0,1";
        }
      }
    }
  }
}