model = {
  file = str:"data\models\units\doomdrone\doomdrone1.nif";
  animation = {
    loop = fixp:"0";
    duration = fixp:"8";
  }
  #1 = {
    scale = fixp:"1";
    name = str:"ROOT";
    translation = xpoint3:"0,0,0";
    rotation = {
      0 = xpoint3:"1,0,0";
      1 = xpoint3:"0,1,0";
      2 = xpoint3:"0,0,1";
    }
    #3 = {
      scale = fixp:"1";
      name = str:"ROOT NonAccum";
      translation = xpoint3:"0,0,0";
      rotation = {
        0 = xpoint3:"1,0,0";
        1 = xpoint3:"0,1,0";
        2 = xpoint3:"0,0,1";
      }
      #0 = {
        scale = fixp:"1";
        name = str:"Bip_01";
        translation = xpoint3:"-0.40965938568115234375,-0.232158660888671875,87.53241729736328125";
        rotation = {
          0 = xpoint3:"1,0,0";
          1 = xpoint3:"0,1,0";
          2 = xpoint3:"0,0,1";
        }
        #0 = {
          scale = fixp:"1";
          name = str:"Bone02";
          translation = xpoint3:"0.4096580445766448974609375,-30.4730548858642578125,-11.4927520751953125";
          rotation = {
            0 = xpoint3:"0,0,-0.99927437305450439453125";
            1 = xpoint3:"-0.98119652271270751953125,-0.1884901523590087890625,0";
            2 = xpoint3:"-0.1892158091068267822265625,0.98119652271270751953125,0";
          }
          #0 = {
            scale = fixp:"1";
            name = str:"Bone06";
            translation = xpoint3:"81.35345458984375,0,0";
            rotation = {
              0 = xpoint3:"0.01129734516143798828125,-0.99921858310699462890625,0";
              1 = xpoint3:"0.99921858310699462890625,0.01129734516143798828125,0";
              2 = xpoint3:"0,0,1";
            }
            #0 = {
              scale = fixp:"1";
              name = str:"Bone08";
              translation = xpoint3:"68.78604888916015625,0,0";
              rotation = {
                0 = xpoint3:"1,0,0";
                1 = xpoint3:"0,1,0";
                2 = xpoint3:"0,0,1";
              }
            }
          }
        }
        #1 = {
          scale = fixp:"1";
          name = str:"Box02";
          translation = xpoint3:"67.72072601318359375,13.6350555419921875,-0.325927734375";
          rotation = {
            0 = xpoint3:"0,0,-0.999999940395355224609375";
            1 = xpoint3:"-0.999999940395355224609375,0,0";
            2 = xpoint3:"0,0.999999940395355224609375,0";
          }
        }
        #2 = {
          scale = fixp:"1";
          name = str:"Box01";
          translation = xpoint3:"-66.90892791748046875,13.6350555419921875,-0.325927734375";
          rotation = {
            0 = xpoint3:"0,0,-0.999999940395355224609375";
            1 = xpoint3:"-0.999999940395355224609375,0,0";
            2 = xpoint3:"0,0.999999940395355224609375,0";
          }
        }
        #3 = {
          scale = fixp:"1";
          name = str:"Bone01";
          translation = xpoint3:"-54.2863006591796875,96.3800201416015625,3.5381622314453125";
          rotation = {
            0 = xpoint3:"-0.0977678000926971435546875,0,-0.99520933628082275390625";
            1 = xpoint3:"0.91297686100006103515625,0.398031651973724365234375,-0.0896892547607421875";
            2 = xpoint3:"0.39612483978271484375,-0.9173717498779296875,-0.0389150083065032958984375";
          }
        }
        #4 = {
          scale = fixp:"1";
          name = str:"Bone05";
          translation = xpoint3:"55.22566986083984375,96.3800201416015625,3.53814697265625";
          rotation = {
            0 = xpoint3:"0.0922515094280242919921875,0,-0.99573576450347900390625";
            1 = xpoint3:"0.91345989704132080078125,0.3980313837528228759765625,0.084628641605377197265625";
            2 = xpoint3:"0.39633405208587646484375,-0.917371809482574462890625,0.036719620227813720703125";
          }
        }
        #5 = {
          scale = fixp:"1";
          name = str:"Bone03";
          translation = xpoint3:"-54.728443145751953125,92.4587249755859375,53.73079681396484375";
          rotation = {
            0 = xpoint3:"-0.09519024193286895751953125,0,-0.995459020137786865234375";
            1 = xpoint3:"0.4195301830768585205078125,0.906854450702667236328125,-0.040117323398590087890625";
            2 = xpoint3:"0.902736485004425048828125,-0.4214439094066619873046875,-0.0863237082958221435546875";
          }
        }
        #6 = {
          scale = fixp:"1";
          name = str:"Bone04";
          translation = xpoint3:"54.78353118896484375,92.4587249755859375,53.73079681396484375";
          rotation = {
            0 = xpoint3:"0.09141714870929718017578125,0,-0.995812714099884033203125";
            1 = xpoint3:"0.4196789562702178955078125,0.906854569911956787109375,0.03852713108062744140625";
            2 = xpoint3:"0.903057277202606201171875,-0.4214436709880828857421875,0.08290207386016845703125";
          }
        }
        #7 = {
          scale = fixp:"1";
          name = str:"Dummy02";
          translation = xpoint3:"-72.017486572265625,12.812824249267578125,91.58315277099609375";
          rotation = {
            0 = xpoint3:"1,0,0";
            1 = xpoint3:"0,1,0";
            2 = xpoint3:"0,0,1";
          }
        }
        #8 = {
          scale = fixp:"1";
          name = str:"Box03";
          translation = xpoint3:"-0.14929103851318359375,-0.229259490966796875,90.71126556396484375";
          rotation = {
            0 = xpoint3:"1,0,0";
            1 = xpoint3:"0,1,0";
            2 = xpoint3:"0,0,1";
          }
          #0 = {
            scale = fixp:"1";
            name = str:"BONE_GUN";
            translation = xpoint3:"0.55896747112274169921875,-53.57660675048828125,18.7020263671875";
            rotation = {
              0 = xpoint3:"0,0,-1";
              1 = xpoint3:"-0.99739360809326171875,-0.0721518993377685546875,0";
              2 = xpoint3:"-0.0721519291400909423828125,0.99739360809326171875,0";
            }
            #0 = {
              scale = fixp:"1";
              name = str:"pt_shoot_1";
              translation = xpoint3:"111.2793426513671875,1.4520094394683837890625,-0.20691680908203125";
              rotation = {
                0 = xpoint3:"0,-0.99999630451202392578125,0.00271013262681663036346435546875";
                1 = xpoint3:"0,0.00271016103215515613555908203125,0.99999630451202392578125";
                2 = xpoint3:"-1,0,0";
              }
            }
          }
        }
        #9 = {
          scale = fixp:"1";
          name = str:"Dummy01";
          translation = xpoint3:"73.88106536865234375,12.812831878662109375,91.58315277099609375";
          rotation = {
            0 = xpoint3:"1,0,0";
            1 = xpoint3:"0,1,0";
            2 = xpoint3:"0,0,1";
          }
        }
        #10 = {
          scale = fixp:"1";
          name = str:"pt_center";
          translation = xpoint3:"0.616630971431732177734375,7.746101856231689453125,47.84844207763671875";
          rotation = {
            0 = xpoint3:"1,0,0";
            1 = xpoint3:"0,1,0";
            2 = xpoint3:"0,0,1";
          }
        }
      }
      #1 = {
        scale = fixp:"1";
        name = str:"pt_ground";
        translation = xpoint3:"0,0,0";
        rotation = {
          0 = xpoint3:"1,0,0";
          1 = xpoint3:"0,1,0";
          2 = xpoint3:"0,0,1";
        }
      }
      #2 = {
        scale = fixp:"1";
        name = str:"pt_top";
        translation = xpoint3:"0.20696926116943359375,7.513943195343017578125,278.487762451171875";
        rotation = {
          0 = xpoint3:"1,0,0";
          1 = xpoint3:"0,1,0";
          2 = xpoint3:"0,0,1";
        }
      }
      #3 = {
        scale = fixp:"1";
        name = str:"pt_aim";
        translation = xpoint3:"0,0,199.9934234619140625";
        rotation = {
          0 = xpoint3:"1,0,0";
          1 = xpoint3:"0,1,0";
          2 = xpoint3:"0,0,1";
        }
      }
    }
  }
}