model = {
  file = str:"data\models\effects\magic\ancientshade_fx_attachment.nif";
  animation = {
    loop = fixp:"50";
    duration = fixp:"50";
  }
  #0 = {
    scale = fixp:"1";
    name = str:"ROOT";
    translation = xpoint3:"0,0,0";
    rotation = {
      0 = xpoint3:"1,0,0";
      1 = xpoint3:"0,1,0";
      2 = xpoint3:"0,0,1";
    }
    #0 = {
      scale = fixp:"1";
      name = str:"Pelvis";
      translation = xpoint3:"0,-3.357852458953857421875,194.438323974609375";
      rotation = {
        0 = xpoint3:"1,0,0";
        1 = xpoint3:"0,0,-0.999999940395355224609375";
        2 = xpoint3:"0,0.999999940395355224609375,0";
      }
      #0 = {
        scale = fixp:"1";
        name = str:"Spine";
        translation = xpoint3:"-0.011307763867080211639404296875,-0.575390875339508056640625,-3.3578612804412841796875";
        rotation = {
          0 = xpoint3:"0.01577151753008365631103515625,-0.999875009059906005859375,0.001098358072340488433837890625";
          1 = xpoint3:"0.999861896038055419921875,0.01576553471386432647705078125,-0.005258142948150634765625";
          2 = xpoint3:"0.005240169353783130645751953125,0.00118113518692553043365478515625,0.99998557567596435546875";
        }
        #0 = {
          scale = fixp:"1";
          name = str:"Spine1";
          translation = xpoint3:"30.6440715789794921875,0,0";
          rotation = {
            0 = xpoint3:"0.992680490016937255859375,-0.009380997158586978912353515625,-0.120405375957489013671875";
            1 = xpoint3:"0.009209969080984592437744140625,0.999955654144287109375,-0.0019768513739109039306640625";
            2 = xpoint3:"0.1204185783863067626953125,0,0.99272286891937255859375";
          }
          #0 = {
            scale = fixp:"1";
            name = str:"Neck";
            translation = xpoint3:"31.306667327880859375,0,0";
            rotation = {
              0 = xpoint3:"0.9974193572998046875,0.0065398071892559528350830078125,0.071497134864330291748046875";
              1 = xpoint3:"-0.0065207607112824916839599609375,0.999978601932525634765625,0";
              2 = xpoint3:"-0.071498878300189971923828125,0,0.99744069576263427734375";
            }
            #0 = {
              scale = fixp:"1";
              name = str:"Head";
              translation = xpoint3:"13.499988555908203125,0,0";
              rotation = {
                0 = xpoint3:"0.713799655437469482421875,-0.03401608765125274658203125,-0.69952332973480224609375";
                1 = xpoint3:"0.0283785872161388397216796875,0.999404251575469970703125,-0.019640795886516571044921875";
                2 = xpoint3:"0.69977474212646484375,-0.0058318912051618099212646484375,0.714339792728424072265625";
              }
              #0 = {
                scale = fixp:"1";
                name = str:"pt_top";
                translation = xpoint3:"36.734004974365234375,-0.07739441096782684326171875,-23.5474796295166015625";
                rotation = {
                  0 = xpoint3:"0.67498648166656494140625,0.7376201152801513671875,-0.0176020897924900054931640625";
                  1 = xpoint3:"-0.020787775516510009765625,-0.004835295490920543670654296875,-0.999772250652313232421875";
                  2 = xpoint3:"-0.737537205219268798828125,0.675198614597320556640625,0.012069725431501865386962890625";
                }
              }
              #1 = {
                scale = fixp:"1";
                name = str:"pt_head";
                translation = xpoint3:"10.5360107421875,-0.19080054759979248046875,-0.438564956188201904296875";
                rotation = {
                  0 = xpoint3:"-0.01760265417397022247314453125,-0.7376205921173095703125,0.6749858856201171875";
                  1 = xpoint3:"-0.99977219104766845703125,0.0048355055041611194610595703125,-0.02078838646411895751953125";
                  2 = xpoint3:"0.012070068158209323883056640625,-0.675198078155517578125,-0.73753774166107177734375";
                }
              }
              #2 = {
                scale = fixp:"1";
                name = str:"pt_aim";
                translation = xpoint3:"73.77373504638671875,0.4352958500385284423828125,72.93131256103515625";
                rotation = {
                  0 = xpoint3:"-0.01760279200971126556396484375,-0.73761999607086181640625,0.674986541271209716796875";
                  1 = xpoint3:"-0.99977219104766845703125,0.0048350491560995578765869140625,-0.02078908123075962066650390625";
                  2 = xpoint3:"0.012070844881236553192138671875,-0.675198733806610107421875,-0.737537086009979248046875";
                }
              }
            }
          }
          #1 = {
            scale = fixp:"1";
            name = str:"L_Clav";
            translation = xpoint3:"31.306667327880859375,0,0";
            rotation = {
              0 = xpoint3:"-0.2734983265399932861328125,0.961708605289459228515625,-0.0177530236542224884033203125";
              1 = xpoint3:"-0.961620628833770751953125,-0.2738024294376373291015625,-0.0178283713757991790771484375";
              2 = xpoint3:"-0.022006519138813018798828125,0.01219564490020275115966796875,0.999683439731597900390625";
            }
            #0 = {
              scale = fixp:"1";
              name = str:"L_UpArm";
              translation = xpoint3:"29.76618194580078125,0,0";
              rotation = {
                0 = xpoint3:"0.62383353710174560546875,0.7811183929443359375,-0.01182799041271209716796875";
                1 = xpoint3:"-0.6196243762969970703125,0.4856803417205810546875,-0.6159820556640625";
                2 = xpoint3:"-0.4757640361785888671875,0.39143621921539306640625,0.787475645542144775390625";
              }
              #0 = {
                scale = fixp:"1";
                name = str:"L_Arm";
                translation = xpoint3:"32.21796417236328125,0,0";
                rotation = {
                  0 = xpoint3:"0.3020748198032379150390625,-0.6258342266082763671875,-0.71837985515594482421875";
                  1 = xpoint3:"0.2547746598720550537109375,0.7796771526336669921875,-0.57172870635986328125";
                  2 = xpoint3:"0.91805660724639892578125,-0.01074278354644775390625,0.395194947719573974609375";
                }
                #0 = {
                  scale = fixp:"1";
                  name = str:"L_Hand";
                  translation = xpoint3:"37.087005615234375,0,0";
                  rotation = {
                    0 = xpoint3:"0.9935534000396728515625,-0.112940572202205657958984375,0.009309911169111728668212890625";
                    1 = xpoint3:"0.113322325050830841064453125,0.989789485931396484375,-0.086371131241321563720703125";
                    2 = xpoint3:"0,0.086869709193706512451171875,0.99621677398681640625";
                  }
                  #0 = {
                    scale = fixp:"1";
                    name = str:"pt_hand";
                    translation = xpoint3:"12.91775989532470703125,0,0";
                    rotation = {
                      0 = xpoint3:"1,0,0";
                      1 = xpoint3:"0,1,0";
                      2 = xpoint3:"0,0,1";
                    }
                  }
                }
              }
            }
          }
          #2 = {
            scale = fixp:"1";
            name = str:"R_Clav";
            translation = xpoint3:"31.306652069091796875,0,0";
            rotation = {
              0 = xpoint3:"-0.2734979689121246337890625,-0.961708724498748779296875,-0.017752505838871002197265625";
              1 = xpoint3:"0.961620748043060302734375,-0.2738020718097686767578125,0.017828561365604400634765625";
              2 = xpoint3:"-0.02200655639171600341796875,-0.012195103801786899566650390625,0.999683439731597900390625";
            }
            #0 = {
              scale = fixp:"1";
              name = str:"R_UpArm";
              translation = xpoint3:"29.766185760498046875,0,0";
              rotation = {
                0 = xpoint3:"0.63113689422607421875,-0.775297820568084716796875,-0.00665266811847686767578125";
                1 = xpoint3:"0.602890789508819580078125,0.485521793365478515625,0.632490813732147216796875";
                2 = xpoint3:"-0.487497270107269287109375,-0.403032600879669189453125,0.774327814579010009765625";
              }
              #0 = {
                scale = fixp:"1";
                name = str:"R_Arm";
                translation = xpoint3:"32.217960357666015625,0,0";
                rotation = {
                  0 = xpoint3:"0.260741889476776123046875,0.639230251312255859375,-0.72272098064422607421875";
                  1 = xpoint3:"-0.22790627181529998779296875,0.76873958110809326171875,0.59729611873626708984375";
                  2 = xpoint3:"0.9375498294830322265625,0.0094127655029296875,0.3463571071624755859375";
                }
                #0 = {
                  scale = fixp:"1";
                  name = str:"R_Hand";
                  translation = xpoint3:"37.087001800537109375,0,0";
                  rotation = {
                    0 = xpoint3:"0.993553459644317626953125,0.112940311431884765625,0.0093096792697906494140625";
                    1 = xpoint3:"-0.11332203447818756103515625,0.989789545536041259765625,0.086371205747127532958984375";
                    2 = xpoint3:"0,-0.086869768798351287841796875,0.99621677398681640625";
                  }
                  #0 = {
                    scale = fixp:"1";
                    name = str:"pt_hand";
                    translation = xpoint3:"10.7812747955322265625,0,0";
                    rotation = {
                      0 = xpoint3:"1,0,0";
                      1 = xpoint3:"0,1,0";
                      2 = xpoint3:"0,0,1";
                    }
                  }
                }
              }
            }
          }
          #3 = {
            scale = fixp:"1";
            name = str:"pt_chest ";
            translation = xpoint3:"11.939220428466796875,0.548612296581268310546875,-1.6748712062835693359375";
            rotation = {
              0 = xpoint3:"0.006579257547855377197265625,-0.125629484653472900390625,0.992055416107177734375";
              1 = xpoint3:"-0.999977648258209228515625,-0.00198528892360627651214599609375,0.0063803954981267452239990234375";
              2 = xpoint3:"0.00116794998757541179656982421875,-0.992075264453887939453125,-0.12563975155353546142578125";
            }
          }
        }
      }
      #1 = {
        scale = fixp:"1";
        name = str:"pt_center";
        translation = xpoint3:"0,0,0";
        rotation = {
          0 = xpoint3:"1,0,0";
          1 = xpoint3:"0,1,0";
          2 = xpoint3:"0,0,1";
        }
      }
      #2 = {
        scale = fixp:"1";
        name = str:"pt_cast";
        translation = xpoint3:"0,64.11835479736328125,70.17786407470703125";
        rotation = {
          0 = xpoint3:"1,0,0";
          1 = xpoint3:"0,-0.24243962764739990234375,0.970166504383087158203125";
          2 = xpoint3:"0,-0.970166504383087158203125,-0.24243962764739990234375";
        }
        #0 = {
          scale = fixp:"1";
          name = str:"pt_shoot_1";
          translation = xpoint3:"0,0,0";
          rotation = {
            0 = xpoint3:"1,0,0";
            1 = xpoint3:"0,1,0";
            2 = xpoint3:"0,0,1";
          }
        }
      }
    }
    #1 = {
      scale = fixp:"1";
      name = str:"pt_ground";
      translation = xpoint3:"0,0,0";
      rotation = {
        0 = xpoint3:"1,0,0";
        1 = xpoint3:"0,1,0";
        2 = xpoint3:"0,0,1";
      }
    }
    #2 = {
      scale = fixp:"1";
      name = str:"NDLCD BN";
      translation = xpoint3:"11.8760547637939453125,-25.6751346588134765625,0";
      rotation = {
        0 = xpoint3:"1,0,0";
        1 = xpoint3:"0,1,0";
        2 = xpoint3:"0,0,1";
      }
    }
  }
  #1 = {
    scale = fixp:"1";
    name = str:"FX_ROOT";
    translation = xpoint3:"0,0,0";
    rotation = {
      0 = xpoint3:"1,0,0";
      1 = xpoint3:"0,1,0";
      2 = xpoint3:"0,0,1";
    }
    #0 = {
      scale = fixp:"1";
      name = str:"Dark_Energy01";
      translation = xpoint3:"0.0613740943372249603271484375,3.23216152191162109375,4.514055728912353515625";
      rotation = {
        0 = xpoint3:"1,0,0";
        1 = xpoint3:"0,1,0";
        2 = xpoint3:"0,0,1";
      }
    }
    #1 = {
      scale = fixp:"1";
      name = str:"Plane_On_Path05";
      translation = xpoint3:"-1.25414550304412841796875,-2.310278415679931640625,24.04972076416015625";
      rotation = {
        0 = xpoint3:"1,0,0";
        1 = xpoint3:"0,1,0";
        2 = xpoint3:"0,0,1";
      }
    }
    #3 = {
      scale = fixp:"1";
      name = str:"Plane_On_Path04";
      translation = xpoint3:"-1.25414550304412841796875,-2.3102729320526123046875,-22.6964778900146484375";
      rotation = {
        0 = xpoint3:"-0.27165377140045166015625,-0.906307756900787353515625,0.32374441623687744140625";
        1 = xpoint3:"-0.582563459873199462890625,0.42261826992034912109375,0.694271981716156005859375";
        2 = xpoint3:"-0.7660443782806396484375,0,-0.6427876949310302734375";
      }
    }
    #4 = {
      scale = fixp:"1";
      name = str:"FX_Rot01_Trail";
      translation = xpoint3:"0,0,55.930644989013671875";
      rotation = {
        0 = xpoint3:"1,0,0";
        1 = xpoint3:"0,1,0";
        2 = xpoint3:"0,0,1";
      }
      #0 = {
        scale = fixp:"1";
        name = str:"Emmiter01";
        translation = xpoint3:"44.734157562255859375,0,0";
        rotation = {
          0 = xpoint3:"1,0,0";
          1 = xpoint3:"0,1,0";
          2 = xpoint3:"0,0,1";
        }
      }
      #1 = {
        scale = fixp:"1";
        name = str:"Emmiter03";
        translation = xpoint3:"-44.73400115966796875,0,0";
        rotation = {
          0 = xpoint3:"1,0,0";
          1 = xpoint3:"0,1,0";
          2 = xpoint3:"0,0,1";
        }
      }
    }
    #5 = {
      scale = fixp:"1";
      name = str:"FX_Rot01_Trail02";
      translation = xpoint3:"0,0,-119.85137939453125";
      rotation = {
        0 = xpoint3:"-1,0,0";
        1 = xpoint3:"0,-1,0";
        2 = xpoint3:"0,0,1";
      }
      #0 = {
        scale = fixp:"1";
        name = str:"Emmiter02";
        translation = xpoint3:"44.734157562255859375,0,0";
        rotation = {
          0 = xpoint3:"1,0,0";
          1 = xpoint3:"0,1,0";
          2 = xpoint3:"0,0,1";
        }
      }
      #1 = {
        scale = fixp:"1";
        name = str:"Emmiter04";
        translation = xpoint3:"-44.73400115966796875,0,0";
        rotation = {
          0 = xpoint3:"1,0,0";
          1 = xpoint3:"0,1,0";
          2 = xpoint3:"0,0,1";
        }
      }
    }
    #6 = {
      scale = fixp:"1";
      name = str:"FX_Rot01_Trail01";
      translation = xpoint3:"0,0,-1.09157848358154296875";
      rotation = {
        0 = xpoint3:"0.819152057170867919921875,0,0.573576390743255615234375";
        1 = xpoint3:"0,1,0";
        2 = xpoint3:"-0.573576390743255615234375,0,0.819152057170867919921875";
      }
      #0 = {
        scale = fixp:"1";
        name = str:"Emmiter05";
        translation = xpoint3:"44.734161376953125,0,0";
        rotation = {
          0 = xpoint3:"1,0,0";
          1 = xpoint3:"0,1,0";
          2 = xpoint3:"0,0,1";
        }
      }
      #1 = {
        scale = fixp:"1";
        name = str:"Emmiter06";
        translation = xpoint3:"-44.73400115966796875,0,0";
        rotation = {
          0 = xpoint3:"1,0,0";
          1 = xpoint3:"0,1,0";
          2 = xpoint3:"0,0,1";
        }
      }
    }
  }
  #2 = {
    scale = fixp:"1";
    name = str:"PCloud01-Emitter";
    translation = xpoint3:"0,0.2770020961761474609375,-45.607830047607421875";
    rotation = {
      0 = xpoint3:"1,0,0";
      1 = xpoint3:"0,1,0";
      2 = xpoint3:"0,0,1";
    }
  }
}