model = {
  file = str:"data\models\effects\magic\buildingsrepair.nif";
  animation = {
    loop = fixp:"1.33333337306976318359375";
    duration = fixp:"0";
  }
  #0 = {
    scale = fixp:"1";
    name = str:"Dummy01";
    translation = xpoint3:"0,0,0";
    rotation = {
      0 = xpoint3:"1,0,0";
      1 = xpoint3:"0,0.93969261646270751953125,-0.3420201241970062255859375";
      2 = xpoint3:"0,0.3420201241970062255859375,0.93969261646270751953125";
    }
    #0 = {
      scale = fixp:"1";
      name = str:"Cylinder01";
      translation = xpoint3:"0,0,0";
      rotation = {
        0 = xpoint3:"1,0,0";
        1 = xpoint3:"0,0.9848077297210693359375,-0.17364816367626190185546875";
        2 = xpoint3:"0,0.17364816367626190185546875,0.9848077297210693359375";
      }
      #0 = {
        scale = fixp:"1";
        name = str:"Plane01";
        translation = xpoint3:"-8.064006805419921875,38.118389129638671875,4.674084186553955078125";
        rotation = {
          0 = xpoint3:"1,0,0";
          1 = xpoint3:"0,0.866025447845458984375,0.4999999105930328369140625";
          2 = xpoint3:"0,-0.4999999105930328369140625,0.866025447845458984375";
        }
      }
    }
    #1 = {
      scale = fixp:"1";
      name = str:"Cylinder02";
      translation = xpoint3:"0,0,0";
      rotation = {
        0 = xpoint3:"-0.7071068286895751953125,-0.69636440277099609375,0.12278781831264495849609375";
        1 = xpoint3:"0.70710694789886474609375,-0.69636428356170654296875,0.122787781059741973876953125";
        2 = xpoint3:"0,0.173648178577423095703125,0.9848077297210693359375";
      }
      #0 = {
        scale = fixp:"1";
        name = str:"Plane03";
        translation = xpoint3:"-6.386734485626220703125,39.0314483642578125,3.7977964878082275390625";
        rotation = {
          0 = xpoint3:"-0.70710659027099609375,0.664463222026824951171875,0.24184487760066986083984375";
          1 = xpoint3:"-0.696364462375640869140625,-0.713759243488311767578125,-0.0749948322772979736328125";
          2 = xpoint3:"0.1227877140045166015625,-0.22144152224063873291015625,0.967412412166595458984375";
        }
      }
    }
    #2 = {
      scale = fixp:"1";
      name = str:"Cylinder03";
      translation = xpoint3:"0,0,0";
      rotation = {
        0 = xpoint3:"-0.500000178813934326171875,0.852868556976318359375,-0.15038372576236724853515625";
        1 = xpoint3:"-0.866025447845458984375,-0.492404043674468994140625,0.086824096739292144775390625";
        2 = xpoint3:"0,0.17364816367626190185546875,0.9848077297210693359375";
      }
      #0 = {
        scale = fixp:"1";
        name = str:"Plane02";
        translation = xpoint3:"-9.57007598876953125,37.90537261962890625,4.31800174713134765625";
        rotation = {
          0 = xpoint3:"-0.50000011920928955078125,-0.813797533512115478515625,-0.29619824886322021484375";
          1 = xpoint3:"0.85286843776702880859375,-0.52209961414337158203125,-0.0052362564019858837127685546875";
          2 = xpoint3:"-0.15038372576236724853515625,-0.25523626804351806640625,0.955112159252166748046875";
        }
      }
    }
  }
}