model = {
  file = str:"data\models\effects\magic\healfxfinish.nif";
  animation = {
    loop = fixp:"2";
    duration = fixp:"0";
  }
  #0 = {
    scale = fixp:"1";
    name = str:"SuperSpray02-Emitter";
    translation = xpoint3:"0,0,0";
    rotation = {
      0 = xpoint3:"1,0,0";
      1 = xpoint3:"0,1,0";
      2 = xpoint3:"0,0,1";
    }
  }
  #1 = {
    scale = fixp:"1";
    name = str:"SuperSpray01-Emitter";
    translation = xpoint3:"0,0,0";
    rotation = {
      0 = xpoint3:"0.96592581272125244140625,0,0.2588190734386444091796875";
      1 = xpoint3:"0,1,0";
      2 = xpoint3:"-0.2588190734386444091796875,0,0.96592581272125244140625";
    }
  }
  #2 = {
    scale = fixp:"1";
    name = str:"Omni01";
    translation = xpoint3:"0,0,0";
    rotation = {
      0 = xpoint3:"1,0,0";
      1 = xpoint3:"0,1,0";
      2 = xpoint3:"0,0,1";
    }
  }
  #3 = {
    scale = fixp:"1";
    name = str:"Dummy01";
    translation = xpoint3:"0,0,0";
    rotation = {
      0 = xpoint3:"1,0,0";
      1 = xpoint3:"0,1,0";
      2 = xpoint3:"0,0,1";
    }
    #0 = {
      scale = fixp:"1";
      name = str:"Cylinder01";
      translation = xpoint3:"0,0,0";
      rotation = {
        0 = xpoint3:"1,0,0";
        1 = xpoint3:"0,1,0";
        2 = xpoint3:"0,0,1";
      }
      #0 = {
        scale = fixp:"1";
        name = str:"Plane04";
        translation = xpoint3:"-8.534465789794921875,26.8298492431640625,4.997051239013671875";
        rotation = {
          0 = xpoint3:"1,0,0";
          1 = xpoint3:"0,1,0";
          2 = xpoint3:"0,0,1";
        }
      }
    }
    #1 = {
      scale = fixp:"1";
      name = str:"Cylinder02";
      translation = xpoint3:"0,0,0";
      rotation = {
        0 = xpoint3:"-0.808893263339996337890625,0.587696254253387451171875,0.0174531042575836181640625";
        1 = xpoint3:"0.0141198635101318359375,-0.010258637368679046630859375,0.9998476505279541015625";
        2 = xpoint3:"0.58778584003448486328125,0.809016525745391845703125,0";
      }
      #0 = {
        scale = fixp:"1";
        name = str:"Plane01";
        translation = xpoint3:"-7.369190216064453125,25.852153778076171875,3.7131516933441162109375";
        rotation = {
          0 = xpoint3:"-0.8088932037353515625,0.014119975268840789794921875,0.587786018848419189453125";
          1 = xpoint3:"0.587696492671966552734375,-0.010258741676807403564453125,0.8090164661407470703125";
          2 = xpoint3:"0.01745323836803436279296875,0.999847710132598876953125,0";
        }
      }
    }
  }
  #4 = {
    scale = fixp:"1";
    name = str:"Dummy02";
    translation = xpoint3:"0,0,0";
    rotation = {
      0 = xpoint3:"-0.500000178813934326171875,-0.612372457981109619140625,0.61237239837646484375";
      1 = xpoint3:"0.866025388240814208984375,-0.3535535037517547607421875,0.353553473949432373046875";
      2 = xpoint3:"0,0.7071068286895751953125,0.707106769084930419921875";
    }
    #0 = {
      scale = fixp:"1";
      name = str:"Cylinder03";
      translation = xpoint3:"0,0,0";
      rotation = {
        0 = xpoint3:"1,0,0";
        1 = xpoint3:"0,1,0";
        2 = xpoint3:"0,0,1";
      }
      #0 = {
        scale = fixp:"1";
        name = str:"Plane03";
        translation = xpoint3:"-7.048249721527099609375,25.88033294677734375,4.728122234344482421875";
        rotation = {
          0 = xpoint3:"-0.4999999105930328369140625,0.866025447845458984375,0";
          1 = xpoint3:"0.61237251758575439453125,0.353553354740142822265625,-0.70710670948028564453125";
          2 = xpoint3:"-0.61237239837646484375,-0.3535533249378204345703125,-0.7071068286895751953125";
        }
      }
    }
    #1 = {
      scale = fixp:"1";
      name = str:"Cylinder04";
      translation = xpoint3:"0,0,0";
      rotation = {
        0 = xpoint3:"-0.808893263339996337890625,0.587696254253387451171875,0.0174531042575836181640625";
        1 = xpoint3:"0.0141198635101318359375,-0.010258637368679046630859375,0.9998476505279541015625";
        2 = xpoint3:"0.58778584003448486328125,0.809016525745391845703125,0";
      }
      #0 = {
        scale = fixp:"1";
        name = str:"Plane02";
        translation = xpoint3:"-7.133495807647705078125,27.1925411224365234375,3.2174625396728515625";
        rotation = {
          0 = xpoint3:"0.053149521350860595703125,-0.903343737125396728515625,-0.425611555576324462890625";
          1 = xpoint3:"-0.795549809932708740234375,0.219302237033843994140625,-0.56480705738067626953125";
          2 = xpoint3:"0.603552520275115966796875,0.3686144053936004638671875,-0.70699918270111083984375";
        }
      }
    }
  }
}