model = {
  file = str:"data\models\effects\magic\healfxground.nif";
  animation = {
    loop = fixp:"1";
    duration = fixp:"0";
  }
  #0 = {
    scale = fixp:"1";
    name = str:"SuperSpray01-Emitter";
    translation = xpoint3:"0,0,0";
    rotation = {
      0 = xpoint3:"1,0,0";
      1 = xpoint3:"0,1,0";
      2 = xpoint3:"0,0,1";
    }
  }
  #1 = {
    scale = fixp:"1";
    name = str:"Omni01";
    translation = xpoint3:"0,0,26.04549407958984375";
    rotation = {
      0 = xpoint3:"1,0,0";
      1 = xpoint3:"0,1,0";
      2 = xpoint3:"0,0,1";
    }
  }
  #2 = {
    scale = fixp:"1";
    name = str:"Dummy02";
    translation = xpoint3:"0,0,51.412311553955078125";
    rotation = {
      0 = xpoint3:"-0.500000059604644775390625,0.612372457981109619140625,-0.61237239837646484375";
      1 = xpoint3:"0.866025388240814208984375,0.3535534441471099853515625,-0.35355341434478759765625";
      2 = xpoint3:"0,-0.707106769084930419921875,-0.7071068286895751953125";
    }
    #0 = {
      scale = fixp:"1";
      name = str:"Cylinder03";
      translation = xpoint3:"2.5109970569610595703125,1.08892452716827392578125,-1.9699661731719970703125";
      rotation = {
        0 = xpoint3:"1,0,0";
        1 = xpoint3:"0,1,0";
        2 = xpoint3:"0,0,1";
      }
      #0 = {
        scale = fixp:"1";
        name = str:"Plane03";
        translation = xpoint3:"-16.1859569549560546875,59.43289947509765625,10.8578968048095703125";
        rotation = {
          0 = xpoint3:"-0.4999999105930328369140625,0.866025447845458984375,0";
          1 = xpoint3:"0.61237251758575439453125,0.353553354740142822265625,-0.70710670948028564453125";
          2 = xpoint3:"-0.61237239837646484375,-0.3535533249378204345703125,-0.7071068286895751953125";
        }
      }
    }
    #1 = {
      scale = fixp:"1";
      name = str:"Cylinder04";
      translation = xpoint3:"2.5109970569610595703125,1.08892452716827392578125,-1.9699661731719970703125";
      rotation = {
        0 = xpoint3:"-0.808893263339996337890625,0.587696254253387451171875,0.0174531042575836181640625";
        1 = xpoint3:"0.0141198635101318359375,-0.01025865972042083740234375,0.999847590923309326171875";
        2 = xpoint3:"0.58778584003448486328125,0.809016525745391845703125,0";
      }
      #0 = {
        scale = fixp:"1";
        name = str:"Plane02";
        translation = xpoint3:"-16.3817157745361328125,62.44632720947265625,7.388741016387939453125";
        rotation = {
          0 = xpoint3:"0.053149543702602386474609375,-0.903343737125396728515625,-0.4256115853786468505859375";
          1 = xpoint3:"-0.795549809932708740234375,0.2193022668361663818359375,-0.56480705738067626953125";
          2 = xpoint3:"0.603552520275115966796875,0.3686144649982452392578125,-0.7069990634918212890625";
        }
      }
    }
  }
  #3 = {
    scale = fixp:"1";
    name = str:"Gravity01";
    translation = xpoint3:"-61.130706787109375,83.1378173828125,0";
    rotation = {
      0 = xpoint3:"-1,0,0";
      1 = xpoint3:"0,-1,0";
      2 = xpoint3:"0,0,1";
    }
  }
  #4 = {
    scale = fixp:"1";
    name = str:"Drag01";
    translation = xpoint3:"-129.2166290283203125,-15.6757030487060546875,0";
    rotation = {
      0 = xpoint3:"1,0,0";
      1 = xpoint3:"0,1,0";
      2 = xpoint3:"0,0,1";
    }
  }
  #5 = {
    scale = fixp:"1";
    name = str:"Dummy01";
    translation = xpoint3:"0,0,123.8074951171875";
    rotation = {
      0 = xpoint3:"0.10135923326015472412109375,-0.691620171070098876953125,0.7151138782501220703125";
      1 = xpoint3:"-0.941511094570159912109375,-0.298893749713897705078125,-0.15562570095062255859375";
      2 = xpoint3:"0.3213769495487213134765625,-0.657513558864593505859375,-0.681463718414306640625";
    }
    #0 = {
      scale = fixp:"1";
      name = str:"Cylinder05";
      translation = xpoint3:"2.510997295379638671875,1.08892333507537841796875,-1.969969272613525390625";
      rotation = {
        0 = xpoint3:"1,0,0";
        1 = xpoint3:"0,1,0";
        2 = xpoint3:"0,0,1";
      }
      #0 = {
        scale = fixp:"1";
        name = str:"Plane04";
        translation = xpoint3:"-16.185955047607421875,59.432895660400390625,10.85789203643798828125";
        rotation = {
          0 = xpoint3:"-0.4999999105930328369140625,0.866025447845458984375,0";
          1 = xpoint3:"0.61237251758575439453125,0.353553354740142822265625,-0.70710670948028564453125";
          2 = xpoint3:"-0.61237239837646484375,-0.3535533249378204345703125,-0.7071068286895751953125";
        }
      }
    }
    #1 = {
      scale = fixp:"1";
      name = str:"Cylinder06";
      translation = xpoint3:"2.510997295379638671875,1.08892333507537841796875,-1.969969272613525390625";
      rotation = {
        0 = xpoint3:"-0.808893263339996337890625,0.587696254253387451171875,0.0174531042575836181640625";
        1 = xpoint3:"0.0141198635101318359375,-0.01025865972042083740234375,0.999847590923309326171875";
        2 = xpoint3:"0.58778584003448486328125,0.809016525745391845703125,0";
      }
      #0 = {
        scale = fixp:"1";
        name = str:"Plane05";
        translation = xpoint3:"-16.3817157745361328125,62.446319580078125,7.38874340057373046875";
        rotation = {
          0 = xpoint3:"0.053149521350860595703125,-0.903343737125396728515625,-0.425611555576324462890625";
          1 = xpoint3:"-0.795549809932708740234375,0.219302237033843994140625,-0.56480705738067626953125";
          2 = xpoint3:"0.603552520275115966796875,0.3686144053936004638671875,-0.70699918270111083984375";
        }
      }
    }
  }
  #6 = {
    scale = fixp:"1";
    name = str:"Dummy03";
    translation = xpoint3:"0,0,188.3385467529296875";
    rotation = {
      0 = xpoint3:"-0.796756267547607421875,-0.4616680443286895751953125,-0.389925658702850341796875";
      1 = xpoint3:"0.546782791614532470703125,-0.2760162055492401123046875,-0.790470540523529052734375";
      2 = xpoint3:"0.2573091983795166015625,-0.84301698207855224609375,0.4723497927188873291015625";
    }
    #0 = {
      scale = fixp:"1";
      name = str:"Cylinder07";
      translation = xpoint3:"2.5109970569610595703125,1.08891904354095458984375,-1.96996748447418212890625";
      rotation = {
        0 = xpoint3:"1,0,0";
        1 = xpoint3:"0,1,0";
        2 = xpoint3:"0,0,1";
      }
      #0 = {
        scale = fixp:"1";
        name = str:"Plane06";
        translation = xpoint3:"-16.1859569549560546875,59.432888031005859375,10.8578968048095703125";
        rotation = {
          0 = xpoint3:"-0.4999999105930328369140625,0.866025447845458984375,0";
          1 = xpoint3:"0.61237251758575439453125,0.353553354740142822265625,-0.70710670948028564453125";
          2 = xpoint3:"-0.61237239837646484375,-0.3535533249378204345703125,-0.7071068286895751953125";
        }
      }
    }
    #1 = {
      scale = fixp:"1";
      name = str:"Cylinder08";
      translation = xpoint3:"2.5109970569610595703125,1.08891904354095458984375,-1.96996748447418212890625";
      rotation = {
        0 = xpoint3:"-0.808893263339996337890625,0.587696254253387451171875,0.0174531042575836181640625";
        1 = xpoint3:"0.0141198635101318359375,-0.01025865972042083740234375,0.999847590923309326171875";
        2 = xpoint3:"0.58778584003448486328125,0.809016525745391845703125,0";
      }
      #0 = {
        scale = fixp:"1";
        name = str:"Plane07";
        translation = xpoint3:"-16.381717681884765625,62.446319580078125,7.388741016387939453125";
        rotation = {
          0 = xpoint3:"0.053149543702602386474609375,-0.903343737125396728515625,-0.4256115853786468505859375";
          1 = xpoint3:"-0.795549809932708740234375,0.2193022668361663818359375,-0.56480705738067626953125";
          2 = xpoint3:"0.603552520275115966796875,0.3686144649982452392578125,-0.7069990634918212890625";
        }
      }
    }
  }
}