model = {
  file = str:"data\models\lifeforms\widow\widow.nif";
  animation = {
    loop = fixp:"0";
    duration = fixp:"15.3333339691162109375";
  }
  #0 = {
    scale = fixp:"1";
    name = str:"Box01";
    translation = xpoint3:"0,0,131.8902740478515625";
    rotation = {
      0 = xpoint3:"1,0,0";
      1 = xpoint3:"0,1,0";
      2 = xpoint3:"0,0,1";
    }
  }
  #1 = {
    scale = fixp:"1";
    name = str:"ROOT";
    translation = xpoint3:"0,0,0";
    rotation = {
      0 = xpoint3:"1,0,0";
      1 = xpoint3:"0,1,0";
      2 = xpoint3:"0,0,1";
    }
    #0 = {
      scale = fixp:"1";
      name = str:"Bone01";
      translation = xpoint3:"0,44.3235626220703125,113.43065643310546875";
      rotation = {
        0 = xpoint3:"0,1,0";
        1 = xpoint3:"-0.99539411067962646484375,0,0.095867045223712921142578125";
        2 = xpoint3:"0.09586705267429351806640625,0,0.995394170284271240234375";
      }
      #0 = {
        scale = fixp:"1";
        name = str:"Bone02";
        translation = xpoint3:"83.945648193359375,0,0";
        rotation = {
          0 = xpoint3:"0.326058864593505859375,0,0.945349514484405517578125";
          1 = xpoint3:"0,1,0";
          2 = xpoint3:"-0.945349514484405517578125,0,0.326058864593505859375";
        }
        #0 = {
          scale = fixp:"1";
          name = str:"Bone04";
          translation = xpoint3:"64.857635498046875,-21.673000335693359375,-7.30624294281005859375";
          rotation = {
            0 = xpoint3:"0.529955387115478515625,0.38770949840545654296875,-0.753754913806915283203125";
            1 = xpoint3:"-0.67653453350067138671875,0.729284346103668212890625,-0.100262165069580078125";
            2 = xpoint3:"0.510652720928192138671875,0.563411772251129150390625,0.64906990528106689453125";
          }
          #0 = {
            scale = fixp:"1";
            name = str:"Bone05";
            translation = xpoint3:"77.37711334228515625,0,0";
            rotation = {
              0 = xpoint3:"0.0740208327770233154296875,-0.996509253978729248046875,-0.012105844914913177490234375";
              1 = xpoint3:"0.985915124416351318359375,0.0750022232532501220703125,-0.14492642879486083984375";
              2 = xpoint3:"0.1454252302646636962890625,-0.001313865184783935546875,0.9893605709075927734375";
            }
          }
        }
        #1 = {
          scale = fixp:"1";
          name = str:"Bone04(mirrored)";
          translation = xpoint3:"64.85762786865234375,21.673004150390625,-7.30626010894775390625";
          rotation = {
            0 = xpoint3:"0.53030550479888916015625,-0.38770091533660888671875,-0.753513395786285400390625";
            1 = xpoint3:"0.676448822021484375,0.72932636737823486328125,0.10053505003452301025390625";
            2 = xpoint3:"0.510403215885162353515625,-0.563363373279571533203125,0.649308383464813232421875";
          }
          #0 = {
            scale = fixp:"1";
            name = str:"Bone05(mirrored)";
            translation = xpoint3:"77.37711334228515625,0,0";
            rotation = {
              0 = xpoint3:"0.0740201771259307861328125,0.996509253978729248046875,-0.012105815112590789794921875";
              1 = xpoint3:"-0.985915124416351318359375,0.0750015676021575927734375,0.14492642879486083984375";
              2 = xpoint3:"0.1454252302646636962890625,0.001313932240009307861328125,0.9893605709075927734375";
            }
          }
        }
      }
      #1 = {
        scale = fixp:"1";
        name = str:"Bone15";
        translation = xpoint3:"-0.630624473094940185546875,0,-0.13443386554718017578125";
        rotation = {
          0 = xpoint3:"-0.9985516071319580078125,0,-0.0538017190992832183837890625";
          1 = xpoint3:"0,-0.999999940395355224609375,0";
          2 = xpoint3:"-0.0538017190992832183837890625,0,0.998551666736602783203125";
        }
        #0 = {
          scale = fixp:"1";
          name = str:"Bone16";
          translation = xpoint3:"96.37192535400390625,0,0";
          rotation = {
            0 = xpoint3:"0.813881397247314453125,0,0.5810310840606689453125";
            1 = xpoint3:"0,1,0";
            2 = xpoint3:"-0.5810310840606689453125,0,0.813881397247314453125";
          }
          #0 = {
            scale = fixp:"1";
            name = str:"Bone18";
            translation = xpoint3:"26.678356170654296875,0,0";
            rotation = {
              0 = xpoint3:"0.935474097728729248046875,0,0.353395283222198486328125";
              1 = xpoint3:"0,1,0";
              2 = xpoint3:"-0.353395283222198486328125,0,0.935474097728729248046875";
            }
          }
        }
      }
      #2 = {
        scale = fixp:"1";
        name = str:"Bone11(mirrored)";
        translation = xpoint3:"25.078136444091796875,70.70500946044921875,-41.0412750244140625";
        rotation = {
          0 = xpoint3:"-0.721298515796661376953125,-0.6846792697906494140625,0.091896988451480865478515625";
          1 = xpoint3:"0.64837276935577392578125,-0.625035107135772705078125,0.4319558441638946533203125";
          2 = xpoint3:"-0.23841869831085205078125,0.3717357218265533447265625,0.89711749553680419921875";
        }
        #0 = {
          scale = fixp:"1";
          name = str:"Bone12(mirrored)";
          translation = xpoint3:"76.4248809814453125,0,0";
          rotation = {
            0 = xpoint3:"0.06958575546741485595703125,-0.650392830371856689453125,-0.7555110454559326171875";
            1 = xpoint3:"0.346096694469451904296875,0.72652971744537353515625,-0.593274652957916259765625";
            2 = xpoint3:"0.93489301204681396484375,-0.220786988735198974609375,0.276003062725067138671875";
          }
          #0 = {
            scale = fixp:"1";
            name = str:"Bone13(mirrored)";
            translation = xpoint3:"112.9952392578125,0,0";
            rotation = {
              0 = xpoint3:"-0.539697468280792236328125,0.298713266849517822265625,0.785660684108734130859375";
              1 = xpoint3:"-0.4147932529449462890625,0.71833050251007080078125,-0.558156907558441162109375";
              2 = xpoint3:"-0.731053292751312255859375,-0.627983272075653076171875,-0.2633720338344573974609375";
            }
          }
        }
      }
      #3 = {
        scale = fixp:"1";
        name = str:"Bone11";
        translation = xpoint3:"25.078144073486328125,-70.70537567138671875,-41.0413055419921875";
        rotation = {
          0 = xpoint3:"-0.721298158168792724609375,0.6847016811370849609375,0.091731496155261993408203125";
          1 = xpoint3:"-0.64837300777435302734375,-0.625139176845550537109375,-0.4318044483661651611328125";
          2 = xpoint3:"-0.2384187281131744384765625,-0.3715188801288604736328125,0.89720737934112548828125";
        }
        #0 = {
          scale = fixp:"1";
          name = str:"Bone12";
          translation = xpoint3:"76.424896240234375,0,0";
          rotation = {
            0 = xpoint3:"0.10319383442401885986328125,0.643379151821136474609375,-0.757702350616455078125";
            1 = xpoint3:"-0.17849080264568328857421875,0.76197159290313720703125,0.6222498416900634765625";
            2 = xpoint3:"0.9778499603271484375,0.0715339481830596923828125,0.1937064230442047119140625";
          }
          #0 = {
            scale = fixp:"1";
            name = str:"Bone13";
            translation = xpoint3:"112.9952545166015625,0,0";
            rotation = {
              0 = xpoint3:"-0.5396983623504638671875,-0.2979436814785003662109375,0.785952270030975341796875";
              1 = xpoint3:"0.4135946929454803466796875,0.7199039459228515625,0.55702006816864013671875";
              2 = xpoint3:"-0.731731355190277099609375,0.62654721736907958984375,-0.2649004459381103515625";
            }
          }
        }
      }
      #4 = {
        scale = fixp:"1";
        name = str:"Bone07(mirrored)";
        translation = xpoint3:"72.1082305908203125,55.58101654052734375,-43.306156158447265625";
        rotation = {
          0 = xpoint3:"0.3032932281494140625,-0.94908273220062255859375,0.07901938259601593017578125";
          1 = xpoint3:"0.8720624446868896484375,0.3101480901241302490234375,0.377245485782623291015625";
          2 = xpoint3:"-0.382765293121337890625,-0.04526527225971221923828125,0.922675192356109619140625";
        }
        #0 = {
          scale = fixp:"1";
          name = str:"Bone08(mirrored)";
          translation = xpoint3:"77.23606109619140625,0,0";
          rotation = {
            0 = xpoint3:"0.0568321086466312408447265625,0.18114578723907470703125,-0.981115400791168212890625";
            1 = xpoint3:"-0.3126772344112396240234375,0.9370787143707275390625,0.15500032901763916015625";
            2 = xpoint3:"0.947435557842254638671875,0.2982923984527587890625,0.1099805533885955810546875";
          }
          #0 = {
            scale = fixp:"1";
            name = str:"Bone09(mirrored)";
            translation = xpoint3:"92.77923583984375,0,0";
            rotation = {
              0 = xpoint3:"-0.526174128055572509765625,0.007591721601784229278564453125,0.849039733409881591796875";
              1 = xpoint3:"0.00243040849454700946807861328125,0.999969422817230224609375,-0.007426506839692592620849609375";
              2 = xpoint3:"-0.849070250988006591796875,-0.001850853674113750457763671875,-0.52617645263671875";
            }
          }
        }
      }
      #5 = {
        scale = fixp:"1";
        name = str:"Bone07";
        translation = xpoint3:"72.10826873779296875,-55.580875396728515625,-43.30612945556640625";
        rotation = {
          0 = xpoint3:"0.294239521026611328125,0.951895892620086669921875,0.0793297290802001953125";
          1 = xpoint3:"-0.875009953975677490234375,0.3019549846649169921875,-0.37705147266387939453125";
          2 = xpoint3:"-0.3830881416797637939453125,0.04128551483154296875,0.92272794246673583984375";
        }
        #0 = {
          scale = fixp:"1";
          name = str:"Bone08";
          translation = xpoint3:"77.45691680908203125,0,0";
          rotation = {
            0 = xpoint3:"0.0507415235042572021484375,-0.19536377489566802978515625,-0.978713810443878173828125";
            1 = xpoint3:"0.3157009780406951904296875,0.933444976806640625,-0.1700492203235626220703125";
            2 = xpoint3:"0.946773827075958251953125,-0.300693929195404052734375,0.109131626784801483154296875";
          }
          #0 = {
            scale = fixp:"1";
            name = str:"Bone09";
            translation = xpoint3:"92.76288604736328125,0,0";
            rotation = {
              0 = xpoint3:"-0.52693712711334228515625,-0.007586778141558170318603515625,0.8485658168792724609375";
              1 = xpoint3:"-0.00243895151652395725250244140625,0.999969482421875,0.00741733610630035400390625";
              2 = xpoint3:"-0.84859621524810791015625,0.0018455795943737030029296875,-0.52693951129913330078125";
            }
          }
        }
      }
    }
  }
}