model = {
  file = str:"data\models\units\stoneghost\stoneghost.nif";
  animation = {
    loop = fixp:"5";
    duration = fixp:"9.16666698455810546875";
  }
  #0 = {
    scale = fixp:"1";
    name = str:"ROOT";
    translation = xpoint3:"0,0,0";
    rotation = {
      0 = xpoint3:"1,0,0";
      1 = xpoint3:"0,1,0";
      2 = xpoint3:"0,0,1";
    }
    #1 = {
      scale = fixp:"1";
      name = str:"ROOT NonAccum";
      translation = xpoint3:"0,0,0";
      rotation = {
        0 = xpoint3:"1,0,0";
        1 = xpoint3:"0,1,0";
        2 = xpoint3:"0,0,1";
      }
      #0 = {
        scale = fixp:"1";
        name = str:"Pelvis";
        translation = xpoint3:"0,-3.357852458953857421875,194.438323974609375";
        rotation = {
          0 = xpoint3:"1,0,0";
          1 = xpoint3:"0,0,-0.999999940395355224609375";
          2 = xpoint3:"0,0.999999940395355224609375,0";
        }
        #0 = {
          scale = fixp:"1";
          name = str:"Tail1";
          translation = xpoint3:"0,-5.55709552764892578125,-3.3578612804412841796875";
          rotation = {
            0 = xpoint3:"-0.002295230515301227569580078125,0.999996960163116455078125,0";
            1 = xpoint3:"-0.992024362087249755859375,-0.002386017702519893646240234375,0.12602329254150390625";
            2 = xpoint3:"0.1260249614715576171875,0,0.99202692508697509765625";
          }
          #0 = {
            scale = fixp:"1";
            name = str:"tail2";
            translation = xpoint3:"69.3396148681640625,0,0";
            rotation = {
              0 = xpoint3:"0.949773252010345458984375,0.0052293241024017333984375,0.3128952682018280029296875";
              1 = xpoint3:"-0.00960958190262317657470703125,0.999876201152801513671875,0.012458632700145244598388671875";
              2 = xpoint3:"-0.3127913773059844970703125,-0.014839668758213520050048828125,0.949705898761749267578125";
            }
          }
        }
        #1 = {
          scale = fixp:"1";
          name = str:"Spine";
          translation = xpoint3:"-0.011307763867080211639404296875,-0.575390875339508056640625,-3.3578612804412841796875";
          rotation = {
            0 = xpoint3:"0.01577151753008365631103515625,-0.999875009059906005859375,0.001098358072340488433837890625";
            1 = xpoint3:"0.999861896038055419921875,0.01576553471386432647705078125,-0.005258142948150634765625";
            2 = xpoint3:"0.005240169353783130645751953125,0.00118113518692553043365478515625,0.99998557567596435546875";
          }
          #0 = {
            scale = fixp:"1";
            name = str:"Spine1";
            translation = xpoint3:"30.6440715789794921875,0,0";
            rotation = {
              0 = xpoint3:"0.992680490016937255859375,-0.009380997158586978912353515625,-0.120405375957489013671875";
              1 = xpoint3:"0.009209969080984592437744140625,0.999955654144287109375,-0.0019768513739109039306640625";
              2 = xpoint3:"0.1204185783863067626953125,0,0.99272286891937255859375";
            }
            #0 = {
              scale = fixp:"1";
              name = str:"Neck";
              translation = xpoint3:"31.306667327880859375,0,0";
              rotation = {
                0 = xpoint3:"0.9974193572998046875,0.0065398071892559528350830078125,0.071497134864330291748046875";
                1 = xpoint3:"-0.0065207607112824916839599609375,0.999978601932525634765625,0";
                2 = xpoint3:"-0.071498878300189971923828125,0,0.99744069576263427734375";
              }
              #0 = {
                scale = fixp:"1";
                name = str:"Head";
                translation = xpoint3:"13.499988555908203125,0,0";
                rotation = {
                  0 = xpoint3:"0.713799655437469482421875,-0.03401608765125274658203125,-0.69952332973480224609375";
                  1 = xpoint3:"0.0283785872161388397216796875,0.999404251575469970703125,-0.019640795886516571044921875";
                  2 = xpoint3:"0.69977474212646484375,-0.0058318912051618099212646484375,0.714339792728424072265625";
                }
                #0 = {
                  scale = fixp:"1";
                  name = str:"pt_top";
                  translation = xpoint3:"36.734004974365234375,-0.07739441096782684326171875,-23.5474796295166015625";
                  rotation = {
                    0 = xpoint3:"0.67498648166656494140625,0.7376201152801513671875,-0.0176020897924900054931640625";
                    1 = xpoint3:"-0.020787775516510009765625,-0.004835295490920543670654296875,-0.999772250652313232421875";
                    2 = xpoint3:"-0.737537205219268798828125,0.675198614597320556640625,0.012069725431501865386962890625";
                  }
                }
                #1 = {
                  scale = fixp:"1";
                  name = str:"pt_head";
                  translation = xpoint3:"10.5360107421875,-0.19080054759979248046875,-0.438564956188201904296875";
                  rotation = {
                    0 = xpoint3:"-0.01760265417397022247314453125,-0.7376205921173095703125,0.6749858856201171875";
                    1 = xpoint3:"-0.99977219104766845703125,0.0048355055041611194610595703125,-0.02078838646411895751953125";
                    2 = xpoint3:"0.012070068158209323883056640625,-0.675198078155517578125,-0.73753774166107177734375";
                  }
                }
                #2 = {
                  scale = fixp:"1";
                  name = str:"pt_aim";
                  translation = xpoint3:"73.77373504638671875,0.4352958500385284423828125,72.93131256103515625";
                  rotation = {
                    0 = xpoint3:"-0.01760279200971126556396484375,-0.73761999607086181640625,0.674986541271209716796875";
                    1 = xpoint3:"-0.99977219104766845703125,0.0048350491560995578765869140625,-0.02078908123075962066650390625";
                    2 = xpoint3:"0.012070844881236553192138671875,-0.675198733806610107421875,-0.737537086009979248046875";
                  }
                }
              }
            }
            #1 = {
              scale = fixp:"1";
              name = str:"L_Clav";
              translation = xpoint3:"31.306667327880859375,0,0";
              rotation = {
                0 = xpoint3:"-0.2734983265399932861328125,0.961708605289459228515625,-0.0177530236542224884033203125";
                1 = xpoint3:"-0.961620628833770751953125,-0.2738024294376373291015625,-0.0178283713757991790771484375";
                2 = xpoint3:"-0.022006519138813018798828125,0.01219564490020275115966796875,0.999683439731597900390625";
              }
              #0 = {
                scale = fixp:"1";
                name = str:"L_UpArm";
                translation = xpoint3:"29.76618194580078125,0,0";
                rotation = {
                  0 = xpoint3:"0.62383353710174560546875,0.7811183929443359375,-0.01182799041271209716796875";
                  1 = xpoint3:"-0.6196243762969970703125,0.4856803417205810546875,-0.6159820556640625";
                  2 = xpoint3:"-0.4757640361785888671875,0.39143621921539306640625,0.787475645542144775390625";
                }
                #0 = {
                  scale = fixp:"1";
                  name = str:"L_Arm";
                  translation = xpoint3:"32.21796417236328125,0,0";
                  rotation = {
                    0 = xpoint3:"0.3020748198032379150390625,-0.6258342266082763671875,-0.71837985515594482421875";
                    1 = xpoint3:"0.2547746598720550537109375,0.7796771526336669921875,-0.57172870635986328125";
                    2 = xpoint3:"0.91805660724639892578125,-0.01074278354644775390625,0.395194947719573974609375";
                  }
                  #0 = {
                    scale = fixp:"1";
                    name = str:"L_Hand";
                    translation = xpoint3:"37.087005615234375,0,0";
                    rotation = {
                      0 = xpoint3:"0.9935534000396728515625,-0.112940572202205657958984375,0.009309911169111728668212890625";
                      1 = xpoint3:"0.113322325050830841064453125,0.989789485931396484375,-0.086371131241321563720703125";
                      2 = xpoint3:"0,0.086869709193706512451171875,0.99621677398681640625";
                    }
                    #0 = {
                      scale = fixp:"1";
                      name = str:"L_Fingers";
                      translation = xpoint3:"21.779476165771484375,0,0";
                      rotation = {
                        0 = xpoint3:"0.9533402919769287109375,0.30167901515960693359375,0.011493855156004428863525390625";
                        1 = xpoint3:"-0.301837503910064697265625,0.953219950199127197265625,0.0163035131990909576416015625";
                        2 = xpoint3:"-0.006037744693458080291748046875,-0.019012071192264556884765625,0.99980103969573974609375";
                      }
                    }
                    #1 = {
                      scale = fixp:"1";
                      name = str:"pt_hand";
                      translation = xpoint3:"12.91775989532470703125,0,0";
                      rotation = {
                        0 = xpoint3:"1,0,0";
                        1 = xpoint3:"0,1,0";
                        2 = xpoint3:"0,0,1";
                      }
                    }
                  }
                }
              }
              #1 = {
                scale = fixp:"1";
                name = str:"L_Wing1";
                translation = xpoint3:"38.89928436279296875,-1.8023164272308349609375,-32.0087738037109375";
                rotation = {
                  0 = xpoint3:"-0.3648590743541717529296875,-0.263165295124053955078125,0.89309680461883544921875";
                  1 = xpoint3:"-0.7488591670989990234375,-0.4870391190052032470703125,-0.449447214603424072265625";
                  2 = xpoint3:"0.5532519817352294921875,-0.832788646221160888671875,-0.01937311328947544097900390625";
                }
                #0 = {
                  scale = fixp:"1";
                  name = str:"L_Wing3";
                  translation = xpoint3:"-30.225551605224609375,0,0";
                  rotation = {
                    0 = xpoint3:"0.04597957432270050048828125,0.8593275547027587890625,-0.50935447216033935546875";
                    1 = xpoint3:"-0.2768932282924652099609375,0.500877857208251953125,0.8200314044952392578125";
                    2 = xpoint3:"0.9598000049591064453125,0.10333211719989776611328125,0.26097214221954345703125";
                  }
                  #0 = {
                    scale = fixp:"1";
                    name = str:"L_Wing4";
                    translation = xpoint3:"-29.22174835205078125,0,0";
                    rotation = {
                      0 = xpoint3:"-0.23125542700290679931640625,-0.97274959087371826171875,0.01670726202428340911865234375";
                      1 = xpoint3:"0.9698631763458251953125,-0.2318554818630218505859375,-0.07488958537578582763671875";
                      2 = xpoint3:"0.07672248780727386474609375,-0.0011148680932819843292236328125,0.99705183506011962890625";
                    }
                  }
                }
                #1 = {
                  scale = fixp:"1";
                  name = str:"L_wingM";
                  translation = xpoint3:"-29.7504520416259765625,0,0";
                  rotation = {
                    0 = xpoint3:"0.644301891326904296875,-0.686942636966705322265625,-0.3361321985721588134765625";
                    1 = xpoint3:"0.15713669359683990478515625,-0.31123054027557373046875,0.9372532367706298828125";
                    2 = xpoint3:"-0.7484538555145263671875,-0.6566927433013916015625,-0.092582523822784423828125";
                  }
                }
              }
            }
            #2 = {
              scale = fixp:"1";
              name = str:"R_Clav";
              translation = xpoint3:"31.306652069091796875,0,0";
              rotation = {
                0 = xpoint3:"-0.2734979689121246337890625,-0.961708724498748779296875,-0.017752505838871002197265625";
                1 = xpoint3:"0.961620748043060302734375,-0.2738020718097686767578125,0.017828561365604400634765625";
                2 = xpoint3:"-0.02200655639171600341796875,-0.012195103801786899566650390625,0.999683439731597900390625";
              }
              #0 = {
                scale = fixp:"1";
                name = str:"R_UpArm";
                translation = xpoint3:"29.766185760498046875,0,0";
                rotation = {
                  0 = xpoint3:"0.63113689422607421875,-0.775297820568084716796875,-0.00665266811847686767578125";
                  1 = xpoint3:"0.602890789508819580078125,0.485521793365478515625,0.632490813732147216796875";
                  2 = xpoint3:"-0.487497270107269287109375,-0.403032600879669189453125,0.774327814579010009765625";
                }
                #0 = {
                  scale = fixp:"1";
                  name = str:"R_Arm";
                  translation = xpoint3:"32.217960357666015625,0,0";
                  rotation = {
                    0 = xpoint3:"0.260741889476776123046875,0.639230251312255859375,-0.72272098064422607421875";
                    1 = xpoint3:"-0.22790627181529998779296875,0.76873958110809326171875,0.59729611873626708984375";
                    2 = xpoint3:"0.9375498294830322265625,0.0094127655029296875,0.3463571071624755859375";
                  }
                  #0 = {
                    scale = fixp:"1";
                    name = str:"R_Hand";
                    translation = xpoint3:"37.087001800537109375,0,0";
                    rotation = {
                      0 = xpoint3:"0.993553459644317626953125,0.112940311431884765625,0.0093096792697906494140625";
                      1 = xpoint3:"-0.11332203447818756103515625,0.989789545536041259765625,0.086371205747127532958984375";
                      2 = xpoint3:"0,-0.086869768798351287841796875,0.99621677398681640625";
                    }
                    #0 = {
                      scale = fixp:"1";
                      name = str:"R_Fingers";
                      translation = xpoint3:"21.7794647216796875,0,0";
                      rotation = {
                        0 = xpoint3:"0.951391518115997314453125,-0.307855069637298583984375,0.008913177065551280975341796875";
                        1 = xpoint3:"0.3079612255096435546875,0.951274871826171875,-0.015362325124442577362060546875";
                        2 = xpoint3:"-0.00374951283447444438934326171875,0.01736049912869930267333984375,0.99984228610992431640625";
                      }
                    }
                    #1 = {
                      scale = fixp:"1";
                      name = str:"pt_hand@#0";
                      translation = xpoint3:"10.7812747955322265625,0,0";
                      rotation = {
                        0 = xpoint3:"1,0,0";
                        1 = xpoint3:"0,1,0";
                        2 = xpoint3:"0,0,1";
                      }
                    }
                  }
                }
              }
              #1 = {
                scale = fixp:"1";
                name = str:"R_Wing1";
                translation = xpoint3:"40.1115570068359375,1.963556766510009765625,-32.0663299560546875";
                rotation = {
                  0 = xpoint3:"0.37355268001556396484375,0.271307885646820068359375,-0.887045919895172119140625";
                  1 = xpoint3:"-0.743793785572052001953125,-0.4838029444217681884765625,-0.46120011806488037109375";
                  2 = xpoint3:"-0.554282605648040771484375,0.832061767578125,0.02107120491564273834228515625";
                }
                #0 = {
                  scale = fixp:"1";
                  name = str:"R_Wing3";
                  translation = xpoint3:"30.225559234619140625,0,0";
                  rotation = {
                    0 = xpoint3:"0.04597957432270050048828125,0.8593275547027587890625,-0.50935447216033935546875";
                    1 = xpoint3:"-0.2768932282924652099609375,0.500877857208251953125,0.8200314044952392578125";
                    2 = xpoint3:"0.9598000049591064453125,0.10333211719989776611328125,0.26097214221954345703125";
                  }
                  #0 = {
                    scale = fixp:"1";
                    name = str:"R_Wing4";
                    translation = xpoint3:"29.22173309326171875,0,0";
                    rotation = {
                      0 = xpoint3:"-0.231255352497100830078125,-0.972749650478363037109375,0.01670726947486400604248046875";
                      1 = xpoint3:"0.9698631763458251953125,-0.23185540735721588134765625,-0.074889637529850006103515625";
                      2 = xpoint3:"0.076722539961338043212890625,-0.00111486227251589298248291015625,0.99705183506011962890625";
                    }
                  }
                }
                #1 = {
                  scale = fixp:"1";
                  name = str:"R_wingM";
                  translation = xpoint3:"29.750457763671875,0,0";
                  rotation = {
                    0 = xpoint3:"0.644301891326904296875,-0.68694269657135009765625,-0.3361321985721588134765625";
                    1 = xpoint3:"0.1571365892887115478515625,-0.311230599880218505859375,0.937253177165985107421875";
                    2 = xpoint3:"-0.7484538555145263671875,-0.656692683696746826171875,-0.09258262813091278076171875";
                  }
                }
              }
            }
            #3 = {
              scale = fixp:"1";
              name = str:"pt_chest ";
              translation = xpoint3:"11.939220428466796875,0.548612296581268310546875,-1.6748712062835693359375";
              rotation = {
                0 = xpoint3:"0.006579257547855377197265625,-0.125629484653472900390625,0.992055416107177734375";
                1 = xpoint3:"-0.999977648258209228515625,-0.00198528892360627651214599609375,0.0063803954981267452239990234375";
                2 = xpoint3:"0.00116794998757541179656982421875,-0.992075264453887939453125,-0.12563975155353546142578125";
              }
            }
          }
        }
        #2 = {
          scale = fixp:"1";
          name = str:"pt_center";
          translation = xpoint3:"0,0,0";
          rotation = {
            0 = xpoint3:"1,0,0";
            1 = xpoint3:"0,0,1";
            2 = xpoint3:"0,-1,0";
          }
          #0 = {
            scale = fixp:"1";
            name = str:"SuperSpray02-Emitter";
            translation = xpoint3:"0.643769800662994384765625,-1.7562084197998046875,-156.16943359375";
            rotation = {
              0 = xpoint3:"1,0,0";
              1 = xpoint3:"0,1,0";
              2 = xpoint3:"0,0,1";
            }
          }
        }
        #3 = {
          scale = fixp:"1";
          name = str:"pt_cast";
          translation = xpoint3:"0,64.11835479736328125,70.17786407470703125";
          rotation = {
            0 = xpoint3:"1,0,0";
            1 = xpoint3:"0,-0.24243962764739990234375,0.970166504383087158203125";
            2 = xpoint3:"0,-0.970166504383087158203125,-0.24243962764739990234375";
          }
          #0 = {
            scale = fixp:"1";
            name = str:"pt_shoot_1";
            translation = xpoint3:"0,0,0";
            rotation = {
              0 = xpoint3:"1,0,0";
              1 = xpoint3:"0,1,0";
              2 = xpoint3:"0,0,1";
            }
          }
        }
      }
      #1 = {
        scale = fixp:"1";
        name = str:"pt_ground";
        translation = xpoint3:"0,0,0";
        rotation = {
          0 = xpoint3:"1,0,0";
          1 = xpoint3:"0,1,0";
          2 = xpoint3:"0,0,1";
        }
      }
    }
  }
  #1 = {
    scale = fixp:"1";
    name = str:"SuperSpray01-Emitter";
    translation = xpoint3:"0.64371240139007568359375,-5.11405849456787109375,176.409759521484375";
    rotation = {
      0 = xpoint3:"-1,0,0";
      1 = xpoint3:"0,1,0";
      2 = xpoint3:"0,0,-1";
    }
  }
  #2 = {
    scale = fixp:"1";
    name = str:"spray_holder";
    translation = xpoint3:"0,0,0";
    rotation = {
      0 = xpoint3:"1,0,0";
      1 = xpoint3:"0,1,0";
      2 = xpoint3:"0,0,1";
    }
  }
  #3 = {
    scale = fixp:"1";
    name = str:"AnimatedLightning";
    translation = xpoint3:"5.318411350250244140625,-6.384689807891845703125,239.658935546875";
    rotation = {
      0 = xpoint3:"1,0,0";
      1 = xpoint3:"0,1,0";
      2 = xpoint3:"0,0,1";
    }
  }
  #4 = {
    scale = fixp:"1";
    name = str:"StoneGhost01";
    translation = xpoint3:"0,0,165.87542724609375";
    rotation = {
      0 = xpoint3:"0.99999558925628662109375,0,0.0029610325582325458526611328125";
      1 = xpoint3:"0,1,0";
      2 = xpoint3:"-0.0029610325582325458526611328125,0,0.99999558925628662109375";
    }
  }
  #5 = {
    scale = fixp:"1";
    name = str:"AnimatedLightning01";
    translation = xpoint3:"10.75972080230712890625,-13.0462131500244140625,167.481475830078125";
    rotation = {
      0 = xpoint3:"0,0.98480784893035888671875,-0.1736479699611663818359375";
      1 = xpoint3:"1,0,0";
      2 = xpoint3:"0,-0.1736479699611663818359375,-0.98480784893035888671875";
    }
  }
}