model = {
  file = str:"data\models\units\shifter\shifter.nif";
  animation = {
    loop = fixp:"0";
    duration = fixp:"12.5";
  }
  #1 = {
    scale = fixp:"1";
    name = str:"ROOT";
    translation = xpoint3:"0,0,0";
    rotation = {
      0 = xpoint3:"1,0,0";
      1 = xpoint3:"0,1,0";
      2 = xpoint3:"0,0,1";
    }
    #1 = {
      scale = fixp:"1";
      name = str:"ROOT NonAccum";
      translation = xpoint3:"0,0,0";
      rotation = {
        0 = xpoint3:"1,0,0";
        1 = xpoint3:"0,1,0";
        2 = xpoint3:"0,0,1";
      }
      #0 = {
        scale = fixp:"1";
        name = str:"Bip01";
        translation = xpoint3:"-0.225994110107421875,16.08032989501953125,244.4098968505859375";
        rotation = {
          0 = xpoint3:"0,0,1";
          1 = xpoint3:"1,0,0";
          2 = xpoint3:"0,1,0";
        }
        #0 = {
          scale = fixp:"1";
          name = str:"Box04";
          translation = xpoint3:"-0.17343901097774505615234375,-0.2826080322265625,0.024200446903705596923828125";
          rotation = {
            0 = xpoint3:"0.968988597393035888671875,0.24710549414157867431640625,0";
            1 = xpoint3:"-0.24710549414157867431640625,0.968988597393035888671875,0";
            2 = xpoint3:"0,0,1";
          }
          #0 = {
            scale = fixp:"1";
            name = str:"Box02";
            translation = xpoint3:"0.58197844028472900390625,3.5023100376129150390625,1.191314697265625";
            rotation = {
              0 = xpoint3:"0.91031730175018310546875,0.4139111340045928955078125,0";
              1 = xpoint3:"-0.4139111340045928955078125,0.91031730175018310546875,0";
              2 = xpoint3:"0,0,1";
            }
            #0 = {
              scale = fixp:"1";
              name = str:"Box01";
              translation = xpoint3:"-35.042560577392578125,7.85661411285400390625,0";
              rotation = {
                0 = xpoint3:"0.809648215770721435546875,-0.586915433406829833984375,0";
                1 = xpoint3:"0.586915433406829833984375,0.809648215770721435546875,0";
                2 = xpoint3:"0,0,1";
              }
              #0 = {
                scale = fixp:"1";
                name = str:"Bone03";
                translation = xpoint3:"-32.62424468994140625,-26.4538440704345703125,11.140960693359375";
                rotation = {
                  0 = xpoint3:"-0.94700086116790771484375,0.23488967120647430419921875,-0.219125688076019287109375";
                  1 = xpoint3:"-0.22743321955204010009765625,-0.97200310230255126953125,-0.059025593101978302001953125";
                  2 = xpoint3:"-0.2268553674221038818359375,-0.00606082566082477569580078125,0.9739096164703369140625";
                }
              }
              #1 = {
                scale = fixp:"1";
                name = str:"Bone05";
                translation = xpoint3:"-31.860355377197265625,-26.8357944488525390625,-14.073272705078125";
                rotation = {
                  0 = xpoint3:"-0.93595707416534423828125,0.2034473419189453125,0.287390410900115966796875";
                  1 = xpoint3:"-0.194485485553741455078125,-0.979085743427276611328125,0.0597178451716899871826171875";
                  2 = xpoint3:"0.293529331684112548828125,0,0.955950081348419189453125";
                }
              }
              #2 = {
                scale = fixp:"1";
                name = str:"Bone01";
                translation = xpoint3:"-50.002826690673828125,-6.019685268402099609375,-1.215545654296875";
                rotation = {
                  0 = xpoint3:"-0.32754290103912353515625,0.94483625888824462890625,0";
                  1 = xpoint3:"-0.94483625888824462890625,-0.32754290103912353515625,0";
                  2 = xpoint3:"0,0,1";
                }
              }
              #3 = {
                scale = fixp:"1";
                name = str:"pt_head";
                translation = xpoint3:"-26.30278778076171875,-9.02227497100830078125,0.21694950759410858154296875";
                rotation = {
                  0 = xpoint3:"0,0.998790204524993896484375,-0.0491747967898845672607421875";
                  1 = xpoint3:"0,0.049174807965755462646484375,0.998790204524993896484375";
                  2 = xpoint3:"1,0,0";
                }
              }
            }
            #1 = {
              scale = fixp:"1";
              name = str:"Box03";
              translation = xpoint3:"9.04856967926025390625,30.798603057861328125,0";
              rotation = {
                0 = xpoint3:"0.9999544620513916015625,-0.00954498350620269775390625,0";
                1 = xpoint3:"0.00954498350620269775390625,0.9999544620513916015625,0";
                2 = xpoint3:"0,0,1";
              }
            }
            #2 = {
              scale = fixp:"1";
              name = str:"pt_chest ";
              translation = xpoint3:"-17.225147247314453125,23.5669097900390625,-1.344573974609375";
              rotation = {
                0 = xpoint3:"0,0.626019537448883056640625,0.779807388782501220703125";
                1 = xpoint3:"0,-0.779807388782501220703125,0.626019537448883056640625";
                2 = xpoint3:"1,0,0";
              }
            }
          }
          #1 = {
            scale = fixp:"1";
            name = str:"Bone19";
            translation = xpoint3:"-19.9617252349853515625,-23.506160736083984375,-12.2218780517578125";
            rotation = {
              0 = xpoint3:"-0.17495314776897430419921875,0.952620804309844970703125,-0.245356857776641845703125";
              1 = xpoint3:"-0.979407250881195068359375,-0.19194404780864715576171875,-0.046789281070232391357421875";
              2 = xpoint3:"-0.0919119417667388916015625,0.232252895832061767578125,0.96827924251556396484375";
            }
            #0 = {
              scale = fixp:"1";
              name = str:"Bone20";
              translation = xpoint3:"41.097202301025390625,0,0";
              rotation = {
                0 = xpoint3:"-0.700420439243316650390625,0.709450662136077880859375,-0.0601929128170013427734375";
                1 = xpoint3:"-0.711083590984344482421875,-0.701295375823974609375,0.00870805047452449798583984375";
                2 = xpoint3:"-0.03610496222972869873046875,0.04894332587718963623046875,0.998147428035736083984375";
              }
              #0 = {
                scale = fixp:"1";
                name = str:"Bone21";
                translation = xpoint3:"26.388301849365234375,0,0";
                rotation = {
                  0 = xpoint3:"-0.90089023113250732421875,-0.4308578670024871826171875,0";
                  1 = xpoint3:"0.4308578670024871826171875,-0.90089023113250732421875,0";
                  2 = xpoint3:"0,0,1";
                }
              }
            }
          }
          #2 = {
            scale = fixp:"1";
            name = str:"Bone41";
            translation = xpoint3:"-15.68723201751708984375,-17.859119415283203125,18.0981903076171875";
            rotation = {
              0 = xpoint3:"-0.2230453193187713623046875,0.9670617580413818359375,0.12264716625213623046875";
              1 = xpoint3:"-0.93645775318145751953125,-0.24751102924346923828125,0.2485661804676055908203125";
              2 = xpoint3:"0.27073538303375244140625,-0.059412352740764617919921875,0.96081864833831787109375";
            }
            #0 = {
              scale = fixp:"1";
              name = str:"Bone42";
              translation = xpoint3:"40.69303131103515625,0,0";
              rotation = {
                0 = xpoint3:"0.95593225955963134765625,0.2563568651676177978515625,-0.1430896222591400146484375";
                1 = xpoint3:"-0.2880385816097259521484375,0.913241207599639892578125,-0.288139283657073974609375";
                2 = xpoint3:"0.056808866560459136962890625,0.31665694713592529296875,0.94683742523193359375";
              }
              #0 = {
                scale = fixp:"1";
                name = str:"Bone43";
                translation = xpoint3:"37.102474212646484375,0,0";
                rotation = {
                  0 = xpoint3:"0.903449833393096923828125,-0.2907974421977996826171875,0.3149844706058502197265625";
                  1 = xpoint3:"0.1936253011226654052734375,0.932336628437042236328125,0.3053812086582183837890625";
                  2 = xpoint3:"-0.3824756443500518798828125,-0.21490763127803802490234375,0.8986251354217529296875";
                }
                #0 = {
                  scale = fixp:"1";
                  name = str:"Bone44";
                  translation = xpoint3:"33.339885711669921875,0,0";
                  rotation = {
                    0 = xpoint3:"0.6596710681915283203125,-0.681175649166107177734375,0.317543447017669677734375";
                    1 = xpoint3:"0.676074683666229248046875,0.7223951816558837890625,0.14514885842800140380859375";
                    2 = xpoint3:"-0.328263700008392333984375,0.118932597339153289794921875,0.93706881999969482421875";
                  }
                  #0 = {
                    scale = fixp:"1";
                    name = str:"Bone45";
                    translation = xpoint3:"35.94417572021484375,0,0";
                    rotation = {
                      0 = xpoint3:"0.95486605167388916015625,-0.2893523275852203369140625,-0.067126788198947906494140625";
                      1 = xpoint3:"0.2920387685298919677734375,0.95579433441162109375,0.0342128910124301910400390625";
                      2 = xpoint3:"0.05425982177257537841796875,-0.0522723533213138580322265625,0.99715769290924072265625";
                    }
                    #0 = {
                      scale = fixp:"1";
                      name = str:"Bone46";
                      translation = xpoint3:"34.79021453857421875,0,0";
                      rotation = {
                        0 = xpoint3:"0.84670257568359375,0.344978392124176025390625,-0.4050736725330352783203125";
                        1 = xpoint3:"-0.243639767169952392578125,0.928197681903839111328125,0.28122723102569580078125";
                        2 = xpoint3:"0.4730057418346405029296875,-0.13942377269268035888671875,0.86995780467987060546875";
                      }
                      #0 = {
                        scale = fixp:"1";
                        name = str:"pt_hand";
                        translation = xpoint3:"12.8181133270263671875,0.21961660683155059814453125,-0.3105182945728302001953125";
                        rotation = {
                          0 = xpoint3:"-0.929251015186309814453125,0.2443476617336273193359375,0.2771043479442596435546875";
                          1 = xpoint3:"0.2680069506168365478515625,-0.07042086124420166015625,0.960839807987213134765625";
                          2 = xpoint3:"0.2542928755283355712890625,0.967127263545989990234375,0";
                        }
                      }
                    }
                  }
                }
              }
            }
          }
          #3 = {
            scale = fixp:"1";
            name = str:"Bone48";
            translation = xpoint3:"-15.68723392486572265625,-17.8591213226318359375,-16.01641845703125";
            rotation = {
              0 = xpoint3:"-0.280172049999237060546875,0.942928373813629150390625,-0.1799719333648681640625";
              1 = xpoint3:"-0.924304664134979248046875,-0.31560003757476806640625,-0.214610636234283447265625";
              2 = xpoint3:"-0.2591615617275238037109375,0.1062209904193878173828125,0.959975183010101318359375";
            }
            #0 = {
              scale = fixp:"1";
              name = str:"Bone49";
              translation = xpoint3:"41.579681396484375,0,0";
              rotation = {
                0 = xpoint3:"0.98720586299896240234375,-0.08343899250030517578125,0.13587684929370880126953125";
                1 = xpoint3:"0.0300106815993785858154296875,0.93415510654449462890625,0.355603158473968505859375";
                2 = xpoint3:"-0.15660123527050018310546875,-0.346975743770599365234375,0.924707472324371337890625";
              }
              #0 = {
                scale = fixp:"1";
                name = str:"Bone50";
                translation = xpoint3:"37.102466583251953125,0,0";
                rotation = {
                  0 = xpoint3:"0.901229202747344970703125,-0.040062554180622100830078125,-0.431486904621124267578125";
                  1 = xpoint3:"-0.064618170261383056640625,0.972160875797271728515625,-0.22522826492786407470703125";
                  2 = xpoint3:"0.42849791049957275390625,0.23086418211460113525390625,0.87355101108551025390625";
                }
                #0 = {
                  scale = fixp:"1";
                  name = str:"Bone51";
                  translation = xpoint3:"33.347858428955078125,0,0";
                  rotation = {
                    0 = xpoint3:"0.804451167583465576171875,-0.4726624786853790283203125,-0.359789550304412841796875";
                    1 = xpoint3:"0.4490559399127960205078125,0.880386531352996826171875,-0.1525394618511199951171875";
                    2 = xpoint3:"0.388853549957275390625,-0.038855098187923431396484375,0.92047989368438720703125";
                  }
                  #0 = {
                    scale = fixp:"1";
                    name = str:"Bone52";
                    translation = xpoint3:"35.94416046142578125,0,0";
                    rotation = {
                      0 = xpoint3:"0.892004072666168212890625,-0.378772079944610595703125,0.24669902026653289794921875";
                      1 = xpoint3:"0.397315442562103271484375,0.9172458648681640625,-0.0282930918037891387939453125";
                      2 = xpoint3:"-0.21556700766086578369140625,0.12325489521026611328125,0.96867907047271728515625";
                    }
                    #0 = {
                      scale = fixp:"1";
                      name = str:"Bone53";
                      translation = xpoint3:"34.790203094482421875,0,0";
                      rotation = {
                        0 = xpoint3:"0.879484474658966064453125,-0.012306042015552520751953125,0.4757684767246246337890625";
                        1 = xpoint3:"0.15380954742431640625,0.953370988368988037109375,-0.2596659958362579345703125";
                        2 = xpoint3:"-0.4503884017467498779296875,0.3015499413013458251953125,0.840367734432220458984375";
                      }
                      #0 = {
                        scale = fixp:"1";
                        name = str:"pt_hand@#0";
                        translation = xpoint3:"11.0921955108642578125,0.486255168914794921875,0.532499372959136962890625";
                        rotation = {
                          0 = xpoint3:"-0.795710504055023193359375,-0.311126887798309326171875,0.51965844631195068359375";
                          1 = xpoint3:"0.47438037395477294921875,0.2133028507232666015625,0.854087293148040771484375";
                          2 = xpoint3:"-0.37657415866851806640625,0.926122009754180908203125,-0.0221348442137241363525390625";
                        }
                      }
                    }
                  }
                }
              }
            }
          }
          #4 = {
            scale = fixp:"1";
            name = str:"Bone15";
            translation = xpoint3:"-19.961719512939453125,-23.5061740875244140625,12.4774322509765625";
            rotation = {
              0 = xpoint3:"-0.12523026764392852783203125,0.96048259735107421875,0.2452701032161712646484375";
              1 = xpoint3:"-0.98717975616455078125,-0.1433368623256683349609375,0.057195790112018585205078125";
              2 = xpoint3:"0.0903353393077850341796875,-0.2350921332836151123046875,0.967741906642913818359375";
            }
            #0 = {
              scale = fixp:"1";
              name = str:"Bone16";
              translation = xpoint3:"41.097198486328125,0,0";
              rotation = {
                0 = xpoint3:"-0.7483704090118408203125,0.660765826702117919921875,0.0281638391315937042236328125";
                1 = xpoint3:"-0.661129057407379150390625,-0.748561441898345947265625,-0.005180359818041324615478515625";
                2 = xpoint3:"0.0176926292479038238525390625,-0.022516854107379913330078125,0.999589622020721435546875";
              }
              #0 = {
                scale = fixp:"1";
                name = str:"Bone17";
                translation = xpoint3:"26.3883228302001953125,0,0";
                rotation = {
                  0 = xpoint3:"-0.9091327190399169921875,-0.4131673276424407958984375,0";
                  1 = xpoint3:"0.4131673276424407958984375,-0.9091327190399169921875,0";
                  2 = xpoint3:"0,0,1";
                }
              }
            }
          }
          #5 = {
            scale = fixp:"1";
            name = str:"Bone25";
            translation = xpoint3:"1.98670136928558349609375,-2.984411716461181640625,24.016815185546875";
            rotation = {
              0 = xpoint3:"0.01654382050037384033203125,0.99969971179962158203125,-0.0180782377719879150390625";
              1 = xpoint3:"-0.84251511096954345703125,0.023674361407756805419921875,0.53815233707427978515625";
              2 = xpoint3:"0.53841876983642578125,0.006328046321868896484375,0.842653691768646240234375";
            }
            #0 = {
              scale = fixp:"1";
              name = str:"Bone26";
              translation = xpoint3:"39.21831512451171875,0,0";
              rotation = {
                0 = xpoint3:"0.845737159252166748046875,0.1994793117046356201171875,0.494910776615142822265625";
                1 = xpoint3:"-0.2265881597995758056640625,0.9739758968353271484375,-0.0053626485168933868408203125";
                2 = xpoint3:"-0.48310089111328125,-0.10760553181171417236328125,0.8689272403717041015625";
              }
              #0 = {
                scale = fixp:"1";
                name = str:"Bone27";
                translation = xpoint3:"33.041194915771484375,0,0";
                rotation = {
                  0 = xpoint3:"0.8857905864715576171875,-0.425310552120208740234375,0.18570411205291748046875";
                  1 = xpoint3:"0.415525376796722412109375,0.90504169464111328125,0.09076453745365142822265625";
                  2 = xpoint3:"-0.206673085689544677734375,-0.0032336004078388214111328125,0.978404700756072998046875";
                }
                #0 = {
                  scale = fixp:"1";
                  name = str:"Bone28";
                  translation = xpoint3:"34.72940826416015625,0,0";
                  rotation = {
                    0 = xpoint3:"0.74553573131561279296875,-0.5981314182281494140625,-0.2939647138118743896484375";
                    1 = xpoint3:"0.6254484653472900390625,0.78026425838470458984375,-0.001382581889629364013671875";
                    2 = xpoint3:"0.23019711673259735107421875,-0.18282902240753173828125,0.955815255641937255859375";
                  }
                  #0 = {
                    scale = fixp:"1";
                    name = str:"Bone29";
                    translation = xpoint3:"40.75362396240234375,0,0";
                    rotation = {
                      0 = xpoint3:"0.990963518619537353515625,-0.1340043842792510986328125,0.00584411807358264923095703125";
                      1 = xpoint3:"0.1340632736682891845703125,0.990909099578857421875,-0.011231063865125179290771484375";
                      2 = xpoint3:"-0.00428597815334796905517578125,0.011913056485354900360107421875,0.999919831752777099609375";
                    }
                    #0 = {
                      scale = fixp:"1";
                      name = str:"Bone30";
                      translation = xpoint3:"37.1070709228515625,0,0";
                      rotation = {
                        0 = xpoint3:"0.80561077594757080078125,0.538481771945953369140625,0.24703972041606903076171875";
                        1 = xpoint3:"-0.4835032522678375244140625,0.83855497837066650390625,-0.251097857952117919921875";
                        2 = xpoint3:"-0.34236800670623779296875,0.082842640578746795654296875,0.9359066486358642578125";
                      }
                      #0 = {
                        scale = fixp:"1";
                        name = str:"Bone31";
                        translation = xpoint3:"35.12108612060546875,0,0";
                        rotation = {
                          0 = xpoint3:"0.98927628993988037109375,0.123955070972442626953125,-0.07724998891353607177734375";
                          1 = xpoint3:"-0.122815310955047607421875,0.992240846157073974609375,0.0193529240787029266357421875";
                          2 = xpoint3:"0.07904948294162750244140625,-0.0096579082310199737548828125,0.99682390689849853515625";
                        }
                        #0 = {
                          scale = fixp:"1";
                          name = str:"pt_hand@#1";
                          translation = xpoint3:"11.424457550048828125,-0.839639604091644287109375,0.3426833450794219970703125";
                          rotation = {
                            0 = xpoint3:"-0.98226058483123779296875,-0.147788703441619873046875,0.115423955023288726806640625";
                            1 = xpoint3:"0.11400668323040008544921875,0.018054068088531494140625,0.9933159351348876953125";
                            2 = xpoint3:"-0.1488847434520721435546875,0.9888541698455810546875,0";
                          }
                        }
                      }
                    }
                  }
                }
              }
            }
          }
          #6 = {
            scale = fixp:"1";
            name = str:"Bone33";
            translation = xpoint3:"1.9866964817047119140625,-2.9843995571136474609375,-24.4955291748046875";
            rotation = {
              0 = xpoint3:"0.0345782935619354248046875,0.998650491237640380859375,0.038750350475311279296875";
              1 = xpoint3:"-0.832229554653167724609375,0.050240896642208099365234375,-0.552150249481201171875";
              2 = xpoint3:"-0.553351938724517822265625,-0.01315677165985107421875,0.83284366130828857421875";
            }
            #0 = {
              scale = fixp:"1";
              name = str:"Bone34";
              translation = xpoint3:"38.952594757080078125,0,0";
              rotation = {
                0 = xpoint3:"0.83900105953216552734375,0.2404223382472991943359375,-0.48813354969024658203125";
                1 = xpoint3:"-0.2752205431461334228515625,0.961381018161773681640625,0";
                2 = xpoint3:"0.469394207000732421875,0.13395392894744873046875,0.872768819332122802734375";
              }
              #0 = {
                scale = fixp:"1";
                name = str:"Bone35";
                translation = xpoint3:"33.04120635986328125,0,0";
                rotation = {
                  0 = xpoint3:"0.877063453197479248046875,-0.4327638447284698486328125,-0.20850686728954315185546875";
                  1 = xpoint3:"0.4200676977634429931640625,0.901499569416046142578125,-0.1041230261325836181640625";
                  2 = xpoint3:"0.23302952945232391357421875,0.0037354938685894012451171875,0.972462475299835205078125";
                }
                #0 = {
                  scale = fixp:"1";
                  name = str:"Bone36";
                  translation = xpoint3:"34.7229766845703125,0,0";
                  rotation = {
                    0 = xpoint3:"0.7391073703765869140625,-0.608216583728790283203125,0.2894700467586517333984375";
                    1 = xpoint3:"0.634808361530303955078125,0.772665202617645263671875,0.002612330019474029541015625";
                    2 = xpoint3:"-0.2252523005008697509765625,0.1818272173404693603515625,0.957183539867401123046875";
                  }
                  #0 = {
                    scale = fixp:"1";
                    name = str:"Bone37";
                    translation = xpoint3:"40.7536163330078125,0,0";
                    rotation = {
                      0 = xpoint3:"0.992384850978851318359375,-0.123171843588352203369140625,0";
                      1 = xpoint3:"0.123175688087940216064453125,0.992351233959197998046875,0.008168476633727550506591796875";
                      2 = xpoint3:"0,-0.008226304315030574798583984375,0.999966144561767578125";
                    }
                    #0 = {
                      scale = fixp:"1";
                      name = str:"Bone38";
                      translation = xpoint3:"37.10707855224609375,0,0";
                      rotation = {
                        0 = xpoint3:"0.834211409091949462890625,0.493165791034698486328125,-0.24673648178577423095703125";
                        1 = xpoint3:"-0.44306409358978271484375,0.86580526828765869140625,0.232541263103485107421875";
                        2 = xpoint3:"0.3283071219921112060546875,-0.084668494760990142822265625,0.940768659114837646484375";
                      }
                      #0 = {
                        scale = fixp:"1";
                        name = str:"Bone39";
                        translation = xpoint3:"35.12108612060546875,0,0";
                        rotation = {
                          0 = xpoint3:"0.98331558704376220703125,0.17291231453418731689453125,0.0564960129559040069580078125";
                          1 = xpoint3:"-0.17285762727260589599609375,0.98492920398712158203125,-0.0058902888558804988861083984375";
                          2 = xpoint3:"-0.0566630773246288299560546875,-0.0039737545885145664215087890625,0.99838542938232421875";
                        }
                        #0 = {
                          scale = fixp:"1";
                          name = str:"pt_hand@#2";
                          translation = xpoint3:"11.9546985626220703125,-1.0408899784088134765625,-0.700372278690338134765625";
                          rotation = {
                            0 = xpoint3:"-0.9821889400482177734375,0.15773679316043853759765625,0.102098010480403900146484375";
                            1 = xpoint3:"0.100421629846096038818359375,-0.01858267746865749359130859375,0.994771420955657958984375";
                            2 = xpoint3:"0.15880930423736572265625,0.9873063564300537109375,0.002411508001387119293212890625";
                          }
                        }
                      }
                    }
                  }
                }
              }
            }
          }
          #7 = {
            scale = fixp:"1";
            name = str:"Bone11";
            translation = xpoint3:"17.141109466552734375,-13.41121578216552734375,-12.20611572265625";
            rotation = {
              0 = xpoint3:"0.520776331424713134765625,0.704971134662628173828125,0.480741441249847412109375";
              1 = xpoint3:"-0.837740123271942138671875,0.529531538486480712890625,0.13078643381595611572265625";
              2 = xpoint3:"-0.162135899066925048828125,-0.471093833446502685546875,0.866942584514617919921875";
            }
            #0 = {
              scale = fixp:"1";
              name = str:"Bone12";
              translation = xpoint3:"41.640895843505859375,0,0";
              rotation = {
                0 = xpoint3:"-0.711762249469757080078125,-0.699878871440887451171875,0.032861493527889251708984375";
                1 = xpoint3:"0.700517714023590087890625,-0.71175420284271240234375,0.014022323302924633026123046875";
                2 = xpoint3:"0.01360910199582576751708984375,0.033034764230251312255859375,0.999361097812652587890625";
              }
              #0 = {
                scale = fixp:"1";
                name = str:"Bone13";
                translation = xpoint3:"27.0789241790771484375,0,0";
                rotation = {
                  0 = xpoint3:"-0.84532701969146728515625,0.531736910343170166015625,0";
                  1 = xpoint3:"-0.531736910343170166015625,-0.84532701969146728515625,0";
                  2 = xpoint3:"0,0,1";
                }
              }
            }
          }
          #8 = {
            scale = fixp:"1";
            name = str:"Bone07";
            translation = xpoint3:"17.1411113739013671875,-13.4112300872802734375,12.1144866943359375";
            rotation = {
              0 = xpoint3:"0.51224863529205322265625,0.731320083141326904296875,-0.4495157897472381591796875";
              1 = xpoint3:"-0.845168054103851318359375,0.52138602733612060546875,-0.11468674242496490478515625";
              2 = xpoint3:"0.1502813994884490966796875,0.4388997554779052734375,0.88578593730926513671875";
            }
            #0 = {
              scale = fixp:"1";
              name = str:"Bone08";
              translation = xpoint3:"41.640880584716796875,0,0";
              rotation = {
                0 = xpoint3:"-0.721626102924346923828125,-0.6899287700653076171875,-0.0274924896657466888427734375";
                1 = xpoint3:"0.69038140773773193359375,-0.7216136455535888671875,-0.012205124832689762115478515625";
                2 = xpoint3:"-0.011446542106568813323974609375,-0.0278168804943561553955078125,0.999547183513641357421875";
              }
              #0 = {
                scale = fixp:"1";
                name = str:"Bone09";
                translation = xpoint3:"27.078929901123046875,0,0";
                rotation = {
                  0 = xpoint3:"-0.8451850414276123046875,0.531962573528289794921875,0";
                  1 = xpoint3:"-0.531962573528289794921875,-0.8451850414276123046875,0";
                  2 = xpoint3:"0,0,1";
                }
              }
            }
          }
          #9 = {
            scale = fixp:"1";
            name = str:"Bone23";
            translation = xpoint3:"6.863420963287353515625,-11.178131103515625,-0.02420044131577014923095703125";
            rotation = {
              0 = xpoint3:"-0.0647671222686767578125,0.99790036678314208984375,0";
              1 = xpoint3:"-0.99790036678314208984375,-0.0647671222686767578125,0";
              2 = xpoint3:"0,0,1";
            }
            #0 = {
              scale = fixp:"1";
              name = str:"Bone24";
              translation = xpoint3:"35.698726654052734375,0,0";
              rotation = {
                0 = xpoint3:"0.96191084384918212890625,-0.2733633518218994140625,0";
                1 = xpoint3:"0.2733633518218994140625,0.96191084384918212890625,0";
                2 = xpoint3:"0,0,1";
              }
            }
          }
          #10 = {
            scale = fixp:"1";
            name = str:"Left_side";
            translation = xpoint3:"31.839221954345703125,22.021442413330078125,-28.9002971649169921875";
            rotation = {
              0 = xpoint3:"0.968988597393035888671875,-0.24710546433925628662109375,0";
              1 = xpoint3:"0.24710546433925628662109375,0.968988597393035888671875,0";
              2 = xpoint3:"0,0,1";
            }
          }
          #11 = {
            scale = fixp:"1";
            name = str:"Right_side";
            translation = xpoint3:"31.839221954345703125,22.0214443206787109375,28.9920063018798828125";
            rotation = {
              0 = xpoint3:"0.968988597393035888671875,-0.24710546433925628662109375,0";
              1 = xpoint3:"0.24710546433925628662109375,0.968988597393035888671875,0";
              2 = xpoint3:"0,0,1";
            }
          }
        }
        #1 = {
          scale = fixp:"1";
          name = str:"pt_cast";
          translation = xpoint3:"-56.149600982666015625,-20.623382568359375,-0.1857452392578125";
          rotation = {
            0 = xpoint3:"0,0,1";
            1 = xpoint3:"0,-1,0";
            2 = xpoint3:"1,0,0";
          }
        }
        #2 = {
          scale = fixp:"1";
          name = str:"pt_center";
          translation = xpoint3:"-0.79077911376953125,-10.4517059326171875,-0.21575926244258880615234375";
          rotation = {
            0 = xpoint3:"0,0.007112838327884674072265625,0.999974727630615234375";
            1 = xpoint3:"1,0,0";
            2 = xpoint3:"0,0.999974668025970458984375,-0.0071128420531749725341796875";
          }
        }
      }
      #1 = {
        scale = fixp:"1";
        name = str:"pt_ground";
        translation = xpoint3:"0,0,0";
        rotation = {
          0 = xpoint3:"1,0,0";
          1 = xpoint3:"0,1,0";
          2 = xpoint3:"0,0,1";
        }
      }
    }
  }
  #3 = {
    scale = fixp:"1";
    name = str:"pt_top";
    translation = xpoint3:"-0.231536865234375,0.612423241138458251953125,346.003448486328125";
    rotation = {
      0 = xpoint3:"1,0,0";
      1 = xpoint3:"0,1,0";
      2 = xpoint3:"0,0,1";
    }
  }
}