model = {
  file = str:"data\models\units\dummy1\hinfantry.nif";
  animation = {
    loop = fixp:"0";
    duration = fixp:"42.83333587646484375";
  }
  #0 = {
    scale = fixp:"1";
    name = str:"ROOT";
    translation = xpoint3:"0,0,0";
    rotation = {
      0 = xpoint3:"1,0,0";
      1 = xpoint3:"0,1,0";
      2 = xpoint3:"0,0,1";
    }
    #3 = {
      scale = fixp:"1";
      name = str:"ROOT NonAccum";
      translation = xpoint3:"0,0,0";
      rotation = {
        0 = xpoint3:"1,0,0";
        1 = xpoint3:"0,1,0";
        2 = xpoint3:"0,0,1";
      }
      #0 = {
        scale = fixp:"1";
        name = str:"Bip01";
        translation = xpoint3:"-6.688734531402587890625,-0.0576763153076171875,102.1713104248046875";
        rotation = {
          0 = xpoint3:"0.057330526411533355712890625,0.997645556926727294921875,0.0069727413356304168701171875";
          1 = xpoint3:"-0.989314377307891845703125,0.055953107774257659912109375,0.12944614887237548828125";
          2 = xpoint3:"0.1288497745990753173828125,-0.014235851354897022247314453125,0.991555750370025634765625";
        }
        #0 = {
          scale = fixp:"1";
          name = str:"Bip01 Footsteps";
          translation = xpoint3:"-13.16601276397705078125,1.4546349048614501953125,-101.24411773681640625";
          rotation = {
            0 = xpoint3:"0.0566460788249969482421875,-0.990032732486724853515625,0.12894333899021148681640625";
            1 = xpoint3:"0.9983699321746826171875,0.0552676580846309661865234375,-0.0142461918294429779052734375";
            2 = xpoint3:"0.0069777970202267169952392578125,0.129540145397186279296875,0.99154961109161376953125";
          }
        }
        #1 = {
          scale = fixp:"1";
          name = str:"Bip01 Pelvis";
          translation = xpoint3:"0,0,0";
          rotation = {
            0 = xpoint3:"0,0.99927437305450439453125,0";
            1 = xpoint3:"-0.0167622268199920654296875,0,0.9991338253021240234375";
            2 = xpoint3:"0.9991338253021240234375,0,0.0174878276884555816650390625";
          }
          #0 = {
            scale = fixp:"1";
            name = str:"Bip01 Spine";
            translation = xpoint3:"10.74089717864990234375,-0.0141536481678485870361328125,0.1810434758663177490234375";
            rotation = {
              0 = xpoint3:"0.98673737049102783203125,-0.1620432436466217041015625,-0.008492966182529926300048828125";
              1 = xpoint3:"0.1622583568096160888671875,0.984844982624053955078125,0.061078287661075592041015625";
              2 = xpoint3:"-0.00154034909792244434356689453125,-0.061646692454814910888671875,0.998095452785491943359375";
            }
            #0 = {
              scale = fixp:"1";
              name = str:"Bip01 Spine1";
              translation = xpoint3:"18.0547351837158203125,-0.027852214872837066650390625,0";
              rotation = {
                0 = xpoint3:"0.999700367450714111328125,-0.0075108981691300868988037109375,-0.0232887230813503265380859375";
                1 = xpoint3:"0.0073367371223866939544677734375,0.99994456768035888671875,-0.0075494316406548023223876953125";
                2 = xpoint3:"0.02334417402744293212890625,0.0073761804960668087005615234375,0.999700069427490234375";
              }
              #0 = {
                scale = fixp:"1";
                name = str:"Bip01 Neck";
                translation = xpoint3:"31.8922328948974609375,1.21670734882354736328125,0";
                rotation = {
                  0 = xpoint3:"1,0,0";
                  1 = xpoint3:"0,1,0";
                  2 = xpoint3:"0,0,1";
                }
                #0 = {
                  scale = fixp:"1";
                  name = str:"Bip01 Head";
                  translation = xpoint3:"8.44636249542236328125,0,0";
                  rotation = {
                    0 = xpoint3:"0.99149858951568603515625,0.117702208459377288818359375,0.0553566776216030120849609375";
                    1 = xpoint3:"-0.115741588175296783447265625,0.992570698261260986328125,-0.0373705290257930755615234375";
                    2 = xpoint3:"-0.0593469031155109405517578125,0.0306408740580081939697265625,0.99776542186737060546875";
                  }
                  #0 = {
                    scale = fixp:"1";
                    name = str:"Bip01 HeadNub";
                    translation = xpoint3:"21.947132110595703125,0,0";
                    rotation = {
                      0 = xpoint3:"1,0,0";
                      1 = xpoint3:"0,1,0";
                      2 = xpoint3:"0,0,1";
                    }
                  }
                  #1 = {
                    scale = fixp:"1";
                    name = str:"pt_head";
                    translation = xpoint3:"10.3620471954345703125,0.3611162006855010986328125,0.14818097651004791259765625";
                    rotation = {
                      0 = xpoint3:"-0.0102364011108875274658203125,0.02265393920242786407470703125,0.999690949916839599609375";
                      1 = xpoint3:"-0.0430195517838001251220703125,-0.9988276958465576171875,0.0221938751637935638427734375";
                      2 = xpoint3:"0.9990217685699462890625,-0.0427790693938732147216796875,0.011198963038623332977294921875";
                    }
                  }
                }
                #1 = {
                  scale = fixp:"1";
                  name = str:"Bip01 L Clavicle";
                  translation = xpoint3:"-4.394360065460205078125,-6.68803882598876953125,7.923099994659423828125";
                  rotation = {
                    0 = xpoint3:"-0.097590975463390350341796875,0,0.994425714015960693359375";
                    1 = xpoint3:"0.069012187421321868896484375,-0.996144592761993408203125,0.00602729804813861846923828125";
                    2 = xpoint3:"0.992028415203094482421875,0.0692703425884246826171875,0.09886051714420318603515625";
                  }
                  #0 = {
                    scale = fixp:"1";
                    name = str:"Bip01 L UpperArm";
                    translation = xpoint3:"20.4623889923095703125,0,0";
                    rotation = {
                      0 = xpoint3:"0.3282197415828704833984375,0.744209229946136474609375,0.5809040069580078125";
                      1 = xpoint3:"-0.816303193569183349609375,0.532834231853485107421875,-0.2214920818805694580078125";
                      2 = xpoint3:"-0.474284648895263671875,-0.4019481241703033447265625,0.78305613994598388671875";
                    }
                    #0 = {
                      scale = fixp:"1";
                      name = str:"Bip01 L Forearm";
                      translation = xpoint3:"28.14307403564453125,0,0";
                      rotation = {
                        0 = xpoint3:"0.3464071452617645263671875,0.937578618526458740234375,0";
                        1 = xpoint3:"-0.937578618526458740234375,0.3464071452617645263671875,0";
                        2 = xpoint3:"0,0,1";
                      }
                      #0 = {
                        scale = fixp:"1";
                        name = str:"Bip01 L Hand";
                        translation = xpoint3:"24.70142364501953125,0,0";
                        rotation = {
                          0 = xpoint3:"0.992214679718017578125,0.05475188791751861572265625,-0.11180795729160308837890625";
                          1 = xpoint3:"-0.031355790793895721435546875,-0.757962882518768310546875,-0.649583041667938232421875";
                          2 = xpoint3:"-0.120480716228485107421875,0.648030459880828857421875,-0.75033390522003173828125";
                        }
                        #0 = {
                          scale = fixp:"1";
                          name = str:"Bip01 L Finger0";
                          translation = xpoint3:"3.0562293529510498046875,1.52659571170806884765625,-4.1847248077392578125";
                          rotation = {
                            0 = xpoint3:"0.3121103346347808837890625,0.86404001712799072265625,0.393730461597442626953125";
                            1 = xpoint3:"0.94598388671875,-0.24584238231182098388671875,-0.2070460617542266845703125";
                            2 = xpoint3:"-0.08187417685985565185546875,0.4372509419918060302734375,-0.894069135189056396484375";
                          }
                          #0 = {
                            scale = fixp:"1";
                            name = str:"Bip01 L Finger01";
                            translation = xpoint3:"3.6553752422332763671875,0,0";
                            rotation = {
                              0 = xpoint3:"0.76848781108856201171875,-0.63960182666778564453125,0";
                              1 = xpoint3:"0.63960182666778564453125,0.76848781108856201171875,0";
                              2 = xpoint3:"0,0,1";
                            }
                            #0 = {
                              scale = fixp:"1";
                              name = str:"Bip01 L Finger02";
                              translation = xpoint3:"3.6553642749786376953125,0,0";
                              rotation = {
                                0 = xpoint3:"0.99579966068267822265625,-0.09152562916278839111328125,0";
                                1 = xpoint3:"0.09152562916278839111328125,0.99579966068267822265625,0";
                                2 = xpoint3:"0,0,1";
                              }
                              #0 = {
                                scale = fixp:"1";
                                name = str:"Bip01 L Finger0Nub";
                                translation = xpoint3:"3.0086600780487060546875,0,0";
                                rotation = {
                                  0 = xpoint3:"1,0,0";
                                  1 = xpoint3:"0,1,0";
                                  2 = xpoint3:"0,0,1";
                                }
                              }
                            }
                          }
                        }
                        #1 = {
                          scale = fixp:"1";
                          name = str:"Bip01 L Finger1";
                          translation = xpoint3:"10.239833831787109375,0.83550202846527099609375,-2.9993221759796142578125";
                          rotation = {
                            0 = xpoint3:"0.85556375980377197265625,-0.509486615657806396484375,-0.090688645839691162109375";
                            1 = xpoint3:"0.513714253902435302734375,0.85731565952301025390625,0.03000787459313869476318359375";
                            2 = xpoint3:"0.0624396912753582000732421875,-0.072292380034923553466796875,0.995423734188079833984375";
                          }
                          #0 = {
                            scale = fixp:"1";
                            name = str:"Bip01 L Finger11";
                            translation = xpoint3:"3.761470794677734375,0,0";
                            rotation = {
                              0 = xpoint3:"0.430136620998382568359375,-0.902305662631988525390625,0";
                              1 = xpoint3:"0.902305662631988525390625,0.430136620998382568359375,0";
                              2 = xpoint3:"0,0,1";
                            }
                            #0 = {
                              scale = fixp:"1";
                              name = str:"Bip01 L Finger12";
                              translation = xpoint3:"2.86321544647216796875,0,0";
                              rotation = {
                                0 = xpoint3:"0.763873994350433349609375,-0.645099937915802001953125,0";
                                1 = xpoint3:"0.645099937915802001953125,0.763873994350433349609375,0";
                                2 = xpoint3:"0,0,1";
                              }
                              #0 = {
                                scale = fixp:"1";
                                name = str:"Bip01 L Finger1Nub";
                                translation = xpoint3:"3.1394479274749755859375,0,0";
                                rotation = {
                                  0 = xpoint3:"1,0,0";
                                  1 = xpoint3:"0,1,0";
                                  2 = xpoint3:"0,0,1";
                                }
                              }
                            }
                          }
                        }
                        #2 = {
                          scale = fixp:"1";
                          name = str:"Bip01 L Finger2";
                          translation = xpoint3:"10.254611968994140625,0.343470096588134765625,-0.084470622241497039794921875";
                          rotation = {
                            0 = xpoint3:"0.766469061374664306640625,-0.630022227764129638671875,-0.12352426350116729736328125";
                            1 = xpoint3:"0.639516890048980712890625,0.7661876678466796875,0.0602936856448650360107421875";
                            2 = xpoint3:"0.0566078461706638336181640625,-0.12525622546672821044921875,0.990501224994659423828125";
                          }
                          #0 = {
                            scale = fixp:"1";
                            name = str:"Bip01 L Finger21";
                            translation = xpoint3:"4.3562107086181640625,0,0";
                            rotation = {
                              0 = xpoint3:"0.3781183063983917236328125,-0.92526972293853759765625,0";
                              1 = xpoint3:"0.92526972293853759765625,0.3781183063983917236328125,0";
                              2 = xpoint3:"0,0,1";
                            }
                            #0 = {
                              scale = fixp:"1";
                              name = str:"Bip01 L Finger22";
                              translation = xpoint3:"3.7206211090087890625,0,0";
                              rotation = {
                                0 = xpoint3:"0.773709595203399658203125,-0.633281171321868896484375,0";
                                1 = xpoint3:"0.633281171321868896484375,0.773709595203399658203125,0";
                                2 = xpoint3:"0,0,1";
                              }
                              #0 = {
                                scale = fixp:"1";
                                name = str:"Bip01 L Finger2Nub";
                                translation = xpoint3:"3.747375965118408203125,0,0";
                                rotation = {
                                  0 = xpoint3:"1,0,0";
                                  1 = xpoint3:"0,1,0";
                                  2 = xpoint3:"0,0,1";
                                }
                              }
                            }
                          }
                        }
                        #3 = {
                          scale = fixp:"1";
                          name = str:"Bip01 L Finger3";
                          translation = xpoint3:"10.3326206207275390625,0.799662172794342041015625,2.776676177978515625";
                          rotation = {
                            0 = xpoint3:"0.777053177356719970703125,-0.61443603038787841796875,-0.13540028035640716552734375";
                            1 = xpoint3:"0.6248514652252197265625,0.778825700283050537109375,0.05167411267757415771484375";
                            2 = xpoint3:"0.07365797460079193115234375,-0.12481166422367095947265625,0.989434778690338134765625";
                          }
                          #0 = {
                            scale = fixp:"1";
                            name = str:"Bip01 L Finger31";
                            translation = xpoint3:"3.8876969814300537109375,0,0";
                            rotation = {
                              0 = xpoint3:"0.3425371944904327392578125,-0.938996374607086181640625,0";
                              1 = xpoint3:"0.938996374607086181640625,0.3425371944904327392578125,0";
                              2 = xpoint3:"0,0,1";
                            }
                            #0 = {
                              scale = fixp:"1";
                              name = str:"Bip01 L Finger32";
                              translation = xpoint3:"3.117192745208740234375,0,0";
                              rotation = {
                                0 = xpoint3:"0.91027200222015380859375,-0.4138534367084503173828125,0";
                                1 = xpoint3:"0.4138534367084503173828125,0.91027200222015380859375,0";
                                2 = xpoint3:"0,0,1";
                              }
                              #0 = {
                                scale = fixp:"1";
                                name = str:"Bip01 L Finger3Nub";
                                translation = xpoint3:"2.861499786376953125,0,0";
                                rotation = {
                                  0 = xpoint3:"1,0,0";
                                  1 = xpoint3:"0,1,0";
                                  2 = xpoint3:"0,0,1";
                                }
                              }
                            }
                          }
                        }
                        #4 = {
                          scale = fixp:"1";
                          name = str:"Bip01 L Finger4";
                          translation = xpoint3:"9.36262989044189453125,0.70255911350250244140625,5.4288616180419921875";
                          rotation = {
                            0 = xpoint3:"0.882707536220550537109375,-0.4595652520656585693359375,-0.0972470939159393310546875";
                            1 = xpoint3:"0.4680263698101043701171875,0.878112316131591796875,0.09845401346683502197265625";
                            2 = xpoint3:"0.04010637104511260986328125,-0.13244496285915374755859375,0.99037158489227294921875";
                          }
                          #0 = {
                            scale = fixp:"1";
                            name = str:"Bip01 L Finger41";
                            translation = xpoint3:"3.4212551116943359375,0,0";
                            rotation = {
                              0 = xpoint3:"0.61331737041473388671875,-0.78948128223419189453125,0";
                              1 = xpoint3:"0.78948128223419189453125,0.61331737041473388671875,0";
                              2 = xpoint3:"0,0,1";
                            }
                            #0 = {
                              scale = fixp:"1";
                              name = str:"Bip01 L Finger42";
                              translation = xpoint3:"2.344363689422607421875,0,0";
                              rotation = {
                                0 = xpoint3:"0.9754951000213623046875,-0.219940364360809326171875,0";
                                1 = xpoint3:"0.219940364360809326171875,0.9754951000213623046875,0";
                                2 = xpoint3:"0,0,1";
                              }
                              #0 = {
                                scale = fixp:"1";
                                name = str:"Bip01 L Finger4Nub";
                                translation = xpoint3:"2.591666698455810546875,0,0";
                                rotation = {
                                  0 = xpoint3:"1,0,0";
                                  1 = xpoint3:"0,1,0";
                                  2 = xpoint3:"0,0,1";
                                }
                              }
                            }
                          }
                        }
                        #5 = {
                          scale = fixp:"1";
                          name = str:"pt_hand";
                          translation = xpoint3:"10.211902618408203125,5.47898006439208984375,0";
                          rotation = {
                            0 = xpoint3:"1,0,0";
                            1 = xpoint3:"0,1,0";
                            2 = xpoint3:"0,0,1";
                          }
                        }
                      }
                    }
                  }
                }
                #2 = {
                  scale = fixp:"1";
                  name = str:"Bip01 R Clavicle";
                  translation = xpoint3:"-4.394349575042724609375,-6.687995433807373046875,-7.9231319427490234375";
                  rotation = {
                    0 = xpoint3:"-0.13801015913486480712890625,0,-0.98959648609161376953125";
                    1 = xpoint3:"0.2193619906902313232421875,-0.973712921142578125,-0.02998921088874340057373046875";
                    2 = xpoint3:"-0.964977741241455078125,-0.22140108048915863037109375,0.13618348538875579833984375";
                  }
                  #0 = {
                    scale = fixp:"1";
                    name = str:"Bip01 R UpperArm";
                    translation = xpoint3:"20.462390899658203125,0,0";
                    rotation = {
                      0 = xpoint3:"0.679702937602996826171875,0.70413362979888916015625,-0.2042913734912872314453125";
                      1 = xpoint3:"-0.4693715572357177734375,0.632088005542755126953125,0.616133987903594970703125";
                      2 = xpoint3:"0.5632312297821044921875,-0.3226865828037261962890625,0.760457932949066162109375";
                    }
                    #0 = {
                      scale = fixp:"1";
                      name = str:"Bip01 R Forearm";
                      translation = xpoint3:"28.1430683135986328125,0,0";
                      rotation = {
                        0 = xpoint3:"0.371390640735626220703125,0.92798531055450439453125,0";
                        1 = xpoint3:"-0.92798531055450439453125,0.371390640735626220703125,0";
                        2 = xpoint3:"0,0,1";
                      }
                      #0 = {
                        scale = fixp:"1";
                        name = str:"Bip01 R Hand";
                        translation = xpoint3:"24.7014179229736328125,0,0";
                        rotation = {
                          0 = xpoint3:"0.812705218791961669921875,-0.4405079185962677001953125,-0.38103961944580078125";
                          1 = xpoint3:"-0.561605393886566162109375,-0.4181217253208160400390625,-0.7125415802001953125";
                          2 = xpoint3:"0.15439482033252716064453125,0.79313862323760986328125,-0.58718812465667724609375";
                        }
                        #0 = {
                          scale = fixp:"1";
                          name = str:"Bip01 R Finger0";
                          translation = xpoint3:"3.0562331676483154296875,1.52658939361572265625,4.1847171783447265625";
                          rotation = {
                            0 = xpoint3:"0.798787057399749755859375,0.57870733737945556640625,-0.1635392606258392333984375";
                            1 = xpoint3:"0.116265237331390380859375,0.118867896497249603271484375,0.9854309558868408203125";
                            2 = xpoint3:"0.5900251865386962890625,-0.80603325366973876953125,0.0277464576065540313720703125";
                          }
                          #0 = {
                            scale = fixp:"1";
                            name = str:"Bip01 R Finger01";
                            translation = xpoint3:"3.6553676128387451171875,0,0";
                            rotation = {
                              0 = xpoint3:"0.766214191913604736328125,-0.642321169376373291015625,0";
                              1 = xpoint3:"0.642321169376373291015625,0.766214191913604736328125,0";
                              2 = xpoint3:"0,0,1";
                            }
                            #0 = {
                              scale = fixp:"1";
                              name = str:"Bip01 R Finger02";
                              translation = xpoint3:"3.6553699970245361328125,0,0";
                              rotation = {
                                0 = xpoint3:"1,0,0";
                                1 = xpoint3:"0,1,0";
                                2 = xpoint3:"0,0,1";
                              }
                              #0 = {
                                scale = fixp:"1";
                                name = str:"Bip01 R Finger0Nub";
                                translation = xpoint3:"3.008660793304443359375,0,0";
                                rotation = {
                                  0 = xpoint3:"-0.9985487461090087890625,0,0";
                                  1 = xpoint3:"0,-0.9985487461090087890625,0";
                                  2 = xpoint3:"0,0,1";
                                }
                              }
                            }
                          }
                        }
                        #1 = {
                          scale = fixp:"1";
                          name = str:"Bip01 R Finger1";
                          translation = xpoint3:"10.2398357391357421875,0.835501372814178466796875,2.9993259906768798828125";
                          rotation = {
                            0 = xpoint3:"0.679194629192352294921875,-0.73357307910919189453125,0.0099854767322540283203125";
                            1 = xpoint3:"0.73301601409912109375,0.6791150569915771484375,0.032010056078433990478515625";
                            2 = xpoint3:"-0.0302777253091335296630859375,-0.01440877281129360198974609375,0.999437272548675537109375";
                          }
                          #0 = {
                            scale = fixp:"1";
                            name = str:"Bip01 R Finger11";
                            translation = xpoint3:"3.7614614963531494140625,0,0";
                            rotation = {
                              0 = xpoint3:"0.475456178188323974609375,-0.87930667400360107421875,0";
                              1 = xpoint3:"0.87930667400360107421875,0.475456178188323974609375,0";
                              2 = xpoint3:"0,0,1";
                            }
                            #0 = {
                              scale = fixp:"1";
                              name = str:"Bip01 R Finger12";
                              translation = xpoint3:"2.8632242679595947265625,0,0";
                              rotation = {
                                0 = xpoint3:"0.977355480194091796875,-0.21152631938457489013671875,0";
                                1 = xpoint3:"0.21152631938457489013671875,0.977355480194091796875,0";
                                2 = xpoint3:"0,0,1";
                              }
                              #0 = {
                                scale = fixp:"1";
                                name = str:"Bip01 R Finger1Nub";
                                translation = xpoint3:"3.13944530487060546875,0,0";
                                rotation = {
                                  0 = xpoint3:"-0.9985487461090087890625,0,0";
                                  1 = xpoint3:"0,-0.9985487461090087890625,0";
                                  2 = xpoint3:"0,0,1";
                                }
                              }
                            }
                          }
                        }
                        #2 = {
                          scale = fixp:"1";
                          name = str:"Bip01 R Finger2";
                          translation = xpoint3:"10.254611968994140625,0.34347045421600341796875,0.084474273025989532470703125";
                          rotation = {
                            0 = xpoint3:"0.66713201999664306640625,-0.743574082851409912109375,-0.0393628217279911041259765625";
                            1 = xpoint3:"0.743496000766754150390625,0.668095171451568603515625,-0.01951544545590877532958984375";
                            2 = xpoint3:"0.0408103428781032562255859375,-0.01627269200980663299560546875,0.9990336894989013671875";
                          }
                          #0 = {
                            scale = fixp:"1";
                            name = str:"Bip01 R Finger21";
                            translation = xpoint3:"4.356206417083740234375,0,0";
                            rotation = {
                              0 = xpoint3:"0.441421687602996826171875,-0.8968479633331298828125,0";
                              1 = xpoint3:"0.8968479633331298828125,0.441421687602996826171875,0";
                              2 = xpoint3:"0,0,1";
                            }
                            #0 = {
                              scale = fixp:"1";
                              name = str:"Bip01 R Finger22";
                              translation = xpoint3:"3.720612049102783203125,0,0";
                              rotation = {
                                0 = xpoint3:"0.792933285236358642578125,-0.60906183719635009765625,0";
                                1 = xpoint3:"0.60906183719635009765625,0.792933285236358642578125,0";
                                2 = xpoint3:"0,0,1";
                              }
                              #0 = {
                                scale = fixp:"1";
                                name = str:"Bip01 R Finger2Nub";
                                translation = xpoint3:"3.74737548828125,0,0";
                                rotation = {
                                  0 = xpoint3:"-0.9985487461090087890625,0,0";
                                  1 = xpoint3:"0,-0.9985487461090087890625,0";
                                  2 = xpoint3:"0,0,1";
                                }
                              }
                            }
                          }
                        }
                        #3 = {
                          scale = fixp:"1";
                          name = str:"Bip01 R Finger3";
                          translation = xpoint3:"10.33262157440185546875,0.799660027027130126953125,-2.776668548583984375";
                          rotation = {
                            0 = xpoint3:"0.591993868350982666015625,-0.804242670536041259765625,-0.046313442289829254150390625";
                            1 = xpoint3:"0.800998628139495849609375,0.593777477741241455078125,-0.072387747466564178466796875";
                            2 = xpoint3:"0.085745804011821746826171875,0.005707713775336742401123046875,0.996298015117645263671875";
                          }
                          #0 = {
                            scale = fixp:"1";
                            name = str:"Bip01 R Finger31";
                            translation = xpoint3:"3.887689113616943359375,0,0";
                            rotation = {
                              0 = xpoint3:"0.730135738849639892578125,-0.683015525341033935546875,0";
                              1 = xpoint3:"0.683015525341033935546875,0.730135738849639892578125,0";
                              2 = xpoint3:"0,0,1";
                            }
                            #0 = {
                              scale = fixp:"1";
                              name = str:"Bip01 R Finger32";
                              translation = xpoint3:"3.1171939373016357421875,0,0";
                              rotation = {
                                0 = xpoint3:"0.77941668033599853515625,-0.62625038623809814453125,0";
                                1 = xpoint3:"0.62625038623809814453125,0.77941668033599853515625,0";
                                2 = xpoint3:"0,0,1";
                              }
                              #0 = {
                                scale = fixp:"1";
                                name = str:"Bip01 R Finger3Nub";
                                translation = xpoint3:"2.8615016937255859375,0,0";
                                rotation = {
                                  0 = xpoint3:"-0.9985487461090087890625,0,0";
                                  1 = xpoint3:"0,-0.9985487461090087890625,0";
                                  2 = xpoint3:"0,0,1";
                                }
                              }
                            }
                          }
                        }
                        #4 = {
                          scale = fixp:"1";
                          name = str:"Bip01 R Finger4";
                          translation = xpoint3:"9.362628936767578125,0.70255196094512939453125,-5.428854465484619140625";
                          rotation = {
                            0 = xpoint3:"0.481285750865936279296875,-0.87161409854888916015625,-0.088883303105831146240234375";
                            1 = xpoint3:"0.87298858165740966796875,0.485672771930694580078125,-0.0355888865888118743896484375";
                            2 = xpoint3:"0.074177302420139312744140625,-0.060535423457622528076171875,0.99540269374847412109375";
                          }
                          #0 = {
                            scale = fixp:"1";
                            name = str:"Bip01 R Finger41";
                            translation = xpoint3:"3.4212493896484375,0,0";
                            rotation = {
                              0 = xpoint3:"0.952268779277801513671875,-0.3051474392414093017578125,0";
                              1 = xpoint3:"0.3051474392414093017578125,0.952268779277801513671875,0";
                              2 = xpoint3:"0,0,1";
                            }
                            #0 = {
                              scale = fixp:"1";
                              name = str:"Bip01 R Finger42";
                              translation = xpoint3:"2.344369411468505859375,0,0";
                              rotation = {
                                0 = xpoint3:"0.777175486087799072265625,-0.629026949405670166015625,0";
                                1 = xpoint3:"0.629026949405670166015625,0.777175486087799072265625,0";
                                2 = xpoint3:"0,0,1";
                              }
                              #0 = {
                                scale = fixp:"1";
                                name = str:"Bip01 R Finger4Nub";
                                translation = xpoint3:"2.591670513153076171875,0,0";
                                rotation = {
                                  0 = xpoint3:"-0.9985487461090087890625,0,0";
                                  1 = xpoint3:"0,-0.9985487461090087890625,0";
                                  2 = xpoint3:"0,0,1";
                                }
                              }
                            }
                          }
                        }
                        #5 = {
                          scale = fixp:"1";
                          name = str:"Bone_Gun";
                          translation = xpoint3:"8.77756023406982421875,4.038241863250732421875,12.52874660491943359375";
                          rotation = {
                            0 = xpoint3:"0.897159099578857421875,0.4180014133453369140625,-0.14275990426540374755859375";
                            1 = xpoint3:"-0.42512619495391845703125,0.9048612117767333984375,-0.02222297526895999908447265625";
                            2 = xpoint3:"0.119888670742511749267578125,0.080628521740436553955078125,0.989507853984832763671875";
                          }
                          #0 = {
                            scale = fixp:"1";
                            name = str:"Bone_Gun_end";
                            translation = xpoint3:"45.2574005126953125,0,0";
                            rotation = {
                              0 = xpoint3:"1,0,0";
                              1 = xpoint3:"0,1,0";
                              2 = xpoint3:"0,0,1";
                            }
                            #0 = {
                              scale = fixp:"1";
                              name = str:"pt_shoot_1";
                              translation = xpoint3:"26.930904388427734375,-1.30231058597564697265625,-4.546630382537841796875";
                              rotation = {
                                0 = xpoint3:"0.04583789408206939697265625,-0.998937904834747314453125,-0.0046811443753540515899658203125";
                                1 = xpoint3:"0.99885928630828857421875,0.045770518481731414794921875,0.0136075504124164581298828125";
                                2 = xpoint3:"-0.0133788399398326873779296875,-0.005299545824527740478515625,0.999896466732025146484375";
                              }
                            }
                          }
                          #1 = {
                            scale = fixp:"1";
                            name = str:"pt_weapon";
                            translation = xpoint3:"20.173679351806640625,-0.4274370372295379638671875,1.94653880596160888671875";
                            rotation = {
                              0 = xpoint3:"0.82119548320770263671875,-0.57010948657989501953125,0.02476138435304164886474609375";
                              1 = xpoint3:"0.56942653656005859375,0.81583106517791748046875,-0.100861497223377227783203125";
                              2 = xpoint3:"0.0373009927570819854736328125,0.096926800906658172607421875,0.99459230899810791015625";
                            }
                            #0 = {
                              scale = fixp:"1";
                              name = str:"Bone_Pulnitel";
                              translation = xpoint3:"0,0,0";
                              rotation = {
                                0 = xpoint3:"-0.0360888354480266571044921875,0.783632934093475341796875,-0.620175182819366455078125";
                                1 = xpoint3:"-0.05522930622100830078125,-0.621195137500762939453125,-0.78170764446258544921875";
                                2 = xpoint3:"-0.997821390628814697265625,0.0060410141013562679290771484375,0.065697453916072845458984375";
                              }
                            }
                          }
                        }
                        #6 = {
                          scale = fixp:"1";
                          name = str:"pt_hand@#0";
                          translation = xpoint3:"9.13311767578125,2.7988417148590087890625,-0.69420754909515380859375";
                          rotation = {
                            0 = xpoint3:"-0.996033191680908203125,0.081704981625080108642578125,0.0352451689541339874267578125";
                            1 = xpoint3:"-0.077539049088954925537109375,-0.991265594959259033203125,0.106677882373332977294921875";
                            2 = xpoint3:"0.0436534397304058074951171875,0.10352183878421783447265625,0.993668735027313232421875";
                          }
                        }
                      }
                    }
                  }
                }
              }
              #1 = {
                scale = fixp:"1";
                name = str:"Bone_L_Shoulder";
                translation = xpoint3:"30.1661548614501953125,-0.0446899831295013427734375,13.6982879638671875";
                rotation = {
                  0 = xpoint3:"0.707106649875640869140625,0.70710647106170654296875,0";
                  1 = xpoint3:"0,0,0.999999701976776123046875";
                  2 = xpoint3:"0.707106649875640869140625,-0.707106888294219970703125,0";
                }
              }
              #2 = {
                scale = fixp:"1";
                name = str:"Bone_R_Shoulder";
                translation = xpoint3:"29.0024280548095703125,0.00477905012667179107666015625,-13.99999904632568359375";
                rotation = {
                  0 = xpoint3:"0.707106411457061767578125,-0.70710670948028564453125,0";
                  1 = xpoint3:"0,0,0.999999701976776123046875";
                  2 = xpoint3:"-0.70710694789886474609375,-0.707106649875640869140625,0";
                }
              }
              #3 = {
