model = {
  file = str:"data\models\units\nomad\nomad.nif";
  animation = {
    loop = fixp:"0";
    duration = fixp:"6.333333492279052734375";
  }
  #0 = {
    scale = fixp:"1";
    name = str:"Nomad_All";
    translation = xpoint3:"0,0,98.86356353759765625";
    rotation = {
      0 = xpoint3:"1,0,0";
      1 = xpoint3:"0,1,0";
      2 = xpoint3:"0,0,1";
    }
  }
  #1 = {
    scale = fixp:"1";
    name = str:"ROOT";
    translation = xpoint3:"0,0,0";
    rotation = {
      0 = xpoint3:"1,0,0";
      1 = xpoint3:"0,1,0";
      2 = xpoint3:"0,0,1";
    }
    #1 = {
      scale = fixp:"1";
      name = str:"ROOT NonAccum";
      translation = xpoint3:"0,0,0";
      rotation = {
        0 = xpoint3:"1,0,0";
        1 = xpoint3:"0,1,0";
        2 = xpoint3:"0,0,1";
      }
      #0 = {
        scale = fixp:"1";
        name = str:"Bip01";
        translation = xpoint3:"-0.46969807147979736328125,-15.639354705810546875,111.99416351318359375";
        rotation = {
          0 = xpoint3:"0.0054524005390703678131103515625,0.99920642375946044921875,-0.01066626049578189849853515625";
          1 = xpoint3:"-0.9990022182464599609375,0.0056947213597595691680908203125,0.02279092185199260711669921875";
          2 = xpoint3:"0.02284240908920764923095703125,0.01055554486811161041259765625,0.9996831417083740234375";
        }
        #0 = {
          scale = fixp:"1";
          name = str:"Bip01 Footsteps";
          translation = xpoint3:"-2.560573577880859375,-1.18324935436248779296875,-111.980560302734375";
          rotation = {
            0 = xpoint3:"0.0047302977181971073150634765625,-0.9997274875640869140625,0.02285899035632610321044921875";
            1 = xpoint3:"0.999931871891021728515625,0.0049727945588529109954833984375,0.010563208721578121185302734375";
            2 = xpoint3:"-0.010674002580344676971435546875,0.02280746586620807647705078125,0.999682903289794921875";
          }
        }
        #1 = {
          scale = fixp:"1";
          name = str:"Bip01 Pelvis";
          translation = xpoint3:"0.21589250862598419189453125,0,0.01743812300264835357666015625";
          rotation = {
            0 = xpoint3:"0,0.999274432659149169921875,0";
            1 = xpoint3:"0.039728343486785888671875,0,0.9984843730926513671875";
            2 = xpoint3:"0.998484432697296142578125,0,-0.039002835750579833984375";
          }
          #0 = {
            scale = fixp:"1";
            name = str:"Bip01 Spine";
            translation = xpoint3:"12.27948474884033203125,0.4289441406726837158203125,-0.4888761937618255615234375";
            rotation = {
              0 = xpoint3:"0.98787915706634521484375,-0.1281460821628570556640625,0.087497226893901824951171875";
              1 = xpoint3:"0.1297370493412017822265625,0.9914608001708984375,-0.012703991495072841644287109375";
              2 = xpoint3:"-0.085120372474193572998046875,0.023909769952297210693359375,0.996080875396728515625";
            }
            #0 = {
              scale = fixp:"1";
              name = str:"Bip01 Spine1";
              translation = xpoint3:"19.4367656707763671875,-0.0195025168359279632568359375,0.00157313910312950611114501953125";
              rotation = {
                0 = xpoint3:"0.967166244983673095703125,0.24159657955169677734375,0.0785676538944244384765625";
                1 = xpoint3:"-0.2465294301509857177734375,0.9672195911407470703125,0.060513548552989959716796875";
                2 = xpoint3:"-0.061359822750091552734375,-0.077908523380756378173828125,0.9950668811798095703125";
              }
              #0 = {
                scale = fixp:"1";
                name = str:"Bip01 Neck";
                translation = xpoint3:"25.3270702362060546875,-0.0072085666470229625701904296875,0";
                rotation = {
                  0 = xpoint3:"0.983898818492889404296875,-0.17682729661464691162109375,-0.0255303792655467987060546875";
                  1 = xpoint3:"0.17808409035205841064453125,0.982132136821746826171875,0.060635291039943695068359375";
                  2 = xpoint3:"0.0143441148102283477783203125,-0.064208142459392547607421875,0.997831881046295166015625";
                }
                #0 = {
                  scale = fixp:"1";
                  name = str:"Bip01 Head";
                  translation = xpoint3:"9.21884441375732421875,0,0";
                  rotation = {
                    0 = xpoint3:"0.9906499385833740234375,0.057237409055233001708984375,-0.123786173760890960693359375";
                    1 = xpoint3:"-0.068523965775966644287109375,0.9936797618865966796875,-0.088858194649219512939453125";
                    2 = xpoint3:"0.117913551628589630126953125,0.096515245735645294189453125,0.988313853740692138671875";
                  }
                  #0 = {
                    scale = fixp:"1";
                    name = str:"Bip01 HeadNub";
                    translation = xpoint3:"25.367328643798828125,0,0";
                    rotation = {
                      0 = xpoint3:"1,0,0";
                      1 = xpoint3:"0,1,0";
                      2 = xpoint3:"0,0,1";
                    }
                  }
                  #1 = {
                    scale = fixp:"1";
                    name = str:"pt_head";
                    translation = xpoint3:"29.7799892425537109375,0.675313651561737060546875,0.00256375246681272983551025390625";
                    rotation = {
                      0 = xpoint3:"-0.0102364011108875274658203125,0.02265393920242786407470703125,0.999690949916839599609375";
                      1 = xpoint3:"-0.043019540607929229736328125,-0.9988276958465576171875,0.0221938751637935638427734375";
                      2 = xpoint3:"0.9990217685699462890625,-0.0427790619432926177978515625,0.011198963038623332977294921875";
                    }
                    #0 = {
                      scale = fixp:"1";
                      name = str:"pt_top";
                      translation = xpoint3:"-0.124897859990596771240234375,1.0662624835968017578125,37.489715576171875";
                      rotation = {
                        0 = xpoint3:"0.99960529804229736328125,0.01834568195044994354248046875,-0.021275691688060760498046875";
                        1 = xpoint3:"-0.01844649948179721832275390625,0.999819457530975341796875,-0.00455209426581859588623046875";
                        2 = xpoint3:"0.021188341081142425537109375,0.00494275987148284912109375,0.999763309955596923828125";
                      }
                    }
                  }
                }
                #1 = {
                  scale = fixp:"1";
                  name = str:"Bip01 L Clavicle";
                  translation = xpoint3:"-0.39590680599212646484375,-4.108435153961181640625,6.910007476806640625";
                  rotation = {
                    0 = xpoint3:"-0.123834751546382904052734375,-0.178396046161651611328125,0.975299417972564697265625";
                    1 = xpoint3:"-0.010394789278507232666015625,-0.98195135593414306640625,-0.18107305467128753662109375";
                    2 = xpoint3:"0.991426289081573486328125,-0.03271628916263580322265625,0.121361233294010162353515625";
                  }
                  #0 = {
                    scale = fixp:"1";
                    name = str:"Bip01 L UpperArm";
                    translation = xpoint3:"15.79916095733642578125,0,0";
                    rotation = {
                      0 = xpoint3:"0.524043500423431396484375,0.0941967070102691650390625,0.846058309078216552734375";
                      1 = xpoint3:"0.4694145619869232177734375,0.79729950428009033203125,-0.379037380218505859375";
                      2 = xpoint3:"-0.710167348384857177734375,0.5959415435791015625,0.3736402690410614013671875";
                    }
                    #0 = {
                      scale = fixp:"1";
                      name = str:"Bip01 L Forearm";
                      translation = xpoint3:"34.84520721435546875,0,0";
                      rotation = {
                        0 = xpoint3:"0.907383143901824951171875,0.420144498348236083984375,0";
                        1 = xpoint3:"-0.420144498348236083984375,0.907383143901824951171875,0";
                        2 = xpoint3:"0,0,1";
                      }
                      #0 = {
                        scale = fixp:"1";
                        name = str:"Bip01 L Hand";
                        translation = xpoint3:"35.8023681640625,0,0";
                        rotation = {
                          0 = xpoint3:"0.8896815776824951171875,-0.44652259349822998046875,-0.0944673717021942138671875";
                          1 = xpoint3:"-0.10512559115886688232421875,-0.4008661806583404541015625,0.908967554569244384765625";
                          2 = xpoint3:"-0.4441341459751129150390625,-0.798680722713470458984375,-0.403506100177764892578125";
                        }
                        #0 = {
                          scale = fixp:"1";
                          name = str:"Bip01 L Finger0";
                          translation = xpoint3:"4.634987354278564453125,0.3465028107166290283203125,-3.93143939971923828125";
                          rotation = {
                            0 = xpoint3:"0.752277195453643798828125,0.489063560962677001953125,0.4410627186298370361328125";
                            1 = xpoint3:"0.34156358242034912109375,0.283459961414337158203125,-0.895513713359832763671875";
                            2 = xpoint3:"-0.5630753040313720703125,0.824273884296417236328125,0.0462017357349395751953125";
                          }
                          #0 = {
                            scale = fixp:"1";
                            name = str:"Bip01 L Finger01";
                            translation = xpoint3:"5.862064361572265625,0,0";
                            rotation = {
                              0 = xpoint3:"0.9785311222076416015625,-0.206023633480072021484375,0";
                              1 = xpoint3:"0.206023633480072021484375,0.9785311222076416015625,0";
                              2 = xpoint3:"0,0,1";
                            }
                            #0 = {
                              scale = fixp:"1";
                              name = str:"Bip01 L Finger0Nub";
                              translation = xpoint3:"7.987667083740234375,0,0";
                              rotation = {
                                0 = xpoint3:"1,0,0";
                                1 = xpoint3:"0,1,0";
                                2 = xpoint3:"0,0,1";
                              }
                            }
                          }
                        }
                        #1 = {
                          scale = fixp:"1";
                          name = str:"Bip01 L Finger1";
                          translation = xpoint3:"15.109161376953125,0.3417357504367828369140625,0";
                          rotation = {
                            0 = xpoint3:"0.9736855030059814453125,-0.17733512818813323974609375,-0.14300562441349029541015625";
                            1 = xpoint3:"0.20280416309833526611328125,0.960701525211334228515625,0.1893832683563232421875";
                            2 = xpoint3:"0.103772945702075958251953125,-0.21341931819915771484375,0.97141230106353759765625";
                          }
                          #0 = {
                            scale = fixp:"1";
                            name = str:"Bip01 L Finger11";
                            translation = xpoint3:"6.272981166839599609375,0,0";
                            rotation = {
                              0 = xpoint3:"0.8979141712188720703125,-0.4400022923946380615234375,0";
                              1 = xpoint3:"0.4400022923946380615234375,0.8979141712188720703125,0";
                              2 = xpoint3:"0,0,1";
                            }
                            #0 = {
                              scale = fixp:"1";
                              name = str:"Bip01 L Finger1Nub";
                              translation = xpoint3:"8.10639667510986328125,0,0";
                              rotation = {
                                0 = xpoint3:"1,0,0";
                                1 = xpoint3:"0,1,0";
                                2 = xpoint3:"0,0,1";
                              }
                            }
                          }
                        }
                        #2 = {
                          scale = fixp:"1";
                          name = str:"pt_hand";
                          translation = xpoint3:"10.21190738677978515625,5.478977203369140625,0";
                          rotation = {
                            0 = xpoint3:"1,0,0";
                            1 = xpoint3:"0,1,0";
                            2 = xpoint3:"0,0,1";
                          }
                        }
                      }
                    }
                  }
                }
                #2 = {
                  scale = fixp:"1";
                  name = str:"Bip01 R Clavicle";
                  translation = xpoint3:"-0.601293146610260009765625,-3.189065456390380859375,-7.366548061370849609375";
                  rotation = {
                    0 = xpoint3:"0.08609814941883087158203125,-0.17268164455890655517578125,-0.9805314540863037109375";
                    1 = xpoint3:"-0.15043614804744720458984375,-0.974342405796051025390625,0.15862135589122772216796875";
                    2 = xpoint3:"-0.9841899871826171875,0.13406272232532501220703125,-0.10857532918453216552734375";
                  }
                  #0 = {
                    scale = fixp:"1";
                    name = str:"Bip01 R UpperArm";
                    translation = xpoint3:"15.7991580963134765625,0,0";
                    rotation = {
                      0 = xpoint3:"0.860939681529998779296875,0.1254418194293975830078125,-0.49279344081878662109375";
                      1 = xpoint3:"-0.4355140626430511474609375,0.68237459659576416015625,-0.586712419986724853515625";
                      2 = xpoint3:"0.262504398822784423828125,0.719839036464691162109375,0.642186820507049560546875";
                    }
                    #0 = {
                      scale = fixp:"1";
                      name = str:"Bip01 R Forearm";
                      translation = xpoint3:"34.845195770263671875,0,0";
                      rotation = {
                        0 = xpoint3:"-0.42428314685821533203125,0.904387652873992919921875,0";
                        1 = xpoint3:"-0.904387652873992919921875,-0.42428314685821533203125,0";
                        2 = xpoint3:"0,0,1";
                      }
                      #0 = {
                        scale = fixp:"1";
                        name = str:"Bip01 R Hand";
                        translation = xpoint3:"35.8023529052734375,0,0";
                        rotation = {
                          0 = xpoint3:"0.9655666351318359375,0.018756978213787078857421875,-0.2593823969364166259765625";
                          1 = xpoint3:"-0.2154318392276763916015625,-0.4999085366725921630859375,-0.837558269500732421875";
                          2 = xpoint3:"-0.145671427249908447265625,0.86461722850799560546875,-0.47861373424530029296875";
                        }
                        #0 = {
                          scale = fixp:"1";
                          name = str:"Bip01 R Finger0";
                          translation = xpoint3:"4.634994983673095703125,0.3465036451816558837890625,3.931438446044921875";
                          rotation = {
                            0 = xpoint3:"0.597830832004547119140625,0.322564899921417236328125,-0.733462035655975341796875";
                            1 = xpoint3:"0.269515931606292724609375,0.78129446506500244140625,0.562692344188690185546875";
                            2 = xpoint3:"0.754569947719573974609375,-0.534053742885589599609375,0.3801462650299072265625";
                          }
                          #0 = {
                            scale = fixp:"1";
                            name = str:"Bip01 R Finger01";
                            translation = xpoint3:"5.862060546875,0,0";
                            rotation = {
                              0 = xpoint3:"0.6109335422515869140625,-0.79132521152496337890625,0";
                              1 = xpoint3:"0.79132521152496337890625,0.6109335422515869140625,0";
                              2 = xpoint3:"0,0,1";
                            }
                            #0 = {
                              scale = fixp:"1";
                              name = str:"Bip01 R Finger0Nub";
                              translation = xpoint3:"7.987665653228759765625,0,0";
                              rotation = {
                                0 = xpoint3:"-0.9985487461090087890625,0,0";
                                1 = xpoint3:"0,-0.9985487461090087890625,0";
                                2 = xpoint3:"0,0,1";
                              }
                            }
                          }
                        }
                        #1 = {
                          scale = fixp:"1";
                          name = str:"Bip01 R Finger1";
                          translation = xpoint3:"15.10916900634765625,0.3417403697967529296875,0";
                          rotation = {
                            0 = xpoint3:"0.025737769901752471923828125,-0.980942666530609130859375,-0.1888787448406219482421875";
                            1 = xpoint3:"0.984219968318939208984375,0.05726264417171478271484375,-0.16329060494899749755859375";
                            2 = xpoint3:"0.17098140716552734375,-0.18194602429866790771484375,0.96830523014068603515625";
                          }
                          #0 = {
                            scale = fixp:"1";
                            name = str:"Bip01 R Finger11";
                            translation = xpoint3:"6.272977352142333984375,0,0";
                            rotation = {
                              0 = xpoint3:"0.49728071689605712890625,-0.8671691417694091796875,0";
                              1 = xpoint3:"0.8671691417694091796875,0.49728071689605712890625,0";
                              2 = xpoint3:"0,0,1";
                            }
                            #0 = {
                              scale = fixp:"1";
                              name = str:"Bip01 R Finger1Nub";
                              translation = xpoint3:"8.1064014434814453125,0,0";
                              rotation = {
                                0 = xpoint3:"-0.9985487461090087890625,0,0";
                                1 = xpoint3:"0,-0.9985487461090087890625,0";
                                2 = xpoint3:"0,0,1";
                              }
                            }
                          }
                        }
                        #2 = {
                          scale = fixp:"1";
                          name = str:"Bone_Rifle";
                          translation = xpoint3:"3.7635848522186279296875,8.22202968597412109375,5.707886219024658203125";
                          rotation = {
                            0 = xpoint3:"-0.1866483986377716064453125,-0.78286683559417724609375,-0.593533217906951904296875";
                            1 = xpoint3:"0.1983746588230133056640625,0.561672508716583251953125,-0.80322563648223876953125";
                            2 = xpoint3:"0.962190091609954833984375,-0.2676627635955810546875,0.050465695559978485107421875";
                          }
                          #0 = {
                            scale = fixp:"1";
                            name = str:"pt_shoot_1";
                            translation = xpoint3:"88.4607696533203125,7.270306110382080078125,0";
                            rotation = {
                              0 = xpoint3:"0,-0.999976336956024169921875,0.00688053108751773834228515625";
                              1 = xpoint3:"0,0.0068805408664047718048095703125,0.999976336956024169921875";
                              2 = xpoint3:"-1,0,0";
                            }
                          }
                          #1 = {
                            scale = fixp:"1";
                            name = str:"pt_aim";
                            translation = xpoint3:"-32.923023223876953125,8.105533599853515625,0";
                            rotation = {
                              0 = xpoint3:"0,-0.999976336956024169921875,0.00688053108751773834228515625";
                              1 = xpoint3:"0,0.0068805408664047718048095703125,0.999976336956024169921875";
                              2 = xpoint3:"-1,0,0";
                            }
                          }
                        }
                        #3 = {
                          scale = fixp:"1";
                          name = str:"pt_hand@#0";
                          translation = xpoint3:"10.03324031829833984375,5.66724300384521484375,0";
                          rotation = {
                            0 = xpoint3:"1,0,0";
                            1 = xpoint3:"0,1,0";
                            2 = xpoint3:"0,0,1";
                          }
                        }
                      }
                    }
                  }
                }
              }
            }
            #1 = {
              scale = fixp:"1";
              name = str:"Bip01 L Thigh";
              translation = xpoint3:"-13.320545196533203125,1.468072414398193359375,12.19410991668701171875";
              rotation = {
                0 = xpoint3:"-0.98363602161407470703125,0.15104520320892333984375,-0.082261092960834503173828125";
                1 = xpoint3:"0.1410934031009674072265625,0.9832074642181396484375,0.115634612739086151123046875";
                2 = xpoint3:"0.098357446491718292236328125,0.102294005453586578369140625,-0.98842108249664306640625";
              }
              #0 = {
                scale = fixp:"1";
                name = str:"Bip01 L Calf";
                translation = xpoint3:"53.212070465087890625,0,0";
                rotation = {
                  0 = xpoint3:"0.958015143871307373046875,0.28661143779754638671875,0";
                  1 = xpoint3:"-0.28661143779754638671875,0.958015143871307373046875,0";
                  2 = xpoint3:"0,0,1";
                }
                #0 = {
                  scale = fixp:"1";
                  name = str:"Bip01 L Foot";
                  translation = xpoint3:"46.351291656494140625,0,0";
                  rotation = {
                    0 = xpoint3:"0.971297442913055419921875,-0.18488042056560516357421875,-0.1495286524295806884765625";
                    1 = xpoint3:"0.20996506512165069580078125,0.962019503116607666015625,0.17429281771183013916015625";
                    2 = xpoint3:"0.1115986406803131103515625,-0.20070512592792510986328125,0.97325456142425537109375";
                  }
                  #0 = {
                    scale = fixp:"1";
                    name = str:"Bip01 L Toe0";
                    translation = xpoint3:"13.546291351318359375,18.472461700439453125,0";
                    rotation = {
                      0 = xpoint3:"-0.01503920368850231170654296875,-0.99909770488739013671875,-0.010220297612249851226806640625";
                      1 = xpoint3:"0.9984524250030517578125,-0.01540926657617092132568359375,0.037171371281147003173828125";
                      2 = xpoint3:"-0.0373298265039920806884765625,-0.00962546281516551971435546875,0.999256074428558349609375";
                    }
                    #0 = {
                      scale = fixp:"1";
                      name = str:"Bip01 L Toe0Nub";
                      translation = xpoint3:"10.86464023590087890625,0,0";
                      rotation = {
                        0 = xpoint3:"-0.9985487461090087890625,0,0";
                        1 = xpoint3:"0,-0.9985487461090087890625,0";
                        2 = xpoint3:"0,0,1";
                      }
                    }
                  }
                  #1 = {
                    scale = fixp:"1";
                    name = str:"pt_foot";
                    translation = xpoint3:"9.03513431549072265625,-0.72712337970733642578125,0.628740131855010986328125";
                    rotation = {
                      0 = xpoint3:"0.0449798442423343658447265625,0.01544955931603908538818359375,-0.998868405818939208984375";
                      1 = xpoint3:"-0.02713599614799022674560546875,-0.999492585659027099609375,-0.0166811682283878326416015625";
                      2 = xpoint3:"-0.998619258403778076171875,0.0278556048870086669921875,-0.0445377789437770843505859375";
                    }
                  }
                }
              }
            }
            #2 = {
              scale = fixp:"1";
              name = str:"Bip01 R Thigh";
              translation = xpoint3:"-11.13520717620849609375,0.854194164276123046875,-13.35968685150146484375";
              rotation = {
                0 = xpoint3:"-0.996450603008270263671875,0.059855975210666656494140625,0.0246268808841705322265625";
                1 = xpoint3:"0.0554424822330474853515625,0.986841380596160888671875,-0.15182603895664215087890625";
                2 = xpoint3:"-0.03339688479900360107421875,-0.15014086663722991943359375,-0.98664057254791259765625";
              }
              #0 = {
                scale = fixp:"1";
                name = str:"Bip01 R Calf";
                translation = xpoint3:"53.212070465087890625,0,0";
                rotation = {
                  0 = xpoint3:"0.99421703815460205078125,0.107350073754787445068359375,0";
                  1 = xpoint3:"-0.107350073754787445068359375,0.99421703815460205078125,0";
                  2 = xpoint3:"0,0,1";
                }
                #0 = {
                  scale = fixp:"1";
                  name = str:"Bip01 R Foot";
                  translation = xpoint3:"46.351287841796875,0,0";
                  rotation = {
                    0 = xpoint3:"0.990392863750457763671875,-0.13789074122905731201171875,-0.009705358184874057769775390625";
                    1 = xpoint3:"0.13335506618022918701171875,0.971592843532562255859375,-0.19540344178676605224609375";
                    2 = xpoint3:"0.0363933481276035308837890625,0.19222961366176605224609375,0.980660617351531982421875";
                  }
                  #0 = {
                    scale = fixp:"1";
                    name = str:"Bip01 R Toe0";
                    translation = xpoint3:"13.546291351318359375,18.4724559783935546875,0";
                    rotation = {
                      0 = xpoint3:"-0.015039202757179737091064453125,-0.99909770488739013671875,0.010220293886959552764892578125";
                      1 = xpoint3:"0.9984524250030517578125,-0.015409265644848346710205078125,-0.037171341478824615478515625";
                      2 = xpoint3:"0.0373297967016696929931640625,0.009625460021197795867919921875,0.999256074428558349609375";
                    }
                    #0 = {
                      scale = fixp:"1";
                      name = str:"Bip01 R Toe0Nub";
                      translation = xpoint3:"10.86464214324951171875,0,0";
                      rotation = {
                        0 = xpoint3:"1,0,0";
                        1 = xpoint3:"0,1,0";
                        2 = xpoint3:"0,0,1";
                      }
                    }
                  }
                  #1 = {
                    scale = fixp:"1";
                    name = str:"pt_foot@#1";
                    translation = xpoint3:"8.72080898284912109375,-0.921938240528106689453125,-0.556255757808685302734375";
                    rotation = {
                      0 = xpoint3:"-0.024610690772533416748046875,0.02343411184847354888916015625,-0.99942243099212646484375";
                      1 = xpoint3:"0.00232560909353196620941162109375,-0.99972116947174072265625,-0.02349838428199291229248046875";
                      2 = xpoint3:"-0.999694406986236572265625,-0.002902577631175518035888671875,0.0245493315160274505615234375";
                    }
                  }
                }
              }
            }
          }
        }
        #2 = {
          scale = fixp:"1";
          name = str:"Bone_palto_01";
          translation = xpoint3:"-0.741492748260498046875,-23.2690143585205078125,-2.916915416717529296875";
          rotation = {
            0 = xpoint3:"0.079719103872776031494140625,0.20552910864353179931640625,0.975398600101470947265625";
            1 = xpoint3:"-0.18347160518169403076171875,0.96482086181640625,-0.1883051395416259765625";
            2 = xpoint3:"-0.979787170886993408203125,-0.163946449756622314453125,0.11462341248989105224609375";
          }
          #0 = {
            scale = fixp:"1";
            name = str:"Bone_palto_02";
            translation = xpoint3:"22.0698146820068359375,0,0";
            rotation = {
              0 = xpoint3:"0.9992616176605224609375,0.0384217090904712677001953125,0";
              1 = xpoint3:"-0.0384217090904712677001953125,0.9992616176605224609375,0";
              2 = xpoint3:"0,0,1";
            }
          }
        }
        #3 = {
          scale = fixp:"1";
          name = str:"Bone_palto_07";
          translation = xpoint3:"-16.3244171142578125,-5.4511165618896484375,-0.669662296772003173828125";
          rotation = {
            0 = xpoint3:"-0.1670358180999755859375,0.79937112331390380859375,0.577152311801910400390625";
            1 = xpoint3:"-0.08944475650787353515625,0.570676863193511962890625,-0.816288888454437255859375";
            2 = xpoint3:"-0.981885254383087158203125,-0.187972724437713623046875,-0.02382393181324005126953125";
          }
          #0 = {
            scale = fixp:"1";
            name = str:"Bone_palto_08";
            translation = xpoint3:"22.06980133056640625,0,0";
            rotation = {
              0 = xpoint3:"0.9992616176605224609375,0.0384217090904712677001953125,0";
              1 = xpoint3:"-0.0384217090904712677001953125,0.9992616176605224609375,0";
              2 = xpoint3:"0,0,1";
            }
          }
        }
        #4 = {
          scale = fixp:"1";
          name = str:"Bone_palto_05";
          translation = xpoint3:"-16.1183605194091796875,6.07992076873779296875,-0.3143446147441864013671875";
          rotation = {
            0 = xpoint3:"0.1956039965152740478515625,-0.86607015132904052734375,-0.46006715297698974609375";
            1 = xpoint3:"-0.0291366279125213623046875,0.4637898504734039306640625,-0.885466098785400390625";
            2 = xpoint3:"0.9802501201629638671875,0.1866056025028228759765625,0.0654847621917724609375";
          }
          #0 = {
            scale = fixp:"1";
            name = str:"Bone_palto_06";
            translation = xpoint3:"-22.0698089599609375,0,0";
            rotation = {
              0 = xpoint3:"0.9992616176605224609375,0.0384217090904712677001953125,0";
              1 = xpoint3:"-0.0384217090904712677001953125,0.9992616176605224609375,0";
              2 = xpoint3:"0,0,1";
            }
          }
        }
        #5 = {
          scale = fixp:"1";
          name = str:"Bone_palto_03";
          translation = xpoint3:"0.51448929309844970703125,22.4360523223876953125,-2.573198795318603515625";
          rotation = {
            0 = xpoint3:"0.0188914723694324493408203125,-0.31713020801544189453125,-0.9481937885284423828125";
            1 = xpoint3:"-0.16392958164215087890625,0.93454658985137939453125,-0.315831840038299560546875";
            2 = xpoint3:"0.98629105091094970703125,0.16140352189540863037109375,-0.034332059323787689208984375";
          }
          #0 = {
            scale = fixp:"1";
            name = str:"Bone_palto_04";
            translation = xpoint3:"-22.0697994232177734375,0,0";
            rotation = {
              0 = xpoint3:"0.9992616176605224609375,0.0384217090904712677001953125,0";
              1 = xpoint3:"-0.0384217090904712677001953125,0.9992616176605224609375,0";
              2 = xpoint3:"0,0,1";
            }
          }
        }
        #6 = {
          scale = fixp:"1";
          name = str:"pt_center";
          translation = xpoint3:"-0.02428814582526683807373046875,-0.307437419891357421875,14.23432826995849609375";
          rotation = {
            0 = xpoint3:"0,-0.999412715435028076171875,0.034266926348209381103515625";
            1 = xpoint3:"1,0,0";
            2 = xpoint3:"0,0.034266926348209381103515625,0.999412715435028076171875";
          }
        }
        #7 = {
          scale = fixp:"1";
          name = str:"pt_cast";
          translation = xpoint3:"69.90627288818359375,-0.307526051998138427734375,11.8366107940673828125";
          rotation = {
            0 = xpoint3:"0,-0.999412715435028076171875,0.034266926348209381103515625";
            1 = xpoint3:"1,0,0";
            2 = xpoint3:"0,0.034266926348209381103515625,0.999412715435028076171875";
          }
        }
      }
      #1 = {
        scale = fixp:"1";
        name = str:"pt_ground";
        translation = xpoint3:"1.672408580780029296875,-13.08620166778564453125,5.04457855224609375";
        rotation = {
          0 = xpoint3:"0.999931871891021728515625,-0.0052417875267565250396728515625,-0.010431715287268161773681640625";
          1 = xpoint3:"0.00497155450284481048583984375,0.999655663967132568359375,-0.02576438151299953460693359375";
          2 = xpoint3:"0.010563175193965435028076171875,0.02571076340973377227783203125,0.99961364269256591796875";
        }
      }
    }
  }
  #2 = {
    scale = fixp:"1";
    name = str:"Rifle";
    translation = xpoint3:"-34.971469879150390625,-40.757099151611328125,115.064453125";
    rotation = {
      0 = xpoint3:"-0.64744222164154052734375,0.2821142375469207763671875,0.7079761028289794921875";
      1 = xpoint3:"0.3505267202854156494140625,-0.71464097499847412109375,0.60532581806182861328125";
      2 = xpoint3:"0.676719725131988525390625,0.640078008174896240234375,0.3638001382350921630859375";
    }
  }
  #3 = {
    scale = fixp:"1";
    name = str:"Nomad_All_760";
    translation = xpoint3:"0,0,0";
    rotation = {
      0 = xpoint3:"1,0,0";
      1 = xpoint3:"0,1,0";
      2 = xpoint3:"0,0,1";
    }
  }
  #4 = {
    scale = fixp:"1";
    name = str:"Rifle_760";
    translation = xpoint3:"0,0,0";
    rotation = {
      0 = xpoint3:"1,0,0";
      1 = xpoint3:"0,1,0";
      2 = xpoint3:"0,0,1";
    }
  }
  #5 = {
    scale = fixp:"1";
    name = str:"Nomad_All_492";
    translation = xpoint3:"0,0,0";
    rotation = {
      0 = xpoint3:"1,0,0";
      1 = xpoint3:"0,1,0";
      2 = xpoint3:"0,0,1";
    }
  }
  #6 = {
    scale = fixp:"1";
    name = str:"Rifle_492";
    translation = xpoint3:"0,0,0";
    rotation = {
      0 = xpoint3:"1,0,0";
      1 = xpoint3:"0,1,0";
      2 = xpoint3:"0,0,1";
    }
  }
}