model = {
  file = str:"data\models\units\hatchling\hatchling.nif";
  animation = {
    loop = fixp:"0";
    duration = fixp:"7.16666698455810546875";
  }
  #1 = {
    scale = fixp:"1";
    name = str:"ROOT";
    translation = xpoint3:"0.042433917522430419921875,-1.10864543914794921875,3.83167266845703125";
    rotation = {
      0 = xpoint3:"1,0,0";
      1 = xpoint3:"0,-1,0";
      2 = xpoint3:"0,0,-1";
    }
    #2 = {
      scale = fixp:"1";
      name = str:"ROOT NonAccum";
      translation = xpoint3:"0,0,0";
      rotation = {
        0 = xpoint3:"1,0,0";
        1 = xpoint3:"0,1,0";
        2 = xpoint3:"0,0,1";
      }
      #0 = {
        scale = fixp:"1";
        name = str:"center_root";
        translation = xpoint3:"-0.013421281240880489349365234375,0.010034772567451000213623046875,-38.731777191162109375";
        rotation = {
          0 = xpoint3:"1,0,0";
          1 = xpoint3:"0,1,0";
          2 = xpoint3:"0,0,1";
        }
        #0 = {
          scale = fixp:"1";
          name = str:"Bone25";
          translation = xpoint3:"-14.60871124267578125,4.6875476837158203125,-11.128116607666015625";
          rotation = {
            0 = xpoint3:"-0.3247138559818267822265625,0.915494263172149658203125,0.2334713637828826904296875";
            1 = xpoint3:"-0.863316237926483154296875,-0.3877434432506561279296875,0.3198850154876708984375";
            2 = xpoint3:"0.3838277757167816162109375,-0.09752719104290008544921875,0.91817533969879150390625";
          }
        }
        #1 = {
          scale = fixp:"1";
          name = str:"Bone27";
          translation = xpoint3:"-17.0844879150390625,-2.73978328704833984375,-15.7889652252197265625";
          rotation = {
            0 = xpoint3:"-0.09871852397918701171875,0.993903934955596923828125,0.0285509489476680755615234375";
            1 = xpoint3:"-0.992059051990509033203125,-0.100383393466472625732421875,0.064382620155811309814453125";
            2 = xpoint3:"0.066925466060638427734375,-0.021937668323516845703125,0.9975149631500244140625";
          }
        }
        #2 = {
          scale = fixp:"1";
          name = str:"Bone29";
          translation = xpoint3:"14.275348663330078125,4.41246128082275390625,-11.156402587890625";
          rotation = {
            0 = xpoint3:"0.3405396938323974609375,0.9090931415557861328125,-0.23796086013317108154296875";
            1 = xpoint3:"-0.86075842380523681640625,0.4033717811107635498046875,0.309063613414764404296875";
            2 = xpoint3:"0.377055227756500244140625,0.099875114858150482177734375,0.92072761058807373046875";
          }
        }
        #3 = {
          scale = fixp:"1";
          name = str:"Bone31";
          translation = xpoint3:"17.3012981414794921875,-2.4646961688995361328125,-15.9229030609130859375";
          rotation = {
            0 = xpoint3:"0.089621104300022125244140625,0.994804918766021728515625,-0.03178329765796661376953125";
            1 = xpoint3:"-0.992514789104461669921875,0.091716907918453216552734375,0.07200326025485992431640625";
            2 = xpoint3:"0.074575312435626983642578125,0.02516287378966808319091796875,0.996895611286163330078125";
          }
        }
        #4 = {
          scale = fixp:"1";
          name = str:"Bone09";
          translation = xpoint3:"5.201334476470947265625,11.79426288604736328125,2.646173954010009765625";
          rotation = {
            0 = xpoint3:"0.4589637815952301025390625,-0.8721916675567626953125,-0.1668796837329864501953125";
            1 = xpoint3:"0.76712787151336669921875,0.484122812747955322265625,-0.419989526271820068359375";
            2 = xpoint3:"0.4473051130771636962890625,0.06448398530483245849609375,0.891965925693511962890625";
          }
          #0 = {
            scale = fixp:"1";
            name = str:"Bone10";
            translation = xpoint3:"23.341777801513671875,0,0";
            rotation = {
              0 = xpoint3:"0.76988232135772705078125,0.18412961065769195556640625,0.6107728481292724609375";
              1 = xpoint3:"0.19205208122730255126953125,0.846244335174560546875,-0.49675285816192626953125";
              2 = xpoint3:"-0.60832822322845458984375,0.499743640422821044921875,0.616146087646484375";
            }
            #0 = {
              scale = fixp:"1";
              name = str:"Bone11";
              translation = xpoint3:"13.75750255584716796875,0,0";
              rotation = {
                0 = xpoint3:"0.305862486362457275390625,-0.712940394878387451171875,-0.63020384311676025390625";
                1 = xpoint3:"0.506542026996612548828125,0.682676613330841064453125,-0.526219904422760009765625";
                2 = xpoint3:"0.8055160045623779296875,-0.15877081453800201416015625,0.570361614227294921875";
              }
              #0 = {
                scale = fixp:"1";
                name = str:"pt_foot";
                translation = xpoint3:"28.314239501953125,-1.875358104705810546875,-1.6021740436553955078125";
                rotation = {
                  0 = xpoint3:"-0.844900429248809814453125,-0.1994859278202056884765625,0.4963352680206298828125";
                  1 = xpoint3:"-0.4040949642658233642578125,0.845989406108856201171875,-0.3478637039661407470703125";
                  2 = xpoint3:"-0.35050046443939208984375,-0.494476735591888427734375,-0.795388042926788330078125";
                }
              }
              #1 = {
                scale = fixp:"1";
                name = str:"pt_footprint02";
                translation = xpoint3:"32.17803192138671875,0,0";
                rotation = {
                  0 = xpoint3:"0.20063985884189605712890625,-0.4992786943912506103515625,-0.842890560626983642578125";
                  1 = xpoint3:"-0.841674327850341796875,0.352436065673828125,-0.4091126620769500732421875";
                  2 = xpoint3:"0.501326262950897216796875,0.79152357578277587890625,-0.349517345428466796875";
                }
              }
            }
          }
        }
        #5 = {
          scale = fixp:"1";
          name = str:"Bone13";
          translation = xpoint3:"-5.433416843414306640625,11.7942638397216796875,2.463427066802978515625";
          rotation = {
            0 = xpoint3:"-0.477018833160400390625,-0.862309277057647705078125,0.1635006964206695556640625";
            1 = xpoint3:"0.741999804973602294921875,-0.4955235421657562255859375,-0.449135303497314453125";
            2 = xpoint3:"0.4687707126140594482421875,-0.093322098255157470703125,0.878275811672210693359375";
          }
          #0 = {
            scale = fixp:"1";
            name = str:"Bone14";
            translation = xpoint3:"23.340373992919921875,0,0";
            rotation = {
              0 = xpoint3:"0.760982453823089599609375,-0.18800310790538787841796875,0.62065589427947998046875";
              1 = xpoint3:"-0.12339289486408233642578125,0.897679746150970458984375,0.4228437244892120361328125";
              2 = xpoint3:"-0.63665771484375,-0.3983434140682220458984375,0.659921169281005859375";
            }
            #0 = {
              scale = fixp:"1";
              name = str:"Bone15";
              translation = xpoint3:"13.52481365203857421875,0,0";
              rotation = {
                0 = xpoint3:"0.3458591997623443603515625,0.67963087558746337890625,-0.64616882801055908203125";
                1 = xpoint3:"-0.4908778965473175048828125,0.718330204486846923828125,0.4925768077373504638671875";
                2 = xpoint3:"0.7990438938140869140625,0.1472919881343841552734375,0.58243286609649658203125";
              }
              #0 = {
                scale = fixp:"1";
                name = str:"pt_foot@#0";
                translation = xpoint3:"28.9021816253662109375,1.6321380138397216796875,-2.0817353725433349609375";
                rotation = {
                  0 = xpoint3:"-0.192550837993621826171875,-0.547995865345001220703125,-0.81401765346527099609375";
                  1 = xpoint3:"-0.908958256244659423828125,-0.21297304332256317138671875,0.358381688594818115234375";
                  2 = xpoint3:"-0.3697555065155029296875,0.808914721012115478515625,-0.45709717273712158203125";
                }
              }
              #1 = {
                scale = fixp:"1";
                name = str:"pt_footprint03";
                translation = xpoint3:"32.60941314697265625,0,0";
                rotation = {
                  0 = xpoint3:"-0.19255132973194122314453125,-0.547996222972869873046875,-0.81401729583740234375";
                  1 = xpoint3:"-0.908958137035369873046875,-0.2129726707935333251953125,0.35838222503662109375";
                  2 = xpoint3:"-0.3697555363178253173828125,0.80891454219818115234375,-0.457097470760345458984375";
                }
              }
            }
          }
        }
        #6 = {
          scale = fixp:"1";
          name = str:"Bone21";
          translation = xpoint3:"8.5851192474365234375,-11.75532054901123046875,-4.508264064788818359375";
          rotation = {
            0 = xpoint3:"0.3396805822849273681640625,0.90690267086029052734375,-0.24735884368419647216796875";
            1 = xpoint3:"-0.68849599361419677734375,0.41926276683807373046875,0.59105777740478515625";
            2 = xpoint3:"0.64002513885498046875,-0.03005826473236083984375,0.76754605770111083984375";
          }
          #0 = {
            scale = fixp:"1";
            name = str:"Bone22";
            translation = xpoint3:"29.600399017333984375,0,0";
            rotation = {
              0 = xpoint3:"-0.009699605405330657958984375,-0.252693474292755126953125,0.966740131378173828125";
              1 = xpoint3:"0.13206167519092559814453125,0.958689033985137939453125,0.251823484897613525390625";
              2 = xpoint3:"-0.99045455455780029296875,0.13038928806781768798828125,0.024126745760440826416015625";
            }
            #0 = {
              scale = fixp:"1";
              name = str:"Bone23";
              translation = xpoint3:"17.4595165252685546875,0,0";
              rotation = {
                0 = xpoint3:"-0.3412245810031890869140625,-0.0036329440772533416748046875,-0.9389388561248779296875";
                1 = xpoint3:"-0.09902216494083404541015625,0.994559586048126220703125,0.032217331230640411376953125";
                2 = xpoint3:"0.93370974063873291015625,0.104067988693714141845703125,-0.3397229015827178955078125";
              }
              #0 = {
                scale = fixp:"1";
                name = str:"pt_foot@#1";
                translation = xpoint3:"36.96956634521484375,1.4024679660797119140625,-1.22480487823486328125";
                rotation = {
                  0 = xpoint3:"-0.4143138825893402099609375,0.0467906706035137176513671875,-0.908930480480194091796875";
                  1 = xpoint3:"-0.612406432628631591796875,0.7244455814361572265625,0.316444218158721923828125";
                  2 = xpoint3:"0.673277318477630615234375,0.68774211406707763671875,-0.271492898464202880859375";
                }
              }
              #1 = {
                scale = fixp:"1";
                name = str:"pt_footprint01";
                translation = xpoint3:"41.084323883056640625,0,0";
                rotation = {
                  0 = xpoint3:"0.4100314676761627197265625,-0.042738340795040130615234375,-0.91106951236724853515625";
                  1 = xpoint3:"0.614327132701873779296875,-0.72538697719573974609375,0.310509026050567626953125";
                  2 = xpoint3:"-0.6741485595703125,-0.687013208866119384765625,-0.2711761891841888427734375";
                }
              }
            }
          }
        }
        #7 = {
          scale = fixp:"1";
          name = str:"Bone17";
          translation = xpoint3:"-7.367007732391357421875,-11.65053081512451171875,-4.470895290374755859375";
          rotation = {
            0 = xpoint3:"-0.3829564750194549560546875,0.895121037960052490234375,0.2238205969333648681640625";
            1 = xpoint3:"-0.675723135471343994140625,-0.436928808689117431640625,0.5919511318206787109375";
            2 = xpoint3:"0.6282799243927001953125,0.075935423374176025390625,0.774060904979705810546875";
          }
          #0 = {
            scale = fixp:"1";
            name = str:"Bone18";
            translation = xpoint3:"29.6299610137939453125,0,0";
            rotation = {
              0 = xpoint3:"-0.013716022484004497528076171875,-0.18681085109710693359375,0.98155105113983154296875";
              1 = xpoint3:"-0.09729468822479248046875,0.977976977825164794921875,0.18456102907657623291015625";
              2 = xpoint3:"-0.9944217205047607421875,-0.09290175139904022216796875,-0.03158664703369140625";
            }
            #0 = {
              scale = fixp:"1";
              name = str:"Bone19";
              translation = xpoint3:"17.5494365692138671875,0,0";
              rotation = {
                0 = xpoint3:"-0.4028561115264892578125,-0.2713879644870758056640625,-0.87293732166290283203125";
                1 = xpoint3:"-0.2767179906368255615234375,0.94644916057586669921875,-0.16608254611492156982421875";
                2 = xpoint3:"0.87126243114471435546875,0.17465631663799285888671875,-0.45638072490692138671875";
              }
              #0 = {
                scale = fixp:"1";
                name = str:"pt_foot@#2";
                translation = xpoint3:"36.8477935791015625,-1.16104209423065185546875,-1.33563053607940673828125";
                rotation = {
                  0 = xpoint3:"-0.3904295265674591064453125,-0.01167615689337253570556640625,-0.920558750629425048828125";
                  1 = xpoint3:"0.581114113330841064453125,0.77242267131805419921875,-0.2562607228755950927734375";
                  2 = xpoint3:"0.714052617549896240234375,-0.635001480579376220703125,-0.2947914898395538330078125";
                }
              }
              #1 = {
                scale = fixp:"1";
                name = str:"pt_footprint04";
                translation = xpoint3:"41.018604278564453125,0,0";
                rotation = {
                  0 = xpoint3:"-0.39042937755584716796875,-0.011676840484142303466796875,-0.920558869838714599609375";
                  1 = xpoint3:"0.581114292144775390625,0.77242243289947509765625,-0.25626122951507568359375";
                  2 = xpoint3:"0.714052617549896240234375,-0.63500177860260009765625,-0.294790804386138916015625";
                }
              }
            }
          }
        }
        #8 = {
          scale = fixp:"1";
          name = str:"Box02";
          translation = xpoint3:"0.013420565985143184661865234375,6.873749256134033203125,-7.8972568511962890625";
          rotation = {
            0 = xpoint3:"0,0,-0.99999988079071044921875";
            1 = xpoint3:"0.99999988079071044921875,0,0";
            2 = xpoint3:"0,-0.99999988079071044921875,0";
          }
          #0 = {
            scale = fixp:"1";
            name = str:"Box03";
            translation = xpoint3:"19.201328277587890625,0.2564434111118316650390625,0";
            rotation = {
              0 = xpoint3:"0.990588843822479248046875,0.136871397495269775390625,0";
              1 = xpoint3:"-0.136871397495269775390625,0.990588843822479248046875,0";
              2 = xpoint3:"0,0,1";
            }
            #0 = {
              scale = fixp:"1";
              name = str:"pt_head";
              translation = xpoint3:"2.2307684421539306640625,-1.0390377044677734375,0.0463599823415279388427734375";
              rotation = {
                0 = xpoint3:"0,-0.99591362476348876953125,0.090311191976070404052734375";
                1 = xpoint3:"0,0.09031121432781219482421875,0.995913565158843994140625";
                2 = xpoint3:"-1,0,0";
              }
            }
          }
        }
        #9 = {
          scale = fixp:"1";
          name = str:"Box01";
          translation = xpoint3:"0.0134211294353008270263671875,3.4981453418731689453125,-9.97262287139892578125";
          rotation = {
            0 = xpoint3:"0,0,-0.99999988079071044921875";
            1 = xpoint3:"0.99999988079071044921875,0,0";
            2 = xpoint3:"0,-0.99999988079071044921875,0";
          }
          #0 = {
            scale = fixp:"1";
            name = str:"Bone33";
            translation = xpoint3:"-14.420257568359375,12.2520923614501953125,0";
            rotation = {
              0 = xpoint3:"-0.92596530914306640625,0.37760865688323974609375,0";
              1 = xpoint3:"0.37760865688323974609375,0.92596530914306640625,0";
              2 = xpoint3:"0,0,-1";
            }
            #0 = {
              scale = fixp:"1";
              name = str:"Bone34";
              translation = xpoint3:"18.4802455902099609375,0,0";
              rotation = {
                0 = xpoint3:"0.991168439388275146484375,0.13260908424854278564453125,0";
                1 = xpoint3:"-0.13260908424854278564453125,0.991168439388275146484375,0";
                2 = xpoint3:"0,0,1";
              }
              #0 = {
                scale = fixp:"1";
                name = str:"Bone35";
                translation = xpoint3:"16.3797664642333984375,0,0";
                rotation = {
                  0 = xpoint3:"0.986822426319122314453125,0.1618070304393768310546875,0";
                  1 = xpoint3:"-0.1618070304393768310546875,0.986822426319122314453125,0";
                  2 = xpoint3:"0,0,1";
                }
              }
            }
          }
          #1 = {
            scale = fixp:"1";
            name = str:"pt_chest ";
            translation = xpoint3:"-5.50707530975341796875,13.73396968841552734375,0.015336991287767887115478515625";
            rotation = {
              0 = xpoint3:"0.22632230818271636962890625,0.00977106578648090362548828125,-0.97400343418121337890625";
              1 = xpoint3:"0.97405230998992919921875,-0.00284896208904683589935302734375,0.226305067539215087890625";
              2 = xpoint3:"0,-0.999948203563690185546875,-0.010162337683141231536865234375";
            }
          }
        }
        #10 = {
          scale = fixp:"1";
          name = str:"Bone01";
          translation = xpoint3:"15.04666042327880859375,5.137543201446533203125,-0.6498644351959228515625";
          rotation = {
            0 = xpoint3:"0.5910308361053466796875,-0.7500247955322265625,-0.295891702175140380859375";
            1 = xpoint3:"0.4772156774997711181640625,0.62131917476654052734375,-0.621029913425445556640625";
            2 = xpoint3:"0.649887859821319580078125,0.22555671632289886474609375,0.725514709949493408203125";
          }
          #0 = {
            scale = fixp:"1";
            name = str:"Bone07";
            translation = xpoint3:"26.2382183074951171875,0,0";
            rotation = {
              0 = xpoint3:"0.38450491428375244140625,-0.4728405475616455078125,0.792265474796295166015625";
              1 = xpoint3:"0.15009178221225738525390625,0.87936305999755859375,0.451683521270751953125";
              2 = xpoint3:"-0.910348951816558837890625,-0.05447380244731903076171875,0.40919435024261474609375";
            }
            #0 = {
              scale = fixp:"1";
              name = str:"Bone08";
              translation = xpoint3:"29.6441860198974609375,0,0";
              rotation = {
                0 = xpoint3:"0.639495849609375,-0.75262224674224853515625,0.155182778835296630859375";
                1 = xpoint3:"-0.0735475718975067138671875,-0.26001918315887451171875,-0.961848318576812744140625";
                2 = xpoint3:"0.76492655277252197265625,0.603424608707427978515625,-0.22134508192539215087890625";
              }
              #0 = {
                scale = fixp:"1";
                name = str:"pt_hand";
                translation = xpoint3:"63.939090728759765625,0,0";
                rotation = {
                  0 = xpoint3:"1,0,0";
                  1 = xpoint3:"0,1,0";
                  2 = xpoint3:"0,0,1";
                }
              }
            }
          }
        }
        #11 = {
          scale = fixp:"1";
          name = str:"Bone03";
          translation = xpoint3:"-15.1929416656494140625,5.080779552459716796875,-0.4950830638408660888671875";
          rotation = {
            0 = xpoint3:"-0.510158360004425048828125,-0.7678585052490234375,0.3846302032470703125";
            1 = xpoint3:"0.41459643840789794921875,-0.611725866794586181640625,-0.671984016895294189453125";
            2 = xpoint3:"0.7521016597747802734375,-0.18397295475006103515625,0.63242685794830322265625";
          }
          #0 = {
            scale = fixp:"1";
            name = str:"Bone04";
            translation = xpoint3:"25.9376850128173828125,0,0";
            rotation = {
              0 = xpoint3:"0.161749362945556640625,0.506899297237396240234375,0.845974981784820556640625";
              1 = xpoint3:"-0.059532642364501953125,0.8613355159759521484375,-0.504336893558502197265625";
              2 = xpoint3:"-0.984416782855987548828125,0.03086948394775390625,0.1696038544178009033203125";
            }
            #0 = {
              scale = fixp:"1";
              name = str:"Bone05";
              translation = xpoint3:"29.7942409515380859375,0,0";
              rotation = {
                0 = xpoint3:"0.54882335662841796875,0.79043292999267578125,0.2708393037319183349609375";
                1 = xpoint3:"0.112999498844146728515625,-0.3903322517871856689453125,0.912608444690704345703125";
                2 = xpoint3:"0.82787024974822998046875,-0.469934880733489990234375,-0.3031513392925262451171875";
              }
              #0 = {
                scale = fixp:"1";
                name = str:"pt_hand@#3";
                translation = xpoint3:"64.0147705078125,0,0";
                rotation = {
                  0 = xpoint3:"1,0,0";
                  1 = xpoint3:"0,1,0";
                  2 = xpoint3:"0,0,1";
                }
              }
            }
          }
        }
        #12 = {
          scale = fixp:"1";
          name = str:"pt_center";
          translation = xpoint3:"-0.13461156189441680908203125,2.6298816204071044921875,-16.116107940673828125";
          rotation = {
            0 = xpoint3:"1,0,0";
            1 = xpoint3:"0,0.974180281162261962890625,-0.225771486759185791015625";
            2 = xpoint3:"0,0.225771486759185791015625,0.974180281162261962890625";
          }
        }
        #13 = {
          scale = fixp:"1";
          name = str:"pt_cast";
          translation = xpoint3:"-0.034567408263683319091796875,17.9359569549560546875,-12.629669189453125";
          rotation = {
            0 = xpoint3:"1,0,0";
            1 = xpoint3:"0,0.9741802215576171875,-0.22577190399169921875";
            2 = xpoint3:"0,0.22577190399169921875,0.9741802215576171875";
          }
        }
      }
      #1 = {
        scale = fixp:"1";
        name = str:"pt_ground";
        translation = xpoint3:"0,0,0";
        rotation = {
          0 = xpoint3:"1,0,0";
          1 = xpoint3:"0,-1,0";
          2 = xpoint3:"0,0,-1";
        }
      }
      #2 = {
        scale = fixp:"1";
        name = str:"pt_top";
        translation = xpoint3:"-0.76651859283447265625,0.37668895721435546875,-106.51262664794921875";
        rotation = {
          0 = xpoint3:"0,0,1";
          1 = xpoint3:"0,1,0";
          2 = xpoint3:"-1,0,0";
        }
      }
    }
  }
  #2 = {
    scale = fixp:"1";
    name = str:"pt_aim";
    translation = xpoint3:"0.09569235146045684814453125,-46.901012420654296875,51.70476531982421875";
    rotation = {
      0 = xpoint3:"1,0,0";
      1 = xpoint3:"0,1,0";
      2 = xpoint3:"0,0,1";
    }
  }
}