model = {
  file = str:"data\models\units\trisat\bugdie.nif";
  animation = {
    loop = fixp:"0";
    duration = fixp:"10";
  }
  #0 = {
    scale = fixp:"1";
    name = str:"ROOT";
    translation = xpoint3:"0,0,0";
    rotation = {
      0 = xpoint3:"1,0,0";
      1 = xpoint3:"0,-1,0";
      2 = xpoint3:"0,0,-1";
    }
    #0 = {
      scale = fixp:"1";
      name = str:"pt_ground";
      translation = xpoint3:"0,0,0";
      rotation = {
        0 = xpoint3:"1,0,0";
        1 = xpoint3:"0,-1,0";
        2 = xpoint3:"0,0,-1";
      }
    }
    #1 = {
      scale = fixp:"1";
      name = str:"pt_top";
      translation = xpoint3:"-0.901786625385284423828125,0.443163573741912841796875,-125.3089752197265625";
      rotation = {
        0 = xpoint3:"0,0,1";
        1 = xpoint3:"0,1,0";
        2 = xpoint3:"-1,0,0";
      }
    }
  }
  #2 = {
    scale = fixp:"1";
    name = str:"pt_aim";
    translation = xpoint3:"0.06265699863433837890625,-53.87337493896484375,56.321285247802734375";
    rotation = {
      0 = xpoint3:"1,0,0";
      1 = xpoint3:"0,1,0";
      2 = xpoint3:"0,0,1";
    }
  }
  #4 = {
    scale = fixp:"1";
    name = str:"pt_footprint01";
    translation = xpoint3:"51.015472412109375,36.1093597412109375,2.7634346485137939453125";
    rotation = {
      0 = xpoint3:"0.999347031116485595703125,0.014370492659509181976318359375,0.0331518165767192840576171875";
      1 = xpoint3:"-0.013894480653107166290283203125,0.99979770183563232421875,-0.014544536359608173370361328125";
      2 = xpoint3:"-0.0333541221916675567626953125,0.014074412174522876739501953125,0.99934446811676025390625";
    }
  }
  #5 = {
    scale = fixp:"1";
    name = str:"pt_foot";
    translation = xpoint3:"51.191799163818359375,36.032135009765625,8.0734424591064453125";
    rotation = {
      0 = xpoint3:"-0.999187469482421875,-0.013917180709540843963623046875,0.0378249250352382659912109375";
      1 = xpoint3:"0.013213573954999446868896484375,-0.99973618984222412109375,-0.018788434565067291259765625";
      2 = xpoint3:"0.0380764268338680267333984375,-0.0182733647525310516357421875,0.99910771846771240234375";
    }
  }
  #6 = {
    scale = fixp:"1";
    name = str:"pt_footprint04";
    translation = xpoint3:"-54.18312835693359375,32.98375701904296875,2.758392333984375";
    rotation = {
      0 = xpoint3:"0.99560058116912841796875,0.09354780614376068115234375,-0.0053222733549773693084716796875";
      1 = xpoint3:"-0.092981815338134765625,0.9933989048004150390625,0.06717900931835174560546875";
      2 = xpoint3:"0.0115715898573398590087890625,-0.06638859212398529052734375,0.997726738452911376953125";
    }
  }
  #7 = {
    scale = fixp:"1";
    name = str:"pt_foot";
    translation = xpoint3:"-54.2115020751953125,33.341838836669921875,8.0765552520751953125";
    rotation = {
      0 = xpoint3:"0.99560058116912841796875,0.093547642230987548828125,-0.0053221918642520904541015625";
      1 = xpoint3:"-0.092981643974781036376953125,0.993398845195770263671875,0.067180156707763671875";
      2 = xpoint3:"0.0115716047585010528564453125,-0.066389739513397216796875,0.9977266788482666015625";
    }
  }
  #8 = {
    scale = fixp:"1";
    name = str:"pt_footprint03";
    translation = xpoint3:"-31.3939666748046875,-68.250244140625,0.02126666717231273651123046875";
    rotation = {
      0 = xpoint3:"0.980867683887481689453125,0.162294209003448486328125,-0.10751368105411529541015625";
      1 = xpoint3:"-0.152998626232147216796875,0.9841425418853759765625,0.089748911559581756591796875";
      2 = xpoint3:"0.12037451565265655517578125,-0.071582354605197906494140625,0.990144431591033935546875";
    }
  }
  #9 = {
    scale = fixp:"1";
    name = str:"pt_foot";
    translation = xpoint3:"-31.970012664794921875,-67.769378662109375,5.326389312744140625";
    rotation = {
      0 = xpoint3:"0.980867803096771240234375,0.16229413449764251708984375,-0.107512660324573516845703125";
      1 = xpoint3:"-0.15299856662750244140625,0.9841425418853759765625,0.089749284088611602783203125";
      2 = xpoint3:"0.120373569428920745849609375,-0.071582905948162078857421875,0.9901444911956787109375";
    }
  }
  #10 = {
    scale = fixp:"1";
    name = str:"pt_hand";
    translation = xpoint3:"-51.83118438720703125,-76.92232513427734375,52.059722900390625";
    rotation = {
      0 = xpoint3:"-0.058361589908599853515625,-0.16668164730072021484375,-0.984282076358795166015625";
      1 = xpoint3:"-0.8564531803131103515625,-0.4982186853885650634765625,0.1351521909236907958984375";
      2 = xpoint3:"-0.512915074825286865234375,0.850879192352294921875,-0.113678179681301116943359375";
    }
  }
  #11 = {
    scale = fixp:"1";
    name = str:"pt_hand";
    translation = xpoint3:"54.13483428955078125,-77.150421142578125,52.35410308837890625";
    rotation = {
      0 = xpoint3:"0.075773589313030242919921875,-0.2841850221157073974609375,0.9557704925537109375";
      1 = xpoint3:"-0.86046993732452392578125,0.4656954705715179443359375,0.2066862285137176513671875";
      2 = xpoint3:"-0.50383508205413818359375,-0.83807313442230224609375,-0.20924524962902069091796875";
    }
  }
  #12 = {
    scale = fixp:"1";
    name = str:"pt_footprint02";
    translation = xpoint3:"29.7884654998779296875,-67.74272918701171875,0";
    rotation = {
      0 = xpoint3:"0.981361865997314453125,-0.162734508514404296875,0.1022074520587921142578125";
      1 = xpoint3:"0.15431742370128631591796875,0.984313428401947021484375,0.08551745116710662841796875";
      2 = xpoint3:"-0.11452080309391021728515625,-0.068151175975799560546875,0.99108040332794189453125";
    }
  }
  #13 = {
    scale = fixp:"1";
    name = str:"pt_foot";
    translation = xpoint3:"30.3396663665771484375,-67.2815399169921875,5.34470462799072265625";
    rotation = {
      0 = xpoint3:"0.096858084201812744140625,-0.98288953304290771484375,0.15667398273944854736328125";
      1 = xpoint3:"0.086688973009586334228515625,-0.148484885692596435546875,-0.985107719898223876953125";
      2 = xpoint3:"0.99151575565338134765625,0.108997531235218048095703125,0.070823729038238525390625";
    }
  }
  #14 = {
    scale = fixp:"1";
    name = str:"pt_head";
    translation = xpoint3:"-0.0545418262481689453125,-36.688282012939453125,68.584014892578125";
    rotation = {
      0 = xpoint3:"1,0,0";
      1 = xpoint3:"0,1,0";
      2 = xpoint3:"0,0,1";
    }
  }
  #15 = {
    scale = fixp:"1";
    name = str:"pt_chest ";
    translation = xpoint3:"-0.018043994903564453125,2.3538265228271484375,79.92992401123046875";
    rotation = {
      0 = xpoint3:"0,0.999948024749755859375,0.010172809474170207977294921875";
      1 = xpoint3:"0,-0.010173104703426361083984375,0.99994814395904541015625";
      2 = xpoint3:"0.99999964237213134765625,0,0";
    }
  }
  #16 = {
    scale = fixp:"1";
    name = str:"pt_cast";
    translation = xpoint3:"-0.05645717680454254150390625,-23.447093963623046875,72.53240203857421875";
    rotation = {
      0 = xpoint3:"1,0,0";
      1 = xpoint3:"0,-1,0";
      2 = xpoint3:"0,0,-1";
    }
  }
  #17 = {
    scale = fixp:"1";
    name = str:"pt_center";
    translation = xpoint3:"-0.17415618896484375,-4.978838443756103515625,72.46265411376953125";
    rotation = {
      0 = xpoint3:"1,0,0";
      1 = xpoint3:"0,-1,0";
      2 = xpoint3:"0,0,-1";
    }
  }
  #18 = {
    scale = fixp:"1";
    name = str:"Part06";
    translation = xpoint3:"-43.303844451904296875,-38.561855316162109375,62.0769195556640625";
    rotation = {
      0 = xpoint3:"0.767789363861083984375,0,0.64070236682891845703125";
      1 = xpoint3:"-0.59985339641571044921875,-0.35135185718536376953125,0.718837797641754150390625";
      2 = xpoint3:"0.22511200606822967529296875,-0.936243474483489990234375,-0.2697641849517822265625";
    }
  }
  #19 = {
    scale = fixp:"1";
    name = str:"Part05";
    translation = xpoint3:"46.19814300537109375,-37.331024169921875,62.0769195556640625";
    rotation = {
      0 = xpoint3:"0.68144452571868896484375,0,-0.731869757175445556640625";
      1 = xpoint3:"0.68520843982696533203125,-0.3513515889644622802734375,0.637998044490814208984375";
      2 = xpoint3:"-0.2571434676647186279296875,-0.936243593692779541015625,-0.23942673206329345703125";
    }
  }
  #20 = {
    scale = fixp:"1";
    name = str:"Part02";
    translation = xpoint3:"22.3924961090087890625,-48.952526092529296875,20.886028289794921875";
    rotation = {
      0 = xpoint3:"1,0,0";
      1 = xpoint3:"0,1,0";
      2 = xpoint3:"0,0,1";
    }
  }
  #21 = {
    scale = fixp:"1";
    name = str:"Part01";
    translation = xpoint3:"-22.9014797210693359375,-47.63628387451171875,20.1750240325927734375";
    rotation = {
      0 = xpoint3:"1,0,0";
      1 = xpoint3:"0,1,0";
      2 = xpoint3:"0,0,1";
    }
  }
  #22 = {
    scale = fixp:"1";
    name = str:"Part03";
    translation = xpoint3:"25.96752166748046875,30.1597766876220703125,38.669795989990234375";
    rotation = {
      0 = xpoint3:"1,0,0";
      1 = xpoint3:"0,1,0";
      2 = xpoint3:"0,0,1";
    }
  }
  #23 = {
    scale = fixp:"1";
    name = str:"Part04";
    translation = xpoint3:"-54.499271392822265625,28.6310977935791015625,38.14653778076171875";
    rotation = {
      0 = xpoint3:"1,0,0";
      1 = xpoint3:"0,1,0";
      2 = xpoint3:"0,0,1";
    }
  }
  #24 = {
    scale = fixp:"1";
    name = str:"SuperSpray01-Emitter";
    translation = xpoint3:"0,0,20.301723480224609375";
    rotation = {
      0 = xpoint3:"1,0,0";
      1 = xpoint3:"0,1,0";
      2 = xpoint3:"0,0,1";
    }
  }
  #25 = {
    scale = fixp:"1";
    name = str:"Gravity01";
    translation = xpoint3:"152.6613616943359375,-0.5050318241119384765625,0";
    rotation = {
      0 = xpoint3:"1,0,0";
      1 = xpoint3:"0,-1,0";
      2 = xpoint3:"0,0,-1";
    }
  }
  #27 = {
    scale = fixp:"1";
    name = str:"Object01";
    translation = xpoint3:"-41.451690673828125,-17.34435272216796875,62.80877685546875";
    rotation = {
      0 = xpoint3:"0.570976436138153076171875,-0.8119432926177978515625,0.1213838756084442138671875";
      1 = xpoint3:"-0.4519924223423004150390625,-0.434330999851226806640625,-0.7791402339935302734375";
      2 = xpoint3:"0.68533837795257568359375,0.3900060951709747314453125,-0.614984989166259765625";
    }
  }
  #28 = {
    scale = fixp:"1";
    name = str:"Object02";
    translation = xpoint3:"47.861820220947265625,-30.913936614990234375,29.888233184814453125";
    rotation = {
      0 = xpoint3:"-0.47618257999420166015625,0.3229643404483795166015625,0.8178899288177490234375";
      1 = xpoint3:"0.53201019763946533203125,0.846384108066558837890625,-0.0244749486446380615234375";
      2 = xpoint3:"-0.7001535892486572265625,0.4234713017940521240234375,-0.574853718280792236328125";
    }
  }
  #29 = {
    scale = fixp:"1";
    name = str:"Object03";
    translation = xpoint3:"21.5123348236083984375,-7.029963970184326171875,49.405017852783203125";
    rotation = {
      0 = xpoint3:"0.34668958187103271484375,-0.5040056705474853515625,0.79106557369232177734375";
      1 = xpoint3:"0.0440084636211395263671875,-0.833702564239501953125,-0.550457656383514404296875";
      2 = xpoint3:"0.93694698810577392578125,0.22565151751041412353515625,-0.26685559749603271484375";
    }
  }
  #30 = {
    scale = fixp:"1";
    name = str:"Object04";
    translation = xpoint3:"9.551464080810546875,40.007228851318359375,47.29450225830078125";
    rotation = {
      0 = xpoint3:"0,-0.98861157894134521484375,-0.15048706531524658203125";
      1 = xpoint3:"-0.1165733635425567626953125,-0.149353086948394775390625,0.98188817501068115234375";
      2 = xpoint3:"-0.993181705474853515625,0.0184641778469085693359375,-0.1151057183742523193359375";
    }
  }
  #31 = {
    scale = fixp:"1";
    name = str:"Object05";
    translation = xpoint3:"-35.9389801025390625,18.4543819427490234375,43.753040313720703125";
    rotation = {
      0 = xpoint3:"-0.019270040094852447509765625,-0.88268792629241943359375,0.4695641994476318359375";
      1 = xpoint3:"0.77272188663482666015625,-0.3111750185489654541015625,-0.553236544132232666015625";
      2 = xpoint3:"0.63445198535919189453125,0.3521815836429595947265625,0.688068866729736328125";
    }
  }
  #32 = {
    scale = fixp:"1";
    name = str:"Meat";
    translation = xpoint3:"-40.586261749267578125,-65.4532928466796875,29.414554595947265625";
    rotation = {
      0 = xpoint3:"0.378019988536834716796875,0.9250133037567138671875,-0.038095064461231231689453125";
      1 = xpoint3:"0.9054067134857177734375,-0.3779695034027099609375,-0.19333326816558837890625";
      2 = xpoint3:"-0.193234622478485107421875,0.038592316210269927978515625,-0.980393230915069580078125";
    }
  }
  #33 = {
    scale = fixp:"1";
    name = str:"pt_shoot_1";
    translation = xpoint3:"80.08930206298828125,-13.51716518402099609375,0";
    rotation = {
      0 = xpoint3:"1,0,0";
      1 = xpoint3:"0,1,0";
      2 = xpoint3:"0,0,1";
    }
  }
}