model = {
  file = str:"data\models\units\trisat\trisat.nif";
  animation = {
    loop = fixp:"0";
    duration = fixp:"7.16666698455810546875";
  }
  #0 = {
    scale = fixp:"1";
    name = str:"Trisat";
    translation = xpoint3:"-0.0157897472381591796875,-0.011809825897216796875,27.5398235321044921875";
    rotation = {
      0 = xpoint3:"-1,0,0";
      1 = xpoint3:"0,1,0";
      2 = xpoint3:"0,0,-1";
    }
  }
  #1 = {
    scale = fixp:"1";
    name = str:"ROOT";
    translation = xpoint3:"0,0,0";
    rotation = {
      0 = xpoint3:"1,0,0";
      1 = xpoint3:"0,-1,0";
      2 = xpoint3:"0,0,-1";
    }
    #8 = {
      scale = fixp:"1";
      name = str:"ROOT NonAccum";
      translation = xpoint3:"0,0,0";
      rotation = {
        0 = xpoint3:"1,0,0";
        1 = xpoint3:"0,1,0";
        2 = xpoint3:"0,0,1";
      }
      #0 = {
        scale = fixp:"1";
        name = str:"center_root";
        translation = xpoint3:"-0.01578974537551403045654296875,0.01180566661059856414794921875,-45.566799163818359375";
        rotation = {
          0 = xpoint3:"1,0,0";
          1 = xpoint3:"0,1,0";
          2 = xpoint3:"0,0,1";
        }
        #0 = {
          scale = fixp:"1";
          name = str:"Bone25";
          translation = xpoint3:"-17.1867198944091796875,5.514762401580810546875,-13.09190464019775390625";
          rotation = {
            0 = xpoint3:"-0.324713766574859619140625,0.9154949188232421875,0.2334683239459991455078125";
            1 = xpoint3:"-0.863316059112548828125,-0.3877422511577606201171875,0.3198862969875335693359375";
            2 = xpoint3:"0.3838277757167816162109375,-0.097524084150791168212890625,0.918175637722015380859375";
          }
          #0 = {
            scale = fixp:"1";
            name = str:"Bone26";
            translation = xpoint3:"37.05396270751953125,0,0";
            rotation = {
              0 = xpoint3:"0.995538055896759033203125,0,-0.094326861202716827392578125";
              1 = xpoint3:"0,1,0";
              2 = xpoint3:"0.094326861202716827392578125,0,0.995538055896759033203125";
            }
          }
        }
        #1 = {
          scale = fixp:"1";
          name = str:"Bone27";
          translation = xpoint3:"-20.0993976593017578125,-3.223274707794189453125,-18.575260162353515625";
          rotation = {
            0 = xpoint3:"-0.09871865808963775634765625,0.993902683258056640625,0.02859554253518581390380859375";
            1 = xpoint3:"-0.99205911159515380859375,-0.10038642585277557373046875,0.064378559589385986328125";
            2 = xpoint3:"0.06692592799663543701171875,-0.02198234386742115020751953125,0.997513949871063232421875";
          }
          #0 = {
            scale = fixp:"1";
            name = str:"Bone28";
            translation = xpoint3:"30.322845458984375,0,0";
            rotation = {
              0 = xpoint3:"0.9995439052581787109375,0,0.03018839098513126373291015625";
              1 = xpoint3:"0,1,0";
              2 = xpoint3:"-0.03018839098513126373291015625,0,0.9995439052581787109375";
            }
          }
        }
        #2 = {
          scale = fixp:"1";
          name = str:"Bone29";
          translation = xpoint3:"16.794528961181640625,5.191131114959716796875,-13.12518024444580078125";
          rotation = {
            0 = xpoint3:"0.3405396938323974609375,0.90909397602081298828125,-0.2379579246044158935546875";
            1 = xpoint3:"-0.86075842380523681640625,0.4033707678318023681640625,0.30906498432159423828125";
            2 = xpoint3:"0.3770553171634674072265625,0.09987209737300872802734375,0.920727908611297607421875";
          }
          #0 = {
            scale = fixp:"1";
            name = str:"Bone30";
            translation = xpoint3:"36.60359954833984375,0,0";
            rotation = {
              0 = xpoint3:"0.984704434871673583984375,0,-0.17416928708553314208984375";
              1 = xpoint3:"0,1,0";
              2 = xpoint3:"0.17416928708553314208984375,0,0.984704434871673583984375";
            }
          }
        }
        #3 = {
          scale = fixp:"1";
          name = str:"Bone31";
          translation = xpoint3:"20.35446929931640625,-2.8996427059173583984375,-18.732830047607421875";
          rotation = {
            0 = xpoint3:"0.089621074497699737548828125,0.99480426311492919921875,-0.031803347170352935791015625";
            1 = xpoint3:"-0.99251472949981689453125,0.09171833097934722900390625,0.0720014274120330810546875";
            2 = xpoint3:"0.074575312435626983642578125,0.02518296055495738983154296875,0.9968950748443603515625";
          }
          #0 = {
            scale = fixp:"1";
            name = str:"Bone32";
            translation = xpoint3:"30.2882328033447265625,0,0";
            rotation = {
              0 = xpoint3:"0.9985096454620361328125,0,-0.0545552559196949005126953125";
              1 = xpoint3:"0,1,0";
              2 = xpoint3:"0.0545552559196949005126953125,0,0.9985096454620361328125";
            }
          }
        }
        #4 = {
          scale = fixp:"1";
          name = str:"Bone09";
          translation = xpoint3:"6.119217395782470703125,13.87560367584228515625,3.1131494045257568359375";
          rotation = {
            0 = xpoint3:"0.41329896450042724609375,-0.8885352611541748046875,-0.1970728337764739990234375";
            1 = xpoint3:"0.73670136928558349609375,0.4538134634494781494140625,-0.50053155422210693359375";
            2 = xpoint3:"0.53441894054412841796875,0.06136669218540191650390625,0.8428537845611572265625";
          }
          #0 = {
            scale = fixp:"1";
            name = str:"Bone10";
            translation = xpoint3:"27.460910797119140625,0,0";
            rotation = {
              0 = xpoint3:"0.657230198383331298828125,0.2708519399166107177734375,0.702986657619476318359375";
              1 = xpoint3:"0.1526621878147125244140625,0.8660085201263427734375,-0.4759506881237030029296875";
              2 = xpoint3:"-0.737729847431182861328125,0.4200881421566009521484375,0.52782142162322998046875";
            }
            #0 = {
              scale = fixp:"1";
              name = str:"Bone11";
              translation = xpoint3:"16.1853008270263671875,0,0";
              rotation = {
                0 = xpoint3:"0.29270327091217041015625,-0.722442567348480224609375,-0.62559986114501953125";
                1 = xpoint3:"0.502209365367889404296875,0.67325770854949951171875,-0.542250573635101318359375";
                2 = xpoint3:"0.813070774078369140625,-0.15597020089626312255859375,0.560313403606414794921875";
              }
              #0 = {
                scale = fixp:"1";
                name = str:"Bone12";
                translation = xpoint3:"37.85650634765625,0,0";
                rotation = {
                  0 = xpoint3:"0.80270063877105712890625,0.0112235248088836669921875,0.596036434173583984375";
                  1 = xpoint3:"-0.530698299407958984375,0.4692842662334442138671875,0.7052385807037353515625";
                  2 = xpoint3:"-0.2715598642826080322265625,-0.88253962993621826171875,0.38273143768310546875";
                }
              }
              #1 = {
                scale = fixp:"1";
                name = str:"pt_foot";
                translation = xpoint3:"33.31087493896484375,-2.2063047885894775390625,-1.8849184513092041015625";
                rotation = {
                  0 = xpoint3:"-0.844900429248809814453125,-0.19948591291904449462890625,0.4963352382183074951171875";
                  1 = xpoint3:"-0.4040949344635009765625,0.8459894657135009765625,-0.3478636443614959716796875";
                  2 = xpoint3:"-0.3505004942417144775390625,-0.4944767057895660400390625,-0.795388162136077880859375";
                }
              }
              #2 = {
                scale = fixp:"1";
                name = str:"pt_footprint02";
                translation = xpoint3:"37.856510162353515625,0,0";
                rotation = {
                  0 = xpoint3:"0.20063979923725128173828125,-0.4992787539958953857421875,-0.8428905010223388671875";
                  1 = xpoint3:"-0.841674387454986572265625,0.352436006069183349609375,-0.4091126620769500732421875";
                  2 = xpoint3:"0.50132620334625244140625,0.79152357578277587890625,-0.3495173752307891845703125";
                }
              }
            }
          }
        }
        #5 = {
          scale = fixp:"1";
          name = str:"Bone13";
          translation = xpoint3:"-6.392255306243896484375,13.8756046295166015625,2.8981492519378662109375";
          rotation = {
            0 = xpoint3:"-0.42337381839752197265625,-0.88417518138885498046875,0.192154586315155029296875";
            1 = xpoint3:"0.71486580371856689453125,-0.4567907750606536865234375,-0.52744209766387939453125";
            2 = xpoint3:"0.554667532444000244140625,-0.08638577163219451904296875,0.8274242877960205078125";
          }
          #0 = {
            scale = fixp:"1";
            name = str:"Bone14";
            translation = xpoint3:"27.4592685699462890625,0,0";
            rotation = {
              0 = xpoint3:"0.64937150478363037109375,-0.26844704151153564453125,0.7111568450927734375";
              1 = xpoint3:"-0.0700168609619140625,0.9105365276336669921875,0.407297194004058837890625";
              2 = xpoint3:"-0.75690519809722900390625,-0.314212620258331298828125,0.572489798069000244140625";
            }
            #0 = {
              scale = fixp:"1";
              name = str:"Bone15";
              translation = xpoint3:"15.91154193878173828125,0,0";
              rotation = {
                0 = xpoint3:"0.33570873737335205078125,0.686692059040069580078125,-0.64404165744781494140625";
                1 = xpoint3:"-0.487850725650787353515625,0.71199405193328857421875,0.504626750946044921875";
                2 = xpoint3:"0.80519402027130126953125,0.14526014029979705810546875,0.574407994747161865234375";
              }
              #0 = {
                scale = fixp:"1";
                name = str:"Bone16";
                translation = xpoint3:"38.364017486572265625,0,0";
                rotation = {
                  0 = xpoint3:"0.811922132968902587890625,-0.0132852494716644287109375,0.58338069915771484375";
                  1 = xpoint3:"0.53563225269317626953125,0.4140662252902984619140625,-0.735388934612274169921875";
                  2 = xpoint3:"-0.231533110141754150390625,0.909682571887969970703125,0.3433907032012939453125";
                }
              }
              #1 = {
                scale = fixp:"1";
                name = str:"pt_foot@#0";
                translation = xpoint3:"34.0025634765625,1.9201600551605224609375,-2.4490973949432373046875";
                rotation = {
                  0 = xpoint3:"-0.1925508677959442138671875,-0.5479958057403564453125,-0.81401765346527099609375";
                  1 = xpoint3:"-0.9089581966400146484375,-0.21297307312488555908203125,0.3583817183971405029296875";
                  2 = xpoint3:"-0.3697555363178253173828125,0.808914721012115478515625,-0.4570971429347991943359375";
                }
              }
              #2 = {
                scale = fixp:"1";
                name = str:"pt_footprint03";
                translation = xpoint3:"38.364009857177734375,0,0";
                rotation = {
                  0 = xpoint3:"-0.19255132973194122314453125,-0.547996222972869873046875,-0.81401729583740234375";
                  1 = xpoint3:"-0.908958137035369873046875,-0.2129726707935333251953125,0.35838222503662109375";
                  2 = xpoint3:"-0.3697555363178253173828125,0.80891454219818115234375,-0.457097470760345458984375";
                }
              }
            }
          }
        }
        #6 = {
          scale = fixp:"1";
          name = str:"Bone21";
          translation = xpoint3:"10.10014057159423828125,-13.8297901153564453125,-5.3038425445556640625";
          rotation = {
            0 = xpoint3:"0.3103046417236328125,0.912159383296966552734375,-0.265848636627197265625";
            1 = xpoint3:"-0.651587307453155517578125,0.4080482423305511474609375,0.63880479335784912109375";
            2 = xpoint3:"0.69147968292236328125,-0.0245548188686370849609375,0.721698701381683349609375";
          }
          #0 = {
            scale = fixp:"1";
            name = str:"Bone22";
            translation = xpoint3:"34.824008941650390625,0,0";
            rotation = {
              0 = xpoint3:"-0.065408885478973388671875,-0.15845358371734619140625,0.9844124317169189453125";
              1 = xpoint3:"0.146473467350006103515625,0.97505390644073486328125,0.1666707694530487060546875";
              2 = xpoint3:"-0.98626613616943359375,0.155325710773468017578125,-0.0405317880213260650634765625";
            }
            #0 = {
              scale = fixp:"1";
              name = str:"Bone23";
              translation = xpoint3:"20.5406017303466796875,0,0";
              rotation = {
                0 = xpoint3:"-0.254253566265106201171875,-0.0045025050640106201171875,-0.966185629367828369140625";
                1 = xpoint3:"-0.076380006968975067138671875,0.99695587158203125,0.0155143849551677703857421875";
                2 = xpoint3:"0.963172376155853271484375,0.0778095722198486328125,-0.253820955753326416015625";
              }
              #0 = {
                scale = fixp:"1";
                name = str:"Bone24";
                translation = xpoint3:"48.334743499755859375,0,0";
                rotation = {
                  0 = xpoint3:"0.856873452663421630859375,-0.00828716717660427093505859375,0.51525866985321044921875";
                  1 = xpoint3:"0.00835798867046833038330078125,0.99996268749237060546875,0.00218369881622493267059326171875";
                  2 = xpoint3:"-0.51525747776031494140625,0.00243872706778347492218017578125,0.856910765171051025390625";
                }
              }
              #1 = {
                scale = fixp:"1";
                name = str:"pt_foot@#1";
                translation = xpoint3:"43.493602752685546875,1.6499669551849365234375,-1.440946102142333984375";
                rotation = {
                  0 = xpoint3:"-0.41431391239166259765625,0.04679073393344879150390625,-0.908930480480194091796875";
                  1 = xpoint3:"-0.61240637302398681640625,0.724445641040802001953125,0.3164442479610443115234375";
                  2 = xpoint3:"0.673277318477630615234375,0.687742054462432861328125,-0.2714929878711700439453125";
                }
              }
              #2 = {
                scale = fixp:"1";
                name = str:"pt_footprint01";
                translation = xpoint3:"48.33449554443359375,0,0";
                rotation = {
                  0 = xpoint3:"0.4100315868854522705078125,-0.0427383221685886383056640625,-0.911069452762603759765625";
                  1 = xpoint3:"0.614327132701873779296875,-0.72538697719573974609375,0.31050908565521240234375";
                  2 = xpoint3:"-0.6741485595703125,-0.687013208866119384765625,-0.2711762487888336181640625";
                }
              }
            }
          }
        }
        #7 = {
          scale = fixp:"1";
          name = str:"Bone17";
          translation = xpoint3:"-8.6670684814453125,-13.70650768280029296875,-5.2598781585693359375";
          rotation = {
            0 = xpoint3:"-0.3453358709812164306640625,0.905379712581634521484375,0.2430600225925445556640625";
            1 = xpoint3:"-0.643235146999359130859375,-0.417084991931915283203125,0.640493571758270263671875";
            2 = xpoint3:"0.68193781375885009765625,0.065352857112884521484375,0.728213787078857421875";
          }
          #0 = {
            scale = fixp:"1";
            name = str:"Bone18";
            translation = xpoint3:"34.8587799072265625,0,0";
            rotation = {
              0 = xpoint3:"-0.07361517846584320068359375,-0.1708496510982513427734375,0.981750071048736572265625";
              1 = xpoint3:"-0.085774280130863189697265625,0.982647120952606201171875,0.164384424686431884765625";
              2 = xpoint3:"-0.992806971073150634765625,-0.072040729224681854248046875,-0.086989365518093109130859375";
            }
            #0 = {
              scale = fixp:"1";
              name = str:"Bone19";
              translation = xpoint3:"20.6463909149169921875,0,0";
              rotation = {
                0 = xpoint3:"-0.3117764294147491455078125,-0.2940323352813720703125,-0.902461588382720947265625";
                1 = xpoint3:"-0.2326796054840087890625,0.945583343505859375,-0.2272738516330718994140625";
                2 = xpoint3:"0.920191347599029541015625,0.1390617787837982177734375,-0.3632237911224365234375";
              }
              #0 = {
                scale = fixp:"1";
                name = str:"Bone20";
                translation = xpoint3:"48.25719451904296875,0,0";
                rotation = {
                  0 = xpoint3:"0.853676378726959228515625,0.00711177289485931396484375,0.520551383495330810546875";
                  1 = xpoint3:"-0.14620554447174072265625,0.962966501712799072265625,0.2264192998409271240234375";
                  2 = xpoint3:"-0.499648153781890869140625,-0.2694275081157684326171875,0.823106229305267333984375";
                }
              }
              #1 = {
                scale = fixp:"1";
                name = str:"pt_foot@#2";
                translation = xpoint3:"43.350341796875,-1.3659298419952392578125,-1.571325778961181640625";
                rotation = {
                  0 = xpoint3:"-0.3904294669628143310546875,-0.01167615316808223724365234375,-0.920558750629425048828125";
                  1 = xpoint3:"0.58111417293548583984375,0.77242267131805419921875,-0.256260693073272705078125";
                  2 = xpoint3:"0.714052617549896240234375,-0.635001480579376220703125,-0.2947913706302642822265625";
                }
              }
              #2 = {
                scale = fixp:"1";
                name = str:"pt_footprint04";
                translation = xpoint3:"48.257175445556640625,0,0";
                rotation = {
                  0 = xpoint3:"-0.39042937755584716796875,-0.01167687214910984039306640625,-0.920558869838714599609375";
                  1 = xpoint3:"0.581114232540130615234375,0.77242243289947509765625,-0.2562612593173980712890625";
                  2 = xpoint3:"0.714052617549896240234375,-0.63500177860260009765625,-0.2947907745838165283203125";
                }
              }
            }
          }
        }
        #8 = {
          scale = fixp:"1";
          name = str:"Box02";
          translation = xpoint3:"0.0157889015972614288330078125,8.08676433563232421875,-9.29089450836181640625";
          rotation = {
            0 = xpoint3:"0,0,-0.99999988079071044921875";
            1 = xpoint3:"0.99999988079071044921875,0,0";
            2 = xpoint3:"0,-0.99999988079071044921875,0";
          }
          #0 = {
            scale = fixp:"1";
            name = str:"Box03";
            translation = xpoint3:"22.5897979736328125,0.301701366901397705078125,0";
            rotation = {
              0 = xpoint3:"0.990588843822479248046875,0.136871397495269775390625,0";
              1 = xpoint3:"-0.136871397495269775390625,0.990588843822479248046875,0";
              2 = xpoint3:"0,0,1";
            }
            #0 = {
              scale = fixp:"1";
              name = str:"pt_head";
              translation = xpoint3:"2.6244328022003173828125,-1.2223961353302001953125,0.054541163146495819091796875";
              rotation = {
                0 = xpoint3:"0,-0.99591362476348876953125,0.090311191976070404052734375";
                1 = xpoint3:"0,0.09031121432781219482421875,0.995913565158843994140625";
                2 = xpoint3:"-1,0,0";
              }
            }
          }
        }
        #9 = {
          scale = fixp:"1";
          name = str:"Box01";
          translation = xpoint3:"0.0157895646989345550537109375,4.1154651641845703125,-11.73249912261962890625";
          rotation = {
            0 = xpoint3:"0,0,-0.99999988079071044921875";
            1 = xpoint3:"0.99999988079071044921875,0,0";
            2 = xpoint3:"0,-0.99999988079071044921875,0";
          }
          #0 = {
            scale = fixp:"1";
            name = str:"Bone33";
            translation = xpoint3:"-16.9650096893310546875,14.4142246246337890625,0";
            rotation = {
              0 = xpoint3:"-0.92596530914306640625,0.37760865688323974609375,0";
              1 = xpoint3:"0.37760865688323974609375,0.92596530914306640625,0";
              2 = xpoint3:"0,0,-1";
            }
            #0 = {
              scale = fixp:"1";
              name = str:"Bone34";
              translation = xpoint3:"21.7414646148681640625,0,0";
              rotation = {
                0 = xpoint3:"0.991168439388275146484375,0.13260908424854278564453125,0";
                1 = xpoint3:"-0.13260908424854278564453125,0.991168439388275146484375,0";
                2 = xpoint3:"0,0,1";
              }
              #0 = {
                scale = fixp:"1";
                name = str:"Bone35";
                translation = xpoint3:"19.27031707763671875,0,0";
                rotation = {
                  0 = xpoint3:"0.986822426319122314453125,0.1618070304393768310546875,0";
                  1 = xpoint3:"-0.1618070304393768310546875,0.986822426319122314453125,0";
                  2 = xpoint3:"0,0,1";
                }
                #0 = {
                  scale = fixp:"1";
                  name = str:"Bone36";
                  translation = xpoint3:"18.708965301513671875,0,0";
                  rotation = {
                    0 = xpoint3:"1,0,0";
                    1 = xpoint3:"0,1,0";
                    2 = xpoint3:"0,0,1";
                  }
                }
              }
            }
          }
          #1 = {
            scale = fixp:"1";
            name = str:"pt_chest ";
            translation = xpoint3:"-6.478912353515625,16.157611846923828125,0.01804351806640625";
            rotation = {
              0 = xpoint3:"0.22632230818271636962890625,0.00977106578648090362548828125,-0.97400343418121337890625";
              1 = xpoint3:"0.97405230998992919921875,-0.00284896208904683589935302734375,0.226305067539215087890625";
              2 = xpoint3:"0,-0.999948203563690185546875,-0.010162337683141231536865234375";
            }
          }
        }
        #10 = {
          scale = fixp:"1";
          name = str:"Bone01";
          translation = xpoint3:"17.701953887939453125,6.0441684722900390625,-0.764546334743499755859375";
          rotation = {
            0 = xpoint3:"0.587319850921630859375,-0.7576582431793212890625,-0.2835674583911895751953125";
            1 = xpoint3:"0.4912516176700592041015625,0.6126253604888916015625,-0.618708133697509765625";
            2 = xpoint3:"0.64275062084197998046875,0.22379003465175628662109375,0.73239421844482421875";
          }
          #0 = {
            scale = fixp:"1";
            name = str:"Bone07";
            translation = xpoint3:"30.8684940338134765625,0,0";
            rotation = {
              0 = xpoint3:"0.34804570674896240234375,-0.48068106174468994140625,0.80427849292755126953125";
              1 = xpoint3:"0.13850422203540802001953125,0.87539803981781005859375,0.462940633296966552734375";
              2 = xpoint3:"-0.9266793727874755859375,-0.049428522586822509765625,0.371362209320068359375";
            }
            #0 = {
              scale = fixp:"1";
              name = str:"Bone08";
              translation = xpoint3:"34.875518798828125,0,0";
              rotation = {
                0 = xpoint3:"0.559417426586151123046875,-0.81449115276336669921875,0.1517133414745330810546875";
                1 = xpoint3:"-0.0453888475894927978515625,-0.212074697017669677734375,-0.975297391414642333984375";
                2 = xpoint3:"0.82725608348846435546875,0.538395226001739501953125,-0.15524613857269287109375";
              }
              #0 = {
                scale = fixp:"1";
                name = str:"Bone37";
                translation = xpoint3:"75.48740386962890625,0,0";
                rotation = {
                  0 = xpoint3:"0.7265970706939697265625,-0.001925647258758544921875,0.68677234649658203125";
                  1 = xpoint3:"-0.667082130908966064453125,0.23632873594760894775390625,0.70572078227996826171875";
                  2 = xpoint3:"-0.1632831096649169921875,-0.97110080718994140625,0.17058189213275909423828125";
                }
              }
              #1 = {
                scale = fixp:"1";
                name = str:"pt_hand";
                translation = xpoint3:"75.222503662109375,0,0";
                rotation = {
                  0 = xpoint3:"1,0,0";
                  1 = xpoint3:"0,1,0";
                  2 = xpoint3:"0,0,1";
                }
              }
            }
          }
        }
        #11 = {
          scale = fixp:"1";
          name = str:"Bone03";
          translation = xpoint3:"-17.874050140380859375,5.977387905120849609375,-0.582451760768890380859375";
          rotation = {
            0 = xpoint3:"-0.518314838409423828125,-0.7750747203826904296875,0.3583371639251708984375";
            1 = xpoint3:"0.4442000687122344970703125,-0.6024920940399169921875,-0.661335051059722900390625";
            2 = xpoint3:"0.729268550872802734375,-0.18421991169452667236328125,0.65858554840087890625";
          }
          #0 = {
            scale = fixp:"1";
            name = str:"Bone04";
            translation = xpoint3:"30.514926910400390625,0,0";
            rotation = {
              0 = xpoint3:"0.1616289317607879638671875,0.506908833980560302734375,0.84599220752716064453125";
              1 = xpoint3:"-0.05948941409587860107421875,0.8613307476043701171875,-0.504350185394287109375";
              2 = xpoint3:"-0.9844391345977783203125,0.03084643185138702392578125,0.16947798430919647216796875";
            }
            #0 = {
              scale = fixp:"1";
              name = str:"Bone05";
              translation = xpoint3:"35.05206298828125,0,0";
              rotation = {
                0 = xpoint3:"0.4771846830844879150390625,0.834941208362579345703125,0.272780597209930419921875";
                1 = xpoint3:"0.087546765804290771484375,-0.353196918964385986328125,0.93038904666900634765625";
                2 = xpoint3:"0.873997509479522705078125,-0.4197157919406890869140625,-0.2411759197711944580078125";
              }
              #0 = {
                scale = fixp:"1";
                name = str:"Bone06";
                translation = xpoint3:"75.3831024169921875,0,0";
                rotation = {
                  0 = xpoint3:"0.724945247173309326171875,-0.0113656818866729736328125,0.6884229183197021484375";
                  1 = xpoint3:"0.68462884426116943359375,0.11864273250102996826171875,-0.718281447887420654296875";
                  2 = xpoint3:"-0.0730660855770111083984375,0.992227613925933837890625,0.0939724445343017578125";
                }
              }
              #1 = {
                scale = fixp:"1";
                name = str:"pt_hand@#3";
                translation = xpoint3:"75.31151580810546875,0,0";
                rotation = {
                  0 = xpoint3:"1,0,0";
                  1 = xpoint3:"0,1,0";
                  2 = xpoint3:"0,0,1";
                }
              }
            }
          }
        }
        #12 = {
          scale = fixp:"1";
          name = str:"IK Chain16";
          translation = xpoint3:"-28.4287319183349609375,-24.3077030181884765625,0.1670683324337005615234375";
          rotation = {
            0 = xpoint3:"1,0,0";
            1 = xpoint3:"0,-0.9985487461090087890625,0";
            2 = xpoint3:"0,0,-0.9985487461090087890625";
          }
        }
        #13 = {
          scale = fixp:"1";
          name = str:"IK Chain15";
          translation = xpoint3:"-23.0888156890869140625,-33.04573822021484375,-16.5633983612060546875";
          rotation = {
            0 = xpoint3:"1,0,0";
            1 = xpoint3:"0,-0.9985487461090087890625,0";
            2 = xpoint3:"0,0,-0.9985487461090087890625";
          }
        }
        #14 = {
          scale = fixp:"1";
          name = str:"IK Chain14";
          translation = xpoint3:"28.6278076171875,-24.782886505126953125,0.00492851436138153076171875";
          rotation = {
            0 = xpoint3:"1,0,0";
            1 = xpoint3:"0,-0.9985487461090087890625,0";
            2 = xpoint3:"0,0,-0.9985487461090087890625";
          }
        }
        #15 = {
          scale = fixp:"1";
          name = str:"IK Chain13";
          translation = xpoint3:"23.1260833740234375,-33.8445587158203125,-16.4077053070068359375";
          rotation = {
            0 = xpoint3:"1,0,0";
            1 = xpoint3:"0,-0.9985487461090087890625,0";
            2 = xpoint3:"0,0,-0.9985487461090087890625";
          }
        }
        #16 = {
          scale = fixp:"1";
          name = str:"pt_center";
          translation = xpoint3:"-0.15836654603481292724609375,3.093978404998779296875,-18.960124969482421875";
          rotation = {
            0 = xpoint3:"1,0,0";
            1 = xpoint3:"0,0.974180281162261962890625,-0.225771486759185791015625";
            2 = xpoint3:"0,0.225771486759185791015625,0.974180281162261962890625";
          }
        }
        #17 = {
          scale = fixp:"1";
          name = str:"pt_cast";
          translation = xpoint3:"-0.040667541325092315673828125,21.10112762451171875,-14.85843563079833984375";
          rotation = {
            0 = xpoint3:"1,0,0";
            1 = xpoint3:"0,0.974180161952972412109375,-0.22577191889286041259765625";
            2 = xpoint3:"0,0.22577191889286041259765625,0.974180161952972412109375";
          }
        }
      }
      #1 = {
        scale = fixp:"1";
        name = str:"R_foot_ang01";
        translation = xpoint3:"-40.681079864501953125,10.2086467742919921875,5.019266605377197265625";
        rotation = {
          0 = xpoint3:"1,0,0";
          1 = xpoint3:"0,1,0";
          2 = xpoint3:"0,0,1";
        }
      }
      #2 = {
        scale = fixp:"1";
        name = str:"F_L_foot_ang";
        translation = xpoint3:"22.069744110107421875,80.1300506591796875,-76.6175689697265625";
        rotation = {
          0 = xpoint3:"1,0,0";
          1 = xpoint3:"0,1,0";
          2 = xpoint3:"0,0,1";
        }
      }
      #3 = {
        scale = fixp:"1";
        name = str:"L_foot_ang02";
        translation = xpoint3:"42.717372894287109375,7.947681427001953125,5.019267559051513671875";
        rotation = {
          0 = xpoint3:"1,0,0";
          1 = xpoint3:"0,1,0";
          2 = xpoint3:"0,0,1";
        }
      }
      #4 = {
        scale = fixp:"1";
        name = str:"F_R_foot_ang";
        translation = xpoint3:"-25.437145233154296875,82.09899139404296875,-74.46036529541015625";
        rotation = {
          0 = xpoint3:"1,0,0";
          1 = xpoint3:"0,1,0";
          2 = xpoint3:"0,0,1";
        }
      }
      #5 = {
        scale = fixp:"1";
        name = str:"R_L_foot_ang";
        translation = xpoint3:"39.05577850341796875,-63.690105438232421875,-66.21062469482421875";
        rotation = {
          0 = xpoint3:"1,0,0";
          1 = xpoint3:"0,1,0";
          2 = xpoint3:"0,0,1";
        }
      }
      #6 = {
        scale = fixp:"1";
        name = str:"R_R_foot_ang";
        translation = xpoint3:"-39.110828399658203125,-65.46856689453125,-66.2106170654296875";
        rotation = {
          0 = xpoint3:"1,0,0";
          1 = xpoint3:"0,1,0";
          2 = xpoint3:"0,0,1";
        }
      }
      #7 = {
        scale = fixp:"1";
        name = str:"pt_ground";
        translation = xpoint3:"0,0,0";
        rotation = {
          0 = xpoint3:"1,0,0";
          1 = xpoint3:"0,-1,0";
          2 = xpoint3:"0,0,-1";
        }
      }
      #8 = {
        scale = fixp:"1";
        name = str:"pt_top";
        translation = xpoint3:"-0.901786625385284423828125,0.443163573741912841796875,-125.3089752197265625";
        rotation = {
          0 = xpoint3:"0,0,1";
          1 = xpoint3:"0,1,0";
          2 = xpoint3:"-1,0,0";
        }
      }
    }
  }
  #3 = {
    scale = fixp:"1";
    name = str:"pt_aim";
    translation = xpoint3:"0.06265699863433837890625,-53.87337493896484375,56.321285247802734375";
    rotation = {
      0 = xpoint3:"1,0,0";
      1 = xpoint3:"0,1,0";
      2 = xpoint3:"0,0,1";
    }
  }
  #4 = {
    scale = fixp:"1";
    name = str:"Trisat 501";
    translation = xpoint3:"-0.0157897472381591796875,-0.011809825897216796875,27.5398235321044921875";
    rotation = {
      0 = xpoint3:"-1,0,0";
      1 = xpoint3:"0,1,0";
      2 = xpoint3:"0,0,-1";
    }
  }
  #5 = {
    scale = fixp:"1";
    name = str:"Trisat 256A";
    translation = xpoint3:"-0.0157897472381591796875,-0.011809825897216796875,27.5398235321044921875";
    rotation = {
      0 = xpoint3:"-1,0,0";
      1 = xpoint3:"0,1,0";
      2 = xpoint3:"0,0,-1";
    }
  }
}