model = {
  file = str:"data\models\units\trisat\trisattriad.nif";
  animation = {
    loop = fixp:"3.333333492279052734375";
    duration = fixp:"0";
  }
  #3 = {
    scale = fixp:"1";
    name = str:"SCENE_ROOT";
    translation = xpoint3:"0,0,0";
    rotation = {
      0 = xpoint3:"1,0,0";
      1 = xpoint3:"0,1,0";
      2 = xpoint3:"0,0,1";
    }
    #2 = {
      scale = fixp:"1";
      name = str:"SCENE_ROOT NonAccum";
      translation = xpoint3:"0,0,0";
      rotation = {
        0 = xpoint3:"1,0,0";
        1 = xpoint3:"0,1,0";
        2 = xpoint3:"0,0,1";
      }
      #0 = {
        scale = fixp:"1";
        name = str:"Circle02";
        translation = xpoint3:"91.54221343994140625,53.023250579833984375,0";
        rotation = {
          0 = xpoint3:"-0.500000059604644775390625,0.86602532863616943359375,0";
          1 = xpoint3:"0.86602532863616943359375,0.500000059604644775390625,0";
          2 = xpoint3:"0,0,-1";
        }
        #0 = {
          scale = fixp:"1";
          name = str:"Bip02";
          translation = xpoint3:"-0.0157899074256420135498046875,0.01181193999946117401123046875,-45.566799163818359375";
          rotation = {
            0 = xpoint3:"1,0,0";
            1 = xpoint3:"0,1,0";
            2 = xpoint3:"0,0,1";
          }
          #0 = {
            scale = fixp:"1";
            name = str:"Bone38";
            translation = xpoint3:"-17.1867218017578125,5.514762401580810546875,-13.0919055938720703125";
            rotation = {
              0 = xpoint3:"-0.32471430301666259765625,0.915494263172149658203125,0.23347048461437225341796875";
              1 = xpoint3:"-0.863316118717193603515625,-0.387743473052978515625,0.31988489627838134765625";
              2 = xpoint3:"0.38382732868194580078125,-0.0975263118743896484375,0.91817557811737060546875";
            }
          }
          #1 = {
            scale = fixp:"1";
            name = str:"Bone40";
            translation = xpoint3:"-20.099399566650390625,-3.2232758998870849609375,-18.575260162353515625";
            rotation = {
              0 = xpoint3:"-0.09871889650821685791015625,0.99390280246734619140625,0.0285893641412258148193359375";
              1 = xpoint3:"-0.9920589923858642578125,-0.100386254489421844482421875,0.0643787086009979248046875";
              2 = xpoint3:"0.066925466060638427734375,-0.0219761691987514495849609375,0.99751412868499755859375";
            }
          }
          #2 = {
            scale = fixp:"1";
            name = str:"Bone42";
            translation = xpoint3:"16.7945308685302734375,5.19113445281982421875,-13.1251811981201171875";
            rotation = {
              0 = xpoint3:"0.3405401706695556640625,0.9090940952301025390625,-0.23795641958713531494140625";
              1 = xpoint3:"-0.86075842380523681640625,0.403370678424835205078125,0.309065043926239013671875";
              2 = xpoint3:"0.37705481052398681640625,0.09987066686153411865234375,0.920728206634521484375";
            }
          }
          #3 = {
            scale = fixp:"1";
            name = str:"Bone44";
            translation = xpoint3:"20.354473114013671875,-2.8996422290802001953125,-18.732830047607421875";
            rotation = {
              0 = xpoint3:"0.08962118625640869140625,0.994804441928863525390625,-0.03179742395877838134765625";
              1 = xpoint3:"-0.992514669895172119140625,0.091718010604381561279296875,0.07200197875499725341796875";
              2 = xpoint3:"0.07457531988620758056640625,0.02517701871693134307861328125,0.996895253658294677734375";
            }
          }
          #4 = {
            scale = fixp:"1";
            name = str:"Bone46";
            translation = xpoint3:"6.1192188262939453125,13.875606536865234375,3.11314868927001953125";
            rotation = {
              0 = xpoint3:"0.4132983684539794921875,-0.88854038715362548828125,-0.1970508396625518798828125";
              1 = xpoint3:"0.73670160770416259765625,0.45380055904388427734375,-0.50054275989532470703125";
              2 = xpoint3:"0.53441905975341796875,0.06138718128204345703125,0.84285223484039306640625";
            }
            #0 = {
              scale = fixp:"1";
              name = str:"Bone47";
              translation = xpoint3:"27.4609127044677734375,0,0";
              rotation = {
                0 = xpoint3:"0.657230079174041748046875,0.270852625370025634765625,0.702986538410186767578125";
                1 = xpoint3:"0.1526432931423187255859375,0.866018831729888916015625,-0.47593796253204345703125";
                2 = xpoint3:"-0.737733900547027587890625,0.420066356658935546875,0.52783310413360595703125";
              }
              #0 = {
                scale = fixp:"1";
                name = str:"Bone48";
                translation = xpoint3:"16.185302734375,0,0";
                rotation = {
                  0 = xpoint3:"0.2927029132843017578125,-0.722442686557769775390625,-0.625599801540374755859375";
                  1 = xpoint3:"0.502209126949310302734375,0.673257529735565185546875,-0.54225099086761474609375";
                  2 = xpoint3:"0.813071072101593017578125,-0.155970156192779541015625,0.560313045978546142578125";
                }
                #0 = {
                  scale = fixp:"1";
                  name = str:"pt_foot01";
                  translation = xpoint3:"33.31087493896484375,-2.206308841705322265625,-1.88490760326385498046875";
                  rotation = {
                    0 = xpoint3:"-0.8449003696441650390625,-0.199485957622528076171875,0.4963352680206298828125";
                    1 = xpoint3:"-0.404094994068145751953125,0.845989406108856201171875,-0.347863674163818359375";
                    2 = xpoint3:"-0.35050046443939208984375,-0.4944767653942108154296875,-0.795388042926788330078125";
                  }
                }
                #1 = {
                  scale = fixp:"1";
                  name = str:"pt_footprint05";
                  translation = xpoint3:"37.856510162353515625,0,0";
                  rotation = {
                    0 = xpoint3:"0.20063985884189605712890625,-0.4992786943912506103515625,-0.842890560626983642578125";
                    1 = xpoint3:"-0.841674327850341796875,0.352436065673828125,-0.4091126620769500732421875";
                    2 = xpoint3:"0.501326262950897216796875,0.79152357578277587890625,-0.349517345428466796875";
                  }
                }
              }
            }
          }
          #5 = {
            scale = fixp:"1";
            name = str:"Bone50";
            translation = xpoint3:"-6.3922557830810546875,13.875606536865234375,2.89814853668212890625";
            rotation = {
              0 = xpoint3:"-0.423373878002166748046875,-0.884174823760986328125,0.19215570390224456787109375";
              1 = xpoint3:"0.7148659229278564453125,-0.4567914903163909912109375,-0.5274410247802734375";
              2 = xpoint3:"0.554667055606842041015625,-0.08638457953929901123046875,0.827424705028533935546875";
            }
            #0 = {
              scale = fixp:"1";
              name = str:"Bone51";
              translation = xpoint3:"27.459262847900390625,0,0";
              rotation = {
                0 = xpoint3:"0.649371206760406494140625,-0.268446743488311767578125,0.711157143115997314453125";
                1 = xpoint3:"-0.07001806795597076416015625,0.910536229610443115234375,0.4072976410388946533203125";
                2 = xpoint3:"-0.756905257701873779296875,-0.3142136633396148681640625,0.5724890232086181640625";
              }
              #0 = {
                scale = fixp:"1";
                name = str:"Bone52";
                translation = xpoint3:"15.91154003143310546875,0,0";
                rotation = {
                  0 = xpoint3:"0.3357078731060028076171875,0.68669283390045166015625,-0.6440412998199462890625";
                  1 = xpoint3:"-0.48785054683685302734375,0.711993396282196044921875,0.504627883434295654296875";
                  2 = xpoint3:"0.805194377899169921875,0.14525990188121795654296875,0.574407398700714111328125";
                }
                #0 = {
                  scale = fixp:"1";
                  name = str:"pt_foot02";
                  translation = xpoint3:"34.00255584716796875,1.920162200927734375,-2.449098110198974609375";
                  rotation = {
                    0 = xpoint3:"-0.192550837993621826171875,-0.54799592494964599609375,-0.814017593860626220703125";
                    1 = xpoint3:"-0.9089581966400146484375,-0.21297304332256317138671875,0.358381688594818115234375";
                    2 = xpoint3:"-0.3697555065155029296875,0.808914721012115478515625,-0.4570972621440887451171875";
                  }
                }
                #1 = {
                  scale = fixp:"1";
                  name = str:"pt_footprint06";
                  translation = xpoint3:"38.36400604248046875,0,0";
                  rotation = {
                    0 = xpoint3:"-0.19255135953426361083984375,-0.547996222972869873046875,-0.814017236232757568359375";
                    1 = xpoint3:"-0.908958137035369873046875,-0.2129725515842437744140625,0.3583821952342987060546875";
                    2 = xpoint3:"-0.3697554171085357666015625,0.808914601802825927734375,-0.457097470760345458984375";
                  }
                }
              }
            }
          }
          #6 = {
            scale = fixp:"1";
            name = str:"Bone54";
            translation = xpoint3:"10.1001415252685546875,-13.82979297637939453125,-5.303843021392822265625";
            rotation = {
              0 = xpoint3:"0.3103049099445343017578125,0.9121420383453369140625,-0.26590764522552490234375";
              1 = xpoint3:"-0.6515867710113525390625,0.40808975696563720703125,0.63877880573272705078125";
              2 = xpoint3:"0.691479980945587158203125,-0.024508535861968994140625,0.721700012683868408203125";
            }
            #0 = {
              scale = fixp:"1";
              name = str:"Bone55";
              translation = xpoint3:"34.82399749755859375,0,0";
              rotation = {
                0 = xpoint3:"-0.06540916860103607177734375,-0.1584530174732208251953125,0.98441255092620849609375";
                1 = xpoint3:"0.1464092433452606201171875,0.97506415843963623046875,0.16666756570339202880859375";
                2 = xpoint3:"-0.98627567291259765625,0.15526230633258819580078125,-0.0405430011451244354248046875";
              }
              #0 = {
                scale = fixp:"1";
                name = str:"Bone56";
                translation = xpoint3:"20.5406055450439453125,0,0";
                rotation = {
                  0 = xpoint3:"-0.254253089427947998046875,-0.004502348601818084716796875,-0.96618568897247314453125";
                  1 = xpoint3:"-0.07637991011142730712890625,0.99695587158203125,0.01551449857652187347412109375";
                  2 = xpoint3:"0.963172435760498046875,0.077809505164623260498046875,-0.253820478916168212890625";
                }
                #0 = {
                  scale = fixp:"1";
                  name = str:"pt_foot03";
                  translation = xpoint3:"43.4936065673828125,1.64996230602264404296875,-1.44094884395599365234375";
                  rotation = {
                    0 = xpoint3:"-0.4143138825893402099609375,0.0467906706035137176513671875,-0.908930480480194091796875";
                    1 = xpoint3:"-0.612406432628631591796875,0.7244455814361572265625,0.316444218158721923828125";
                    2 = xpoint3:"0.673277318477630615234375,0.68774211406707763671875,-0.271492898464202880859375";
                  }
                }
                #1 = {
                  scale = fixp:"1";
                  name = str:"pt_footprint07";
                  translation = xpoint3:"48.334503173828125,0,0";
                  rotation = {
                    0 = xpoint3:"0.4100315570831298828125,-0.0427383147180080413818359375,-0.911069452762603759765625";
                    1 = xpoint3:"0.6143271923065185546875,-0.725386917591094970703125,0.31050908565521240234375";
                    2 = xpoint3:"-0.674148499965667724609375,-0.68701326847076416015625,-0.2711762487888336181640625";
                  }
                }
              }
            }
          }
          #7 = {
            scale = fixp:"1";
            name = str:"Bone58";
            translation = xpoint3:"-8.66706562042236328125,-13.706508636474609375,-5.259878635406494140625";
            rotation = {
              0 = xpoint3:"-0.345335483551025390625,0.905378818511962890625,0.24306462705135345458984375";
              1 = xpoint3:"-0.64323580265045166015625,-0.417088091373443603515625,0.64049112796783447265625";
              2 = xpoint3:"0.68193757534027099609375,0.065348565578460693359375,0.728214442729949951171875";
            }
            #0 = {
              scale = fixp:"1";
              name = str:"Bone59";
              translation = xpoint3:"34.8587799072265625,0,0";
              rotation = {
                0 = xpoint3:"-0.073614649474620819091796875,-0.1708479821681976318359375,0.98175036907196044921875";
                1 = xpoint3:"-0.08576858043670654296875,0.98264777660369873046875,0.16438330709934234619140625";
                2 = xpoint3:"-0.9928073883056640625,-0.072035312652587890625,-0.08698777854442596435546875";
              }
              #0 = {
                scale = fixp:"1";
                name = str:"Bone60";
                translation = xpoint3:"20.6463947296142578125,0,0";
                rotation = {
                  0 = xpoint3:"-0.3117764294147491455078125,-0.2940323352813720703125,-0.902461588382720947265625";
                  1 = xpoint3:"-0.23267972469329833984375,0.945583343505859375,-0.22727377712726593017578125";
                  2 = xpoint3:"0.920191347599029541015625,0.13906191289424896240234375,-0.3632237911224365234375";
                }
                #0 = {
                  scale = fixp:"1";
                  name = str:"pt_foot04";
                  translation = xpoint3:"43.350341796875,-1.36592710018157958984375,-1.5713279247283935546875";
                  rotation = {
                    0 = xpoint3:"-0.39042949676513671875,-0.01167624257504940032958984375,-0.920558750629425048828125";
                    1 = xpoint3:"0.58111417293548583984375,0.77242267131805419921875,-0.25626075267791748046875";
                    2 = xpoint3:"0.714052617549896240234375,-0.63500154018402099609375,-0.2947913706302642822265625";
                  }
                }
                #1 = {
                  scale = fixp:"1";
                  name = str:"pt_footprint08";
                  translation = xpoint3:"48.257175445556640625,0,0";
                  rotation = {
                    0 = xpoint3:"-0.3904293477535247802734375,-0.0116768144071102142333984375,-0.920558869838714599609375";
                    1 = xpoint3:"0.581114232540130615234375,0.77242243289947509765625,-0.256261169910430908203125";
                    2 = xpoint3:"0.714052617549896240234375,-0.63500177860260009765625,-0.294790804386138916015625";
                  }
                }
              }
            }
          }
          #8 = {
            scale = fixp:"1";
            name = str:"Box04";
            translation = xpoint3:"0.015787012875080108642578125,8.08676815032958984375,-9.2908954620361328125";
            rotation = {
              0 = xpoint3:"0,0,-0.99999988079071044921875";
              1 = xpoint3:"0.99999988079071044921875,0,0";
              2 = xpoint3:"0,-0.99999988079071044921875,0";
            }
            #0 = {
              scale = fixp:"1";
              name = str:"Box05";
              translation = xpoint3:"22.589794158935546875,0.301701068878173828125,0";
              rotation = {
                0 = xpoint3:"0.990588843822479248046875,0.136871397495269775390625,0";
                1 = xpoint3:"-0.136871397495269775390625,0.990588843822479248046875,0";
                2 = xpoint3:"0,0,1";
              }
              #0 = {
                scale = fixp:"1";
                name = str:"pt_head01";
                translation = xpoint3:"2.624435901641845703125,-1.2223937511444091796875,0.0545437671244144439697265625";
                rotation = {
                  0 = xpoint3:"0,-0.99591362476348876953125,0.090311191976070404052734375";
                  1 = xpoint3:"0,0.09031121432781219482421875,0.995913565158843994140625";
                  2 = xpoint3:"-1,0,0";
                }
              }
            }
          }
          #9 = {
            scale = fixp:"1";
            name = str:"Box06";
            translation = xpoint3:"0.01578824408352375030517578125,4.11546802520751953125,-11.73249912261962890625";
            rotation = {
              0 = xpoint3:"0,0,-0.99999988079071044921875";
              1 = xpoint3:"0.99999988079071044921875,0,0";
              2 = xpoint3:"0,-0.99999988079071044921875,0";
            }
            #0 = {
              scale = fixp:"1";
              name = str:"Bone62";
              translation = xpoint3:"-16.9650096893310546875,14.41422557830810546875,0";
              rotation = {
                0 = xpoint3:"-0.92596530914306640625,0.37760865688323974609375,0";
                1 = xpoint3:"0.37760865688323974609375,0.92596530914306640625,0";
                2 = xpoint3:"0,0,-1";
              }
              #0 = {
                scale = fixp:"1";
                name = str:"Bone63";
                translation = xpoint3:"21.7414646148681640625,0,0";
                rotation = {
                  0 = xpoint3:"0.991168439388275146484375,0.1326090991497039794921875,0";
                  1 = xpoint3:"-0.1326090991497039794921875,0.991168439388275146484375,0";
                  2 = xpoint3:"0,0,1";
                }
                #0 = {
                  scale = fixp:"1";
                  name = str:"Bone64";
                  translation = xpoint3:"19.2703189849853515625,0,0";
                  rotation = {
                    0 = xpoint3:"0.986822426319122314453125,0.16180698573589324951171875,0";
                    1 = xpoint3:"-0.16180698573589324951171875,0.986822426319122314453125,0";
                    2 = xpoint3:"0,0,1";
                  }
                }
              }
            }
            #1 = {
              scale = fixp:"1";
              name = str:"pt_chest 01";
              translation = xpoint3:"-6.478912353515625,16.157611846923828125,0.018044762313365936279296875";
              rotation = {
                0 = xpoint3:"0.22632230818271636962890625,0.00977106578648090362548828125,-0.97400343418121337890625";
                1 = xpoint3:"0.97405230998992919921875,-0.00284896208904683589935302734375,0.226305067539215087890625";
                2 = xpoint3:"0,-0.999948203563690185546875,-0.010162337683141231536865234375";
              }
            }
          }
          #10 = {
            scale = fixp:"1";
            name = str:"Bone66";
            translation = xpoint3:"17.70195770263671875,6.04416942596435546875,-0.764547049999237060546875";
            rotation = {
              0 = xpoint3:"0.587319672107696533203125,-0.757658481597900390625,-0.2835670411586761474609375";
              1 = xpoint3:"0.4912519156932830810546875,0.61262500286102294921875,-0.618708312511444091796875";
              2 = xpoint3:"0.6427505016326904296875,0.22379015386104583740234375,0.732394278049468994140625";
            }
            #0 = {
              scale = fixp:"1";
              name = str:"Bone67";
              translation = xpoint3:"30.8684940338134765625,0,0";
              rotation = {
                0 = xpoint3:"0.3480457365512847900390625,-0.480681002140045166015625,0.80427849292755126953125";
                1 = xpoint3:"0.13850416243076324462890625,0.875398099422454833984375,0.46294057369232177734375";
                2 = xpoint3:"-0.9266793727874755859375,-0.04942856729030609130859375,0.371362209320068359375";
              }
              #0 = {
                scale = fixp:"1";
                name = str:"Bone68";
                translation = xpoint3:"34.875522613525390625,0,0";
                rotation = {
                  0 = xpoint3:"0.559417307376861572265625,-0.814491212368011474609375,0.15171325206756591796875";
                  1 = xpoint3:"-0.0453894138336181640625,-0.212074935436248779296875,-0.97529733180999755859375";
                  2 = xpoint3:"0.82725608348846435546875,0.53839504718780517578125,-0.15524671971797943115234375";
                }
                #0 = {
                  scale = fixp:"1";
                  name = str:"pt_hand01";
                  translation = xpoint3:"75.22249603271484375,0,0";
                  rotation = {
                    0 = xpoint3:"1,0,0";
                    1 = xpoint3:"0,1,0";
                    2 = xpoint3:"0,0,1";
                  }
                }
              }
            }
          }
          #11 = {
            scale = fixp:"1";
            name = str:"Bone70";
            translation = xpoint3:"-17.874050140380859375,5.97738742828369140625,-0.582452476024627685546875";
            rotation = {
              0 = xpoint3:"-0.51831543445587158203125,-0.775074422359466552734375,0.3583366572856903076171875";
              1 = xpoint3:"0.444200813770294189453125,-0.602492272853851318359375,-0.661334216594696044921875";
              2 = xpoint3:"0.72926747798919677734375,-0.18421985208988189697265625,0.658586680889129638671875";
            }
            #0 = {
              scale = fixp:"1";
              name = str:"Bone71";
              translation = xpoint3:"30.5149364471435546875,0,0";
              rotation = {
                0 = xpoint3:"0.16163019835948944091796875,0.50690877437591552734375,0.84599196910858154296875";
                1 = xpoint3:"-0.05948995053768157958984375,0.861330807209014892578125,-0.50435006618499755859375";
                2 = xpoint3:"-0.98443889617919921875,0.03084661066532135009765625,0.1694793701171875";
              }
              #0 = {
                scale = fixp:"1";
                name = str:"Bone72";
                translation = xpoint3:"35.052051544189453125,0,0";
                rotation = {
                  0 = xpoint3:"0.477184295654296875,0.834941387176513671875,0.2727807462215423583984375";
                  1 = xpoint3:"0.0875466167926788330078125,-0.3531968891620635986328125,0.93038904666900634765625";
                  2 = xpoint3:"0.87399768829345703125,-0.4197154343128204345703125,-0.24117563664913177490234375";
                }
                #0 = {
                  scale = fixp:"1";
                  name = str:"pt_hand02";
                  translation = xpoint3:"75.31151580810546875,0,0";
                  rotation = {
                    0 = xpoint3:"1,0,0";
                    1 = xpoint3:"0,1,0";
                    2 = xpoint3:"0,0,1";
                  }
                }
              }
            }
          }
          #12 = {
            scale = fixp:"1";
            name = str:"pt_center01";
            translation = xpoint3:"-0.15836910903453826904296875,3.0939810276031494140625,-18.9601268768310546875";
            rotation = {
              0 = xpoint3:"1,0,0";
              1 = xpoint3:"0,0.974180281162261962890625,-0.22577150166034698486328125";
              2 = xpoint3:"0,0.22577150166034698486328125,0.974180281162261962890625";
            }
          }
          #13 = {
            scale = fixp:"1";
            name = str:"pt_cast01";
            translation = xpoint3:"-0.0406684540212154388427734375,21.1011295318603515625,-14.85843658447265625";
            rotation = {
              0 = xpoint3:"1,0,0";
              1 = xpoint3:"0,0.974180161952972412109375,-0.22577191889286041259765625";
              2 = xpoint3:"0,0.22577191889286041259765625,0.974180161952972412109375";
            }
          }
          #14 = {
            scale = fixp:"1";
            name = str:"pt_aim01";
            translation = xpoint3:"0.078444577753543853759765625,-6.155331134796142578125,-3.7641599178314208984375";
            rotation = {
              0 = xpoint3:"1,0,0";
              1 = xpoint3:"0,-0.97417986392974853515625,0.225773394107818603515625";
              2 = xpoint3:"0,-0.225773394107818603515625,-0.97417986392974853515625";
            }
          }
        }
        #1 = {
          scale = fixp:"1";
          name = str:"pt_ground01";
          translation = xpoint3:"0,0,0";
          rotation = {
            0 = xpoint3:"1,0,0";
            1 = xpoint3:"0,-1,0";
            2 = xpoint3:"0,0,-1";
          }
        }
        #2 = {
          scale = fixp:"1";
          name = str:"pt_top01";
          translation = xpoint3:"-0.90178775787353515625,0.44316732883453369140625,-125.3089752197265625";
          rotation = {
            0 = xpoint3:"0,0,1";
            1 = xpoint3:"0,1,0";
            2 = xpoint3:"-1,0,0";
          }
        }
      }
      #1 = {
        scale = fixp:"1";
        name = str:"Circle03";
        translation = xpoint3:"-92.244293212890625,52.61789703369140625,0";
        rotation = {
          0 = xpoint3:"-0.4999999105930328369140625,-0.866025447845458984375,0";
          1 = xpoint3:"-0.866025447845458984375,0.4999999105930328369140625,0";
          2 = xpoint3:"0,0,-1";
        }
        #0 = {
          scale = fixp:"1";
          name = str:"Bip03";
          translation = xpoint3:"-0.01579019986093044281005859375,0.011807403527200222015380859375,-45.566799163818359375";
          rotation = {
            0 = xpoint3:"1,0,0";
            1 = xpoint3:"0,1,0";
            2 = xpoint3:"0,0,1";
          }
          #0 = {
            scale = fixp:"1";
            name = str:"Bone74";
            translation = xpoint3:"-17.1867198944091796875,5.51476383209228515625,-13.0919055938720703125";
            rotation = {
              0 = xpoint3:"-0.32471382617950439453125,0.915491998195648193359375,0.2334797084331512451171875";
              1 = xpoint3:"-0.863315999507904052734375,-0.387746274471282958984375,0.3198814690113067626953125";
              2 = xpoint3:"0.3838277757167816162109375,-0.097535483539104461669921875,0.918174445629119873046875";
            }
          }
          #1 = {
            scale = fixp:"1";
            name = str:"Bone76";
            translation = xpoint3:"-20.099399566650390625,-3.22327709197998046875,-18.575260162353515625";
            rotation = {
              0 = xpoint3:"-0.098718516528606414794921875,0.993902742862701416015625,0.02859028615057468414306640625";
              1 = xpoint3:"-0.992059051990509033203125,-0.1003859341144561767578125,0.06437861919403076171875";
              2 = xpoint3:"0.066925458610057830810546875,-0.02197712101042270660400390625,0.99751412868499755859375";
            }
          }
          #2 = {
            scale = fixp:"1";
            name = str:"Bone78";
            translation = xpoint3:"16.794528961181640625,5.19112491607666015625,-13.1251811981201171875";
            rotation = {
              0 = xpoint3:"0.3405400812625885009765625,0.909095466136932373046875,-0.237951457500457763671875";
              1 = xpoint3:"-0.860758483409881591796875,0.4033689200878143310546875,0.309067189693450927734375";
              2 = xpoint3:"0.377054750919342041015625,0.09986568987369537353515625,0.92072880268096923828125";
            }
          }
          #3 = {
            scale = fixp:"1";
            name = str:"Bone80";
            translation = xpoint3:"20.35446929931640625,-2.8996474742889404296875,-18.732830047607421875";
            rotation = {
              0 = xpoint3:"0.089621067047119140625,0.994804441928863525390625,-0.031797416508197784423828125";
              1 = xpoint3:"-0.992514669895172119140625,0.091717891395092010498046875,0.07200197875499725341796875";
              2 = xpoint3:"0.07457531988620758056640625,0.025177024304866790771484375,0.996895253658294677734375";
            }
          }
          #4 = {
            scale = fixp:"1";
            name = str:"Bone82";
            translation = xpoint3:"6.119218349456787109375,13.875598907470703125,3.11314868927001953125";
            rotation = {
              0 = xpoint3:"0.41329896450042724609375,-0.8885402679443359375,-0.19705045223236083984375";
              1 = xpoint3:"0.73670136928558349609375,0.4538008272647857666015625,-0.500543117523193359375";
              2 = xpoint3:"0.534419119358062744140625,0.0613880157470703125,0.842852115631103515625";
            }
            #0 = {
              scale = fixp:"1";
              name = str:"Bone83";
              translation = xpoint3:"27.460926055908203125,0,0";
              rotation = {
                0 = xpoint3:"0.657229959964752197265625,0.2708518505096435546875,0.7029869556427001953125";
                1 = xpoint3:"0.15264369547367095947265625,0.86601924896240234375,-0.475937187671661376953125";
                2 = xpoint3:"-0.7377338409423828125,0.420066177845001220703125,0.527833282947540283203125";
              }
              #0 = {
                scale = fixp:"1";
                name = str:"Bone84";
                translation = xpoint3:"16.18529510498046875,0,0";
                rotation = {
                  0 = xpoint3:"0.2927030026912689208984375,-0.722442805767059326171875,-0.6255996227264404296875";
                  1 = xpoint3:"0.502209246158599853515625,0.67325747013092041015625,-0.54225099086761474609375";
                  2 = xpoint3:"0.8130710124969482421875,-0.155970036983489990234375,0.560313165187835693359375";
                }
                #0 = {
                  scale = fixp:"1";
                  name = str:"pt_foot05";
                  translation = xpoint3:"33.310871124267578125,-2.206309795379638671875,-1.88492071628570556640625";
                  rotation = {
                    0 = xpoint3:"-0.8449003696441650390625,-0.19948591291904449462890625,0.4963352382183074951171875";
                    1 = xpoint3:"-0.4040949642658233642578125,0.845989406108856201171875,-0.347863733768463134765625";
                    2 = xpoint3:"-0.3505004346370697021484375,-0.494476795196533203125,-0.795388042926788330078125";
                  }
                }
                #1 = {
                  scale = fixp:"1";
                  name = str:"pt_footprint09";
                  translation = xpoint3:"37.856494903564453125,0,0";
                  rotation = {
                    0 = xpoint3:"0.2006398737430572509765625,-0.499278724193572998046875,-0.8428905010223388671875";
                    1 = xpoint3:"-0.841674268245697021484375,0.352436065673828125,-0.4091127216815948486328125";
                    2 = xpoint3:"0.5013263225555419921875,0.791523516178131103515625,-0.349517345428466796875";
                  }
                }
              }
            }
          }
          #5 = {
            scale = fixp:"1";
            name = str:"Bone86";
            translation = xpoint3:"-6.3922595977783203125,13.87559986114501953125,2.89814853668212890625";
            rotation = {
              0 = xpoint3:"-0.423373639583587646484375,-0.88417530059814453125,0.19215379655361175537109375";
              1 = xpoint3:"0.71486568450927734375,-0.45679008960723876953125,-0.527442455291748046875";
              2 = xpoint3:"0.55466747283935546875,-0.0863865315914154052734375,0.827424228191375732421875";
            }
            #0 = {
              scale = fixp:"1";
              name = str:"Bone87";
              translation = xpoint3:"27.459259033203125,0,0";
              rotation = {
                0 = xpoint3:"0.64937150478363037109375,-0.2684470117092132568359375,0.711156785488128662109375";
                1 = xpoint3:"-0.0700159370899200439453125,0.910536944866180419921875,0.4072965085506439208984375";
                2 = xpoint3:"-0.756905257701873779296875,-0.3142115175724029541015625,0.572490274906158447265625";
              }
              #0 = {
                scale = fixp:"1";
                name = str:"Bone88";
                translation = xpoint3:"15.91153812408447265625,0,0";
                rotation = {
                  0 = xpoint3:"0.3357090055942535400390625,0.6866919994354248046875,-0.644041478633880615234375";
                  1 = xpoint3:"-0.4878508746623992919921875,0.711994111537933349609375,0.504626572132110595703125";
                  2 = xpoint3:"0.805193722248077392578125,0.14526011049747467041015625,0.5744082927703857421875";
                }
                #0 = {
                  scale = fixp:"1";
                  name = str:"pt_foot06";
                  translation = xpoint3:"34.00255584716796875,1.9201679229736328125,-2.4490926265716552734375";
                  rotation = {
                    0 = xpoint3:"-0.192550837993621826171875,-0.547995865345001220703125,-0.81401765346527099609375";
                    1 = xpoint3:"-0.908958256244659423828125,-0.21297304332256317138671875,0.358381688594818115234375";
                    2 = xpoint3:"-0.3697555065155029296875,0.808914721012115478515625,-0.45709717273712158203125";
                  }
                }
                #1 = {
                  scale = fixp:"1";
                  name = str:"pt_footprint10";
                  translation = xpoint3:"38.36400604248046875,0,0";
                  rotation = {
                    0 = xpoint3:"-0.1925512850284576416015625,-0.547996222972869873046875,-0.814017236232757568359375";
                    1 = xpoint3:"-0.908958137035369873046875,-0.21297262609004974365234375,0.3583821356296539306640625";
                    2 = xpoint3:"-0.3697554767131805419921875,0.80891454219818115234375,-0.4570975005626678466796875";
                  }
                }
              }
            }
          }
          #6 = {
            scale = fixp:"1";
            name = str:"Bone90";
            translation = xpoint3:"10.1001415252685546875,-13.82979297637939453125,-5.303843021392822265625";
            rotation = {
              0 = xpoint3:"0.310304701328277587890625,0.9121472835540771484375,-0.2658898830413818359375";
              1 = xpoint3:"-0.6515872478485107421875,0.408077180385589599609375,0.63878631591796875";
              2 = xpoint3:"0.69147968292236328125,-0.0245222151279449462890625,0.72169983386993408203125";
            }
            #0 = {
              scale = fixp:"1";
              name = str:"Bone91";
              translation = xpoint3:"34.824001312255859375,0,0";
              rotation = {
                0 = xpoint3:"-0.06540882587432861328125,-0.15845398604869842529296875,0.9844124317169189453125";
                1 = xpoint3:"0.14642889797687530517578125,0.975060880184173583984375,0.16666926443576812744140625";
                2 = xpoint3:"-0.9862728118896484375,0.15528167784214019775390625,-0.040539197623729705810546875";
              }
              #0 = {
                scale = fixp:"1";
                name = str:"Bone92";
                translation = xpoint3:"20.5406017303466796875,0,0";
                rotation = {
                  0 = xpoint3:"-0.254253089427947998046875,-0.004502408206462860107421875,-0.96618568897247314453125";
                  1 = xpoint3:"-0.07637991011142730712890625,0.99695587158203125,0.01551443524658679962158203125";
                  2 = xpoint3:"0.963172435760498046875,0.077809490263462066650390625,-0.253820478916168212890625";
                }
                #0 = {
                  scale = fixp:"1";
                  name = str:"pt_foot07";
                  translation = xpoint3:"43.4936065673828125,1.649973392486572265625,-1.4409439563751220703125";
                  rotation = {
                    0 = xpoint3:"-0.414313852787017822265625,0.0467907525599002838134765625,-0.908930480480194091796875";
                    1 = xpoint3:"-0.6124064922332763671875,0.724445521831512451171875,0.3164442479610443115234375";
                    2 = xpoint3:"0.673277318477630615234375,0.687742173671722412109375,-0.271492898464202880859375";
                  }
                }
                #1 = {
                  scale = fixp:"1";
                  name = str:"pt_footprint11";
                  translation = xpoint3:"48.334503173828125,0,0";
                  rotation = {
                    0 = xpoint3:"0.4100315868854522705078125,-0.0427383072674274444580078125,-0.911069452762603759765625";
                    1 = xpoint3:"0.614327251911163330078125,-0.7253868579864501953125,0.3105091154575347900390625";
                    2 = xpoint3:"-0.67414844036102294921875,-0.687013328075408935546875,-0.27117621898651123046875";
                  }
                }
              }
            }
          }
          #7 = {
            scale = fixp:"1";
            name = str:"Bone94";
            translation = xpoint3:"-8.66706943511962890625,-13.70651340484619140625,-5.259878635406494140625";
            rotation = {
              0 = xpoint3:"-0.3453352451324462890625,0.90537822246551513671875,0.2430665493011474609375";
              1 = xpoint3:"-0.6432354450225830078125,-0.4170891940593719482421875,0.64049053192138671875";
              2 = xpoint3:"0.681937873363494873046875,0.0653471648693084716796875,0.728214263916015625";
            }
            #0 = {
              scale = fixp:"1";
              name = str:"Bone95";
              translation = xpoint3:"34.858783721923828125,0,0";
              rotation = {
                0 = xpoint3:"-0.073615603148937225341796875,-0.170848906040191650390625,0.981750071048736572265625";
                1 = xpoint3:"-0.085766971111297607421875,0.98264777660369873046875,0.164384305477142333984375";
                2 = xpoint3:"-0.992807447910308837890625,-0.072033464908599853515625,-0.086988516151905059814453125";
              }
              #0 = {
                scale = fixp:"1";
                name = str:"Bone96";
                translation = xpoint3:"20.6463909149169921875,0,0";
                rotation = {
                  0 = xpoint3:"-0.31177675724029541015625,-0.2940323054790496826171875,-0.902461469173431396484375";
                  1 = xpoint3:"-0.2326799333095550537109375,0.945583283901214599609375,-0.2272736132144927978515625";
                  2 = xpoint3:"0.920191109180450439453125,0.13906204700469970703125,-0.3632241785526275634765625";
                }
                #0 = {
                  scale = fixp:"1";
                  name = str:"pt_foot08";
                  translation = xpoint3:"43.350341796875,-1.36592924594879150390625,-1.57132804393768310546875";
                  rotation = {
                    0 = xpoint3:"-0.3904294669628143310546875,-0.01167615316808223724365234375,-0.920558750629425048828125";
                    1 = xpoint3:"0.58111417293548583984375,0.77242267131805419921875,-0.256260693073272705078125";
                    2 = xpoint3:"0.714052617549896240234375,-0.635001480579376220703125,-0.2947913706302642822265625";
                  }
                }
                #1 = {
                  scale = fixp:"1";
                  name = str:"pt_footprint12";
                  translation = xpoint3:"48.257183074951171875,0,0";
                  rotation = {
                    0 = xpoint3:"-0.3904293477535247802734375,-0.0116768144071102142333984375,-0.920558869838714599609375";
                    1 = xpoint3:"0.581114232540130615234375,0.77242243289947509765625,-0.256261169910430908203125";
                    2 = xpoint3:"0.714052617549896240234375,-0.63500177860260009765625,-0.294790804386138916015625";
                  }
                }
              }
            }
          }
          #8 = {
            scale = fixp:"1";
            name = str:"Box07";
            translation = xpoint3:"0.01578802429139614105224609375,8.08676052093505859375,-9.2908954620361328125";
            rotation = {
              0 = xpoint3:"0,0,-0.99999988079071044921875";
