model = {
  file = str:"data\models\units\onehandmutant\onehandmutant.nif";
  animation = {
    loop = fixp:"0";
    duration = fixp:"20.233333587646484375";
  }
  #1 = {
    scale = fixp:"1";
    name = str:"ROOT";
    translation = xpoint3:"0,0,0";
    rotation = {
      0 = xpoint3:"1,0,0";
      1 = xpoint3:"0,1,0";
      2 = xpoint3:"0,0,1";
    }
    #0 = {
      scale = fixp:"1";
      name = str:"Bip01";
      translation = xpoint3:"0.0621440410614013671875,-4.81892681121826171875,191.8616790771484375";
      rotation = {
        0 = xpoint3:"0,1,0";
        1 = xpoint3:"-1,0,0";
        2 = xpoint3:"0,0,1";
      }
      #0 = {
        scale = fixp:"1";
        name = str:"Bip01 Pelvis01";
        translation = xpoint3:"0,0,0";
        rotation = {
          0 = xpoint3:"0,1,0";
          1 = xpoint3:"0,0,1";
          2 = xpoint3:"1,0,0";
        }
        #0 = {
          scale = fixp:"1";
          name = str:"Bip01 Spine02";
          translation = xpoint3:"19.837665557861328125,-0.0456086806952953338623046875,0";
          rotation = {
            0 = xpoint3:"0.9970366954803466796875,0.076927401125431060791015625,0";
            1 = xpoint3:"-0.076927401125431060791015625,0.9970366954803466796875,0";
            2 = xpoint3:"0,0,1";
          }
          #0 = {
            scale = fixp:"1";
            name = str:"Bip01 Spine03";
            translation = xpoint3:"57.441555023193359375,-0.0457090474665164947509765625,0";
            rotation = {
              0 = xpoint3:"0.99786376953125,-0.06532923877239227294921875,0";
              1 = xpoint3:"0.06532923877239227294921875,0.99786376953125,0";
              2 = xpoint3:"0,0,1";
            }
            #0 = {
              scale = fixp:"1";
              name = str:"Bip01 Neck01";
              translation = xpoint3:"57.62261199951171875,-0.0054048136807978153228759765625,0";
              rotation = {
                0 = xpoint3:"0.187592983245849609375,-0.982246816158294677734375,0";
                1 = xpoint3:"0.982246816158294677734375,0.187592983245849609375,0";
                2 = xpoint3:"0,0,1";
              }
              #0 = {
                scale = fixp:"1";
                name = str:"Bip01 Head01";
                translation = xpoint3:"36.197101593017578125,0,0";
                rotation = {
                  0 = xpoint3:"0.27338397502899169921875,0.961905002593994140625,0";
                  1 = xpoint3:"-0.961905002593994140625,0.27338397502899169921875,0";
                  2 = xpoint3:"0,0,1";
                }
                #0 = {
                  scale = fixp:"1";
                  name = str:"pt_head";
                  translation = xpoint3:"28.0470829010009765625,1.74925172328948974609375,-0.06217955052852630615234375";
                  rotation = {
                    0 = xpoint3:"0,-0.076496459543704986572265625,0.997069835662841796875";
                    1 = xpoint3:"0,-0.997069835662841796875,-0.076496459543704986572265625";
                    2 = xpoint3:"1,0,0";
                  }
                }
              }
              #1 = {
                scale = fixp:"1";
                name = str:"Bip01 R Clavicle01";
                translation = xpoint3:"0,0.02887410484254360198974609375,-7.753019809722900390625";
                rotation = {
                  0 = xpoint3:"-0.2871930301189422607421875,-0.94774329662322998046875,-0.138934612274169921875";
                  1 = xpoint3:"0.122601807117462158203125,-0.1802221834659576416015625,0.975955307483673095703125";
                  2 = xpoint3:"-0.94999420642852783203125,0.2632539272308349609375,0.16795359551906585693359375";
                }
                #0 = {
                  scale = fixp:"1";
                  name = str:"Bip01 R UpperArm01";
                  translation = xpoint3:"74.2927398681640625,0,0";
                  rotation = {
                    0 = xpoint3:"0.665917098522186279296875,0.08567179739475250244140625,-0.74076306819915771484375";
                    1 = xpoint3:"0.18828131258487701416015625,0.941925108432769775390625,0.27792608737945556640625";
                    2 = xpoint3:"0.72153985500335693359375,-0.324581444263458251953125,0.61111605167388916015625";
                  }
                  #0 = {
                    scale = fixp:"1";
                    name = str:"Bip01 R Forearm01";
                    translation = xpoint3:"66.7828521728515625,0,0";
                    rotation = {
                      0 = xpoint3:"0.767837941646575927734375,0.6403810977935791015625,0";
                      1 = xpoint3:"-0.6403810977935791015625,0.767837941646575927734375,0";
                      2 = xpoint3:"0,0,1";
                    }
                    #0 = {
                      scale = fixp:"1";
                      name = str:"Bip01 R Hand01";
                      translation = xpoint3:"72.11346435546875,0,0";
                      rotation = {
                        0 = xpoint3:"0.907340526580810546875,-0.298712790012359619140625,0.295583069324493408203125";
                        1 = xpoint3:"0.23509061336517333984375,-0.2213482558727264404296875,-0.9454972743988037109375";
                        2 = xpoint3:"0.34832608699798583984375,0.9273636341094970703125,-0.1304805278778076171875";
                      }
                      #0 = {
                        scale = fixp:"1";
                        name = str:"Bip01 R Finger05";
                        translation = xpoint3:"22.7189579010009765625,7.05774021148681640625,21.803226470947265625";
                        rotation = {
                          0 = xpoint3:"0.6020071506500244140625,0.4067352712154388427734375,-0.687134563922882080078125";
                          1 = xpoint3:"0.60204637050628662109375,0.3340786397457122802734375,0.725211560726165771484375";
                          2 = xpoint3:"0.524526059627532958984375,-0.850269377231597900390625,-0.0437557399272918701171875";
                        }
                        #0 = {
                          scale = fixp:"1";
                          name = str:"Bip01 R Finger06";
                          translation = xpoint3:"21.7685298919677734375,0,0";
                          rotation = {
                            0 = xpoint3:"0.515559852123260498046875,-0.85685360431671142578125,0";
                            1 = xpoint3:"0.85685360431671142578125,0.515559852123260498046875,0";
                            2 = xpoint3:"0,0,1";
                          }
                        }
                      }
                      #1 = {
                        scale = fixp:"1";
                        name = str:"Bip01 R Finger07";
                        translation = xpoint3:"44.6544647216796875,1.213116168975830078125,11.0463542938232421875";
                        rotation = {
                          0 = xpoint3:"0.94457042217254638671875,-0.321688592433929443359375,-0.065598167479038238525390625";
                          1 = xpoint3:"0.321269571781158447265625,0.9468328952789306640625,-0.01712872646749019622802734375";
                          2 = xpoint3:"0.067620612680912017822265625,-0.0048954035155475139617919921875,0.997699081897735595703125";
                        }
                        #0 = {
                          scale = fixp:"1";
                          name = str:"Bip01 R Finger08";
                          translation = xpoint3:"19.4617671966552734375,0,0";
                          rotation = {
                            0 = xpoint3:"0.245598614215850830078125,-0.969371616840362548828125,0";
                            1 = xpoint3:"0.969371616840362548828125,0.245598614215850830078125,0";
                            2 = xpoint3:"0,0,1";
                          }
                        }
                      }
                      #2 = {
                        scale = fixp:"1";
                        name = str:"Bip01 R Finger09";
                        translation = xpoint3:"45.542621612548828125,1.78221023082733154296875,-5.20191192626953125";
                        rotation = {
                          0 = xpoint3:"0.4160497188568115234375,-0.890268266201019287109375,0.18527008593082427978515625";
                          1 = xpoint3:"0.903462231159210205078125,0.3815579116344451904296875,-0.19537036120891571044921875";
                          2 = xpoint3:"0.10324077308177947998046875,0.24866829812526702880859375,0.963070809841156005859375";
                        }
                        #0 = {
                          scale = fixp:"1";
                          name = str:"Bip01 R Finger10";
                          translation = xpoint3:"20.8984851837158203125,0,0";
                          rotation = {
                            0 = xpoint3:"0.46223580837249755859375,-0.88675701618194580078125,0";
                            1 = xpoint3:"0.88675701618194580078125,0.46223580837249755859375,0";
                            2 = xpoint3:"0,0,1";
                          }
                        }
                      }
                      #3 = {
                        scale = fixp:"1";
                        name = str:"Bip01 R Finger12";
                        translation = xpoint3:"41.30797576904296875,7.905930042266845703125,-17.001338958740234375";
                        rotation = {
                          0 = xpoint3:"0.34534084796905517578125,-0.84502315521240234375,0.4082591533660888671875";
                          1 = xpoint3:"0.93551766872406005859375,0.275449216365814208984375,-0.2212111949920654296875";
                          2 = xpoint3:"0.07447393238544464111328125,0.45832693576812744140625,0.885657966136932373046875";
                        }
                        #0 = {
                          scale = fixp:"1";
                          name = str:"Bip01 R Finger13";
                          translation = xpoint3:"18.57466888427734375,0,0";
                          rotation = {
                            0 = xpoint3:"0.706815302371978759765625,-0.70727252960205078125,0.013331192545592784881591796875";
                            1 = xpoint3:"0.7072632312774658203125,0.706923067569732666015625,0.0062078651972115039825439453125";
                            2 = xpoint3:"-0.013814779929816722869873046875,0.0050408481620252132415771484375,0.99989187717437744140625";
                          }
                        }
                      }
                      #4 = {
                        scale = fixp:"1";
                        name = str:"Bip01 R Finger14";
                        translation = xpoint3:"35.6588592529296875,8.06156444549560546875,-23.8896770477294921875";
                        rotation = {
                          0 = xpoint3:"0.5336081981658935546875,-0.4810903072357177734375,0.695567667484283447265625";
                          1 = xpoint3:"0.75091159343719482421875,0.64788877964019775390625,-0.12795238196849822998046875";
                          2 = xpoint3:"-0.389093816280364990234375,0.59058630466461181640625,0.70697510242462158203125";
                        }
                        #0 = {
                          scale = fixp:"1";
                          name = str:"Bip01 R Finger15";
                          translation = xpoint3:"11.75058650970458984375,0,0";
                          rotation = {
                            0 = xpoint3:"0.77621090412139892578125,-0.630473315715789794921875,0";
                            1 = xpoint3:"0.630473315715789794921875,0.77621090412139892578125,0";
                            2 = xpoint3:"0,0,1";
                          }
                        }
                      }
                      #5 = {
                        scale = fixp:"1";
                        name = str:"Bone01";
                        translation = xpoint3:"35.24019622802734375,19.499340057373046875,9.71537876129150390625";
                        rotation = {
                          0 = xpoint3:"0.64539110660552978515625,0.72859084606170654296875,-0.2294029295444488525390625";
                          1 = xpoint3:"-0.2026503384113311767578125,0.452880322933197021484375,0.868235111236572265625";
                          2 = xpoint3:"0.736480236053466796875,-0.51386260986328125,0.43993413448333740234375";
                        }
                      }
                      #6 = {
                        scale = fixp:"1";
                        name = str:"pt_hand";
                        translation = xpoint3:"20.6603527069091796875,2.4258708953857421875,-0.75961339473724365234375";
                        rotation = {
                          0 = xpoint3:"-0.12912927567958831787109375,-0.102384030818939208984375,-0.986328125";
                          1 = xpoint3:"0.990693032741546630859375,-0.05649696290493011474609375,-0.12383615970611572265625";
                          2 = xpoint3:"-0.043045692145824432373046875,-0.9931392669677734375,0.108726553618907928466796875";
                        }
                      }
                    }
                  }
                }
              }
              #2 = {
                scale = fixp:"1";
                name = str:"Bip01 L Clavicle01";
                translation = xpoint3:"0,0.0287944190204143524169921875,7.753080844879150390625";
                rotation = {
                  0 = xpoint3:"-0.2871927917003631591796875,-0.94774329662322998046875,0.13893504440784454345703125";
                  1 = xpoint3:"0.122595600783824920654296875,-0.18022085726261138916015625,-0.97595632076263427734375";
                  2 = xpoint3:"0.9499950408935546875,-0.263254821300506591796875,0.16794727742671966552734375";
                }
                #0 = {
                  scale = fixp:"1";
                  name = str:"Bip01 L UpperArm01";
                  translation = xpoint3:"74.29270172119140625,0,0";
                  rotation = {
                    0 = xpoint3:"0.4927909672260284423828125,0.20468564331531524658203125,0.8452956676483154296875";
                    1 = xpoint3:"0.01579423248767852783203125,0.96966898441314697265625,-0.24382071197032928466796875";
                    2 = xpoint3:"-0.8695812225341796875,0.13342334330081939697265625,0.4746201038360595703125";
                  }
                  #0 = {
                    scale = fixp:"1";
                    name = str:"Bip01 L Forearm01";
                    translation = xpoint3:"66.78285980224609375,0,0";
                    rotation = {
                      0 = xpoint3:"0.87757647037506103515625,0.4792513549327850341796875,0";
                      1 = xpoint3:"-0.4792513549327850341796875,0.87757647037506103515625,0";
                      2 = xpoint3:"0,0,1";
                    }
                    #0 = {
                      scale = fixp:"1";
                      name = str:"Bip01 L Hand01";
                      translation = xpoint3:"49.704433441162109375,0,0";
                      rotation = {
                        0 = xpoint3:"0.97365868091583251953125,0.18380463123321533203125,-0.1347829401493072509765625";
                        1 = xpoint3:"0.0726521015167236328125,0.3107262551784515380859375,0.947190940380096435546875";
                        2 = xpoint3:"0.21603763103485107421875,-0.932021915912628173828125,0.2891910076141357421875";
                      }
                      #0 = {
                        scale = fixp:"1";
                        name = str:"Bone03";
                        translation = xpoint3:"6.737040996551513671875,2.3607463836669921875,-1.37876451015472412109375";
                        rotation = {
                          0 = xpoint3:"0.68299388885498046875,0.616113483905792236328125,0.3917440474033355712890625";
                          1 = xpoint3:"0.603312909603118896484375,-0.77698838710784912109375,0.17240558564662933349609375";
                          2 = xpoint3:"0.4111846387386322021484375,0.11880357563495635986328125,-0.902248442173004150390625";
                        }
                        #0 = {
                          scale = fixp:"1";
                          name = str:"Bone04";
                          translation = xpoint3:"22.0278377532958984375,0,0";
                          rotation = {
                            0 = xpoint3:"1,0,0";
                            1 = xpoint3:"0,1,0";
                            2 = xpoint3:"0,0,1";
                          }
                          #0 = {
                            scale = fixp:"1";
                            name = str:"Bone05";
                            translation = xpoint3:"21.5782642364501953125,0,0";
                            rotation = {
                              0 = xpoint3:"0.958225309848785400390625,-0.0540629364550113677978515625,-0.2807504236698150634765625";
                              1 = xpoint3:"0.0518783815205097198486328125,0.99853646755218505859375,-0.015212975442409515380859375";
                              2 = xpoint3:"0.2811622917652130126953125,0,0.959629714488983154296875";
                            }
                            #0 = {
                              scale = fixp:"1";
                              name = str:"Bone06";
                              translation = xpoint3:"22.25260162353515625,0,0";
                              rotation = {
                                0 = xpoint3:"0.9999983310699462890625,0.00119455181993544101715087890625,-0.00137706124223768711090087890625";
                                1 = xpoint3:"-0.00119455181993544101715087890625,0.9999992847442626953125,0";
                                2 = xpoint3:"0.0013770614750683307647705078125,0,0.99999904632568359375";
                              }
                              #0 = {
                                scale = fixp:"1";
                                name = str:"Bone07";
                                translation = xpoint3:"22.0278377532958984375,0,0";
                                rotation = {
                                  0 = xpoint3:"1,0,0";
                                  1 = xpoint3:"0,1,0";
                                  2 = xpoint3:"0,0,1";
                                }
                                #0 = {
                                  scale = fixp:"1";
                                  name = str:"Bone08";
                                  translation = xpoint3:"21.8030452728271484375,0,0";
                                  rotation = {
                                    0 = xpoint3:"0.996789872646331787109375,0.077298752963542938232421875,-0.02074074558913707733154296875";
                                    1 = xpoint3:"-0.077281378209590911865234375,0.99700582027435302734375,0.0016393824480473995208740234375";
                                    2 = xpoint3:"0.02080541290342807769775390625,0,0.99978339672088623046875";
                                  }
                                  #0 = {
                                    scale = fixp:"1";
                                    name = str:"Bone09";
                                    translation = xpoint3:"22.7032623291015625,0,0";
                                    rotation = {
                                      0 = xpoint3:"0.7812569141387939453125,0.620816290378570556640625,-0.0625080764293670654296875";
                                      1 = xpoint3:"-0.621190726757049560546875,0.783302605152130126953125,0.0156422369182109832763671875";
                                      2 = xpoint3:"0.0586709119379520416259765625,0.02663950622081756591796875,0.997920334339141845703125";
                                    }
                                    #0 = {
                                      scale = fixp:"1";
                                      name = str:"Bone10";
                                      translation = xpoint3:"20.68129730224609375,0,0";
                                      rotation = {
                                        0 = xpoint3:"0.690389811992645263671875,-0.723126947879791259765625,0";
                                        1 = xpoint3:"0.723126947879791259765625,0.690389811992645263671875,0";
                                        2 = xpoint3:"0,0,1";
                                      }
                                      #0 = {
                                        scale = fixp:"1";
                                        name = str:"Bone11";
                                        translation = xpoint3:"22.9271984100341796875,0,0";
                                        rotation = {
                                          0 = xpoint3:"0.4395558834075927734375,-0.87286484241485595703125,0.2099626958370208740234375";
                                          1 = xpoint3:"0.78746509552001953125,0.4871989786624908447265625,0.376552402973175048828125";
                                          2 = xpoint3:"-0.4311334192752838134765625,0,0.9022095203399658203125";
                                        }
                                        #0 = {
                                          scale = fixp:"1";
                                          name = str:"Bone12";
                                          translation = xpoint3:"21.8030452728271484375,0,0";
                                          rotation = {
                                            0 = xpoint3:"0.8676702976226806640625,0.3637550175189971923828125,0.3385830819606781005859375";
                                            1 = xpoint3:"-0.3919708430767059326171875,0.919770419597625732421875,0.016273416578769683837890625";
                                            2 = xpoint3:"-0.3054751455783843994140625,-0.146929442882537841796875,0.940750062465667724609375";
                                          }
                                          #0 = {
                                            scale = fixp:"1";
                                            name = str:"Bone13";
                                            translation = xpoint3:"21.803043365478515625,0,0";
                                            rotation = {
                                              0 = xpoint3:"0.633586466312408447265625,-0.773303806781768798828125,0.006145584397017955780029296875";
                                              1 = xpoint3:"0.773267328739166259765625,0.633616268634796142578125,0.00750594399869441986083984375";
                                              2 = xpoint3:"-0.009700897149741649627685546875,0,0.99995291233062744140625";
                                            }
                                            #0 = {
                                              scale = fixp:"1";
                                              name = str:"Bone14";
                                              translation = xpoint3:"21.804210662841796875,0,0";
                                              rotation = {
                                                0 = xpoint3:"0.680539667606353759765625,-0.4802620112895965576171875,-0.55294716358184814453125";
                                                1 = xpoint3:"0.3725773990154266357421875,0.87702333927154541015625,-0.30304729938507080078125";
                                                2 = xpoint3:"0.63054597377777099609375,0,0.775942385196685791015625";
                                              }
                                              #0 = {
                                                scale = fixp:"1";
                                                name = str:"Bone15";
                                                translation = xpoint3:"23.830242156982421875,0,0";
                                                rotation = {
                                                  0 = xpoint3:"0.56189250946044921875,-0.7784550189971923828125,0.278655529022216796875";
                                                  1 = xpoint3:"-0.3499580919742584228515625,0.08222489058971405029296875,0.932435810565948486328125";
                                                  2 = xpoint3:"-0.7491130828857421875,-0.621220648288726806640625,-0.226130902767181396484375";
                                                }
                                                #0 = {
                                                  scale = fixp:"1";
                                                  name = str:"pt_metal_ball";
                                                  translation = xpoint3:"35.72237396240234375,0.789947509765625,1.80554735660552978515625";
                                                  rotation = {
                                                    0 = xpoint3:"0.75486338138580322265625,0.601074695587158203125,0.26246988773345947265625";
                                                    1 = xpoint3:"-0.65091383457183837890625,0.7357070446014404296875,0.18720673024654388427734375";
                                                    2 = xpoint3:"-0.0805757045745849609375,-0.312160789966583251953125,0.946606159210205078125";
                                                  }
                                                }
                                              }
                                            }
                                          }
                                        }
                                      }
                                    }
                                  }
                                }
                              }
                            }
                          }
                        }
                      }
                      #1 = {
                        scale = fixp:"1";
                        name = str:"pt_hand";
                        translation = xpoint3:"1.2576749324798583984375,-1.94947612285614013671875,-4.53553676605224609375";
                        rotation = {
                          0 = xpoint3:"0.5025787353515625,-0.31819260120391845703125,-0.803845822811126708984375";
                          1 = xpoint3:"-0.79228198528289794921875,0.20258820056915283203125,-0.57554090023040771484375";
                          2 = xpoint3:"0.3459825217723846435546875,0.9261271953582763671875,-0.150281727313995361328125";
                        }
                      }
                    }
                  }
                }
              }
            }
            #1 = {
              scale = fixp:"1";
              name = str:"pt_chest";
              translation = xpoint3:"28.647808074951171875,0.024102725088596343994140625,-0.0621719323098659515380859375";
              rotation = {
                0 = xpoint3:"0,0.011630185879766941070556640625,0.999932348728179931640625";
                1 = xpoint3:"0,-0.999932348728179931640625,0.011630185879766941070556640625";
                2 = xpoint3:"0.999999940395355224609375,0,0";
              }
            }
          }
        }
        #1 = {
          scale = fixp:"1";
          name = str:"Bip01 L Thigh01";
          translation = xpoint3:"0,0,28.94708251953125";
          rotation = {
            0 = xpoint3:"-0.974778652191162109375,0.08449335396289825439453125,-0.19950442016124725341796875";
            1 = xpoint3:"0.09255994856357574462890625,0.995208263397216796875,-0.0314049907028675079345703125";
            2 = xpoint3:"0.19589231908321380615234375,-0.0491374693810939788818359375,-0.977927267551422119140625";
          }
          #0 = {
            scale = fixp:"1";
            name = str:"Bip01 L Calf01";
            translation = xpoint3:"86.26605224609375,0,0";
            rotation = {
              0 = xpoint3:"0.953729212284088134765625,0.2857383191585540771484375,-0.09320451319217681884765625";
              1 = xpoint3:"-0.2632994353771209716796875,0.9438755512237548828125,0.19922578334808349609375";
              2 = xpoint3:"0.14493744075298309326171875,-0.1654422283172607421875,0.975492894649505615234375";
            }
            #0 = {
              scale = fixp:"1";
              name = str:"Bip01 L Foot01";
              translation = xpoint3:"63.975666046142578125,0,0";
              rotation = {
                0 = xpoint3:"0.980757653713226318359375,-0.16644966602325439453125,-0.10188750922679901123046875";
                1 = xpoint3:"0.174886405467987060546875,0.981297314167022705078125,0.08026929199695587158203125";
                2 = xpoint3:"0.08661006391048431396484375,-0.09655527770519256591796875,0.99154603481292724609375";
              }
              #0 = {
                scale = fixp:"1";
                name = str:"pt_foot";
                translation = xpoint3:"22.860004425048828125,4.625553607940673828125,0.57098853588104248046875";
                rotation = {
                  0 = xpoint3:"0,-0.008828498423099517822265625,-0.99996078014373779296875";
                  1 = xpoint3:"-0.00501324050128459930419921875,-0.999948441982269287109375,0.00883205048739910125732421875";
                  2 = xpoint3:"-0.999987185001373291015625,0.005019494332373142242431640625,0";
                }
              }
              #1 = {
                scale = fixp:"1";
                name = str:"pt_footprint01";
                translation = xpoint3:"44.84912872314453125,4.431331157684326171875,0.55590045452117919921875";
                rotation = {
                  0 = xpoint3:"0,-0.008828498423099517822265625,-0.99996078014373779296875";
                  1 = xpoint3:"-0.00501324050128459930419921875,-0.999948441982269287109375,0.00883205048739910125732421875";
                  2 = xpoint3:"-0.999987185001373291015625,0.005019494332373142242431640625,0";
                }
              }
            }
          }
        }
        #2 = {
          scale = fixp:"1";
          name = str:"Bip01 R Thigh01";
          translation = xpoint3:"0,0,-29.699859619140625";
          rotation = {
            0 = xpoint3:"-0.98627865314483642578125,0.075052522122859954833984375,0.13688977062702178955078125";
            1 = xpoint3:"0.085042037069797515869140625,0.994009792804718017578125,0.0685834586620330810546875";
            2 = xpoint3:"-0.13091807067394256591796875,0.07939116656780242919921875,-0.986749231815338134765625";
          }
          #0 = {
            scale = fixp:"1";
            name = str:"Bip01 R Calf01";
            translation = xpoint3:"86.266082763671875,0,0";
            rotation = {
              0 = xpoint3:"0.9674026966094970703125,0.2528291046619415283203125,0.012734732590615749359130859375";
              1 = xpoint3:"-0.2514543831348419189453125,0.965521335601806640625,-0.0670015513896942138671875";
              2 = xpoint3:"-0.0292475782334804534912109375,0.06161136925220489501953125,0.997669875621795654296875";
            }
            #0 = {
              scale = fixp:"1";
              name = str:"Bip01 R Foot01";
              translation = xpoint3:"63.975650787353515625,0,0";
              rotation = {
                0 = xpoint3:"0.9791748523712158203125,-0.1318024694919586181640625,0.15431959927082061767578125";
                1 = xpoint3:"0.1633923053741455078125,0.963024616241455078125,-0.21408617496490478515625";
                2 = xpoint3:"-0.120371855795383453369140625,0.234857499599456787109375,0.9645211696624755859375";
              }
              #0 = {
                scale = fixp:"1";
                name = str:"pt_foot";
                translation = xpoint3:"22.0374698638916015625,5.8420352935791015625,2.7450683116912841796875";
                rotation = {
                  0 = xpoint3:"0,0.0056644640862941741943359375,-0.999983966350555419921875";
                  1 = xpoint3:"0.02504755370318889617919921875,-0.999670207500457763671875,-0.005664146505296230316162109375";
                  2 = xpoint3:"-0.99968624114990234375,-0.02504748292267322540283203125,0";
                }
              }
              #1 = {
                scale = fixp:"1";
                name = str:"pt_footprint02";
                translation = xpoint3:"44.0271148681640625,5.966590404510498046875,2.746898651123046875";
                rotation = {
                  0 = xpoint3:"0,0.0056644640862941741943359375,-0.999983966350555419921875";
                  1 = xpoint3:"0.02504755370318889617919921875,-0.999670207500457763671875,-0.005664146505296230316162109375";
                  2 = xpoint3:"-0.99968624114990234375,-0.02504748292267322540283203125,0";
                }
              }
            }
          }
        }
        #3 = {
          scale = fixp:"1";
          name = str:"Bone33";
          translation = xpoint3:"8.97123050689697265625,-5.922320842742919921875,-61.762287139892578125";
          rotation = {
            0 = xpoint3:"-0.979216098785400390625,0.2028187811374664306640625,0";
            1 = xpoint3:"0,0,-0.99999988079071044921875";
            2 = xpoint3:"-0.2028187811374664306640625,-0.97921621799468994140625,0";
          }
        }
        #4 = {
          scale = fixp:"1";
          name = str:"Bone17";
          translation = xpoint3:"-13.6224002838134765625,36.5245819091796875,-50.47623443603515625";
          rotation = {
            0 = xpoint3:"-0.992586195468902587890625,-0.0814919769763946533203125,0.090178497135639190673828125";
            1 = xpoint3:"0.090064942836761474609375,0.0050757541321218013763427734375,0.995923101902008056640625";
            2 = xpoint3:"-0.081617467105388641357421875,0.996661245822906494140625,0.00230121728964149951934814453125";
          }
        }
        #5 = {
          scale = fixp:"1";
          name = str:"Bone26";
          translation = xpoint3:"8.9711666107177734375,-48.162380218505859375,-32.61516571044921875";
          rotation = {
            0 = xpoint3:"-0.99558842182159423828125,0.0938260257244110107421875,0";
            1 = xpoint3:"0,0,-0.99999988079071044921875";
            2 = xpoint3:"-0.0938260257244110107421875,-0.9955885410308837890625,0";
          }
        }
        #6 = {
          scale = fixp:"1";
          name = str:"Bone19";
          translation = xpoint3:"-22.3609161376953125,65.97960662841796875,1.6391294002532958984375";
          rotation = {
            0 = xpoint3:"-0.999855101108551025390625,-0.01701979339122772216796875,0";
            1 = xpoint3:"0,0,1";
            2 = xpoint3:"-0.01701979339122772216796875,0.99985516071319580078125,0";
          }
        }
        #7 = {
          scale = fixp:"1";
          name = str:"Bone28";
          translation = xpoint3:"5.617295742034912109375,-55.48610687255859375,-1.4724118709564208984375";
          rotation = {
            0 = xpoint3:"-0.998903095722198486328125,-0.046822585165500640869140625,0";
            1 = xpoint3:"0,0,-0.99999988079071044921875";
            2 = xpoint3:"0.046822585165500640869140625,-0.99890315532684326171875,0";
          }
          #0 = {
            scale = fixp:"1";
            name = str:"Bone29";
            translation = xpoint3:"61.394573211669921875,0,0";
            rotation = {
              0 = xpoint3:"0.999741256237030029296875,-0.022747404873371124267578125,0";
              1 = xpoint3:"0.022747404873371124267578125,0.999741256237030029296875,0";
              2 = xpoint3:"0,0,1";
            }
          }
        }
        #8 = {
          scale = fixp:"1";
          name = str:"Bone24";
          translation = xpoint3:"8.97110271453857421875,-48.16216278076171875,38.29444122314453125";
          rotation = {
            0 = xpoint3:"-0.9988439083099365234375,-0.048071779310703277587890625,0";
            1 = xpoint3:"0,0,-1";
            2 = xpoint3:"0.048071779310703277587890625,-0.9988439083099365234375,0";
          }
        }
        #9 = {
          scale = fixp:"1";
          name = str:"Bone31";
          translation = xpoint3:"8.97112941741943359375,-8.014434814453125,65.5872344970703125";
          rotation = {
            0 = xpoint3:"-0.99145662784576416015625,-0.1304378509521484375,0";
            1 = xpoint3:"0,0,-1.00000011920928955078125";
            2 = xpoint3:"0.1304378509521484375,-0.991456568241119384765625,0";
          }
        }
        #10 = {
          scale = fixp:"1";
          name = str:"Bone22";
          translation = xpoint3:"-14.01969242095947265625,50.67700958251953125,58.861103057861328125";
          rotation = {
            0 = xpoint3:"-0.983079731464385986328125,0.093954741954803466796875,0.1572458744049072265625";
            1 = xpoint3:"0.15281842648983001708984375,-0.052637718617916107177734375,0.98685133457183837890625";
            2 = xpoint3:"0.1009964644908905029296875,0.99418389797210693359375,0.037389315664768218994140625";
          }
        }
      }
      #1 = {
        scale = fixp:"1";
        name = str:"pt_center";
        translation = xpoint3:"-4.8189144134521484375,-0.062137924134731292724609375,67.9058380126953125";
        rotation = {
          0 = xpoint3:"0,-1,0";
          1 = xpoint3:"1,0,0";
          2 = xpoint3:"0,0,1";
        }
      }
      #2 = {
        scale = fixp:"1";
        name = str:"pt_cast";
        translation = xpoint3:"111.05960845947265625,-0.06228481233119964599609375,53.83734130859375";
        rotation = {
          0 = xpoint3:"0,-1,0";
          1 = xpoint3:"1,0,0";
          2 = xpoint3:"0,0,1";
        }
      }
    }
    #1 = {
      scale = fixp:"1";
      name = str:"pt_ground";
      translation = xpoint3:"0,0,0";
      rotation = {
        0 = xpoint3:"1,0,0";
        1 = xpoint3:"0,1,0";
        2 = xpoint3:"0,0,1";
      }
    }
    #2 = {
      scale = fixp:"1";
      name = str:"pt_top";
      translation = xpoint3:"0,-38.99640655517578125,420.29473876953125";
      rotation = {
        0 = xpoint3:"1,0,0";
        1 = xpoint3:"0,1,0";
        2 = xpoint3:"0,0,1";
      }
    }
  }
}