model = {
  file = str:"data\models\units\energyoverseer\energyoverseer.nif";
  animation = {
    loop = fixp:"0";
    duration = fixp:"22.8666667938232421875";
  }
  #0 = {
    scale = fixp:"1";
    name = str:"EnergyOverseer";
    translation = xpoint3:"0,0.00182509585283696651458740234375,113.47551727294921875";
    rotation = {
      0 = xpoint3:"0.999868571758270263671875,0.013020745478570461273193359375,-0.009661874733865261077880859375";
      1 = xpoint3:"-0.009748570621013641357421875,0.006611338816583156585693359375,-0.999930679798126220703125";
      2 = xpoint3:"-0.012955963611602783203125,0.999893367290496826171875,0.006737403571605682373046875";
    }
  }
  #1 = {
    scale = fixp:"1";
    name = str:"ROOT";
    translation = xpoint3:"0.64600813388824462890625,0,-0.2274169921875";
    rotation = {
      0 = xpoint3:"1,0,0";
      1 = xpoint3:"0,0,-1";
      2 = xpoint3:"0,1,0";
    }
    #9 = {
      scale = fixp:"1";
      name = str:"ROOT NonAccum";
      translation = xpoint3:"0,0,0";
      rotation = {
        0 = xpoint3:"1,0,0";
        1 = xpoint3:"0,1,0";
        2 = xpoint3:"0,0,1";
      }
      #0 = {
        scale = fixp:"1";
        name = str:"Bip01";
        translation = xpoint3:"-0.64538800716400146484375,106.0444183349609375,-0.4867813289165496826171875";
        rotation = {
          0 = xpoint3:"0,1,0";
          1 = xpoint3:"0,0,1";
          2 = xpoint3:"1,0,0";
        }
        #0 = {
          scale = fixp:"1";
          name = str:"Bip01 Pelvis01";
          translation = xpoint3:"0,0,0";
          rotation = {
            0 = xpoint3:"0,1,0";
            1 = xpoint3:"0,0,1";
            2 = xpoint3:"1,0,0";
          }
          #0 = {
            scale = fixp:"1";
            name = str:"Bip01 Spine02";
            translation = xpoint3:"11.44634914398193359375,-0.021671690046787261962890625,0";
            rotation = {
              0 = xpoint3:"0.995907247066497802734375,0.090381145477294921875,0";
              1 = xpoint3:"-0.090381145477294921875,0.995907247066497802734375,0";
              2 = xpoint3:"0,0,1";
            }
            #0 = {
              scale = fixp:"1";
              name = str:"Bip01 Spine03";
              translation = xpoint3:"27.322414398193359375,-0.018012158572673797607421875,0";
              rotation = {
                0 = xpoint3:"0.9982826709747314453125,0.058580696582794189453125,0";
                1 = xpoint3:"-0.058580696582794189453125,0.9982826709747314453125,0";
                2 = xpoint3:"0,0,1";
              }
              #0 = {
                scale = fixp:"1";
                name = str:"Bip01 Neck01";
                translation = xpoint3:"22.6747417449951171875,0,0";
                rotation = {
                  0 = xpoint3:"0.1424762904644012451171875,-0.98979818820953369140625,0";
                  1 = xpoint3:"0.98979818820953369140625,0.1424762904644012451171875,0";
                  2 = xpoint3:"0,0,1";
                }
                #0 = {
                  scale = fixp:"1";
                  name = str:"Bip01 Head01";
                  translation = xpoint3:"7.466302394866943359375,0,0";
                  rotation = {
                    0 = xpoint3:"0.284004628658294677734375,0.958822906017303466796875,0";
                    1 = xpoint3:"-0.958822906017303466796875,0.284004628658294677734375,0";
                    2 = xpoint3:"0,0,1";
                  }
                  #0 = {
                    scale = fixp:"1";
                    name = str:"pt_head";
                    translation = xpoint3:"14.4230785369873046875,-1.17138946056365966796875,-0.46485888957977294921875";
                    rotation = {
                      0 = xpoint3:"0,-0.009239566512405872344970703125,0.9999573230743408203125";
                      1 = xpoint3:"0,-0.9999573230743408203125,-0.009239566512405872344970703125";
                      2 = xpoint3:"1,0,0";
                    }
                  }
                }
                #1 = {
                  scale = fixp:"1";
                  name = str:"Bip01 L Clavicle01";
                  translation = xpoint3:"0,0.0059553789906203746795654296875,3.051589488983154296875";
                  rotation = {
                    0 = xpoint3:"-0.1468103826045989990234375,-0.985814869403839111328125,0.0813377797603607177734375";
                    1 = xpoint3:"0.4625382125377655029296875,-0.14110185205936431884765625,-0.875299155712127685546875";
                    2 = xpoint3:"0.8743598461151123046875,-0.09088118374347686767578125,0.476692259311676025390625";
                  }
                  #0 = {
                    scale = fixp:"1";
                    name = str:"Bip01 L UpperArm01";
                    translation = xpoint3:"25.96338653564453125,0,0";
                    rotation = {
                      0 = xpoint3:"0.97669184207916259765625,0.069622956216335296630859375,-0.2029578685760498046875";
                      1 = xpoint3:"-0.103148825466632843017578125,0.98178589344024658203125,-0.1594687998294830322265625";
                      2 = xpoint3:"0.1881477534770965576171875,0.1766992509365081787109375,0.966089308261871337890625";
                    }
                    #0 = {
                      scale = fixp:"1";
                      name = str:"Bone_Gun_1";
                      translation = xpoint3:"43.137866973876953125,0,0";
                      rotation = {
                        0 = xpoint3:"0.0570452213287353515625,0.997685968875885009765625,0";
                        1 = xpoint3:"-0.997685968875885009765625,0.0570452213287353515625,0";
                        2 = xpoint3:"0,0,1";
                      }
                      #0 = {
                        scale = fixp:"1";
                        name = str:"Bip01 L Hand01";
                        translation = xpoint3:"52.1140594482421875,0,0";
                        rotation = {
                          0 = xpoint3:"1,0,0";
                          1 = xpoint3:"0,0.00152111053466796875,0.999274194240570068359375";
                          2 = xpoint3:"0,-0.999274194240570068359375,0.00152111053466796875";
                        }
                        #0 = {
                          scale = fixp:"1";
                          name = str:"pt_hand";
                          translation = xpoint3:"-0.716529905796051025390625,0.81241548061370849609375,1.2296764850616455078125";
                          rotation = {
                            0 = xpoint3:"-0.049627959728240966796875,-0.99864447116851806640625,0.01569351367652416229248046875";
                            1 = xpoint3:"-0.74646508693695068359375,0.0266471840441226959228515625,-0.664890825748443603515625";
                            2 = xpoint3:"0.66357135772705078125,-0.0447118468582630157470703125,-0.74677562713623046875";
                          }
                        }
                      }
                      #1 = {
                        scale = fixp:"1";
                        name = str:"Pin_left";
                        translation = xpoint3:"31.160388946533203125,-17.1718692779541015625,-11.81183528900146484375";
                        rotation = {
                          0 = xpoint3:"0.02865767292678356170654296875,-0.99923038482666015625,-0.0267831645905971527099609375";
                          1 = xpoint3:"0.823171138763427734375,0.0387917943298816680908203125,-0.56646668910980224609375";
                          2 = xpoint3:"0.567069709300994873046875,-0.005813498981297016143798828125,0.82364928722381591796875";
                        }
                      }
                      #2 = {
                        scale = fixp:"1";
                        name = str:"pt_shoot_2";
                        translation = xpoint3:"64.74558258056640625,1.827634334564208984375,-0.45476400852203369140625";
                        rotation = {
                          0 = xpoint3:"-0.0496277697384357452392578125,-0.99864447116851806640625,0.01569272577762603759765625";
                          1 = xpoint3:"0.662977039813995361328125,-0.0446898937225341796875,-0.747304618358612060546875";
                          2 = xpoint3:"0.74699294567108154296875,-0.02668315730988979339599609375,0.66429626941680908203125";
                        }
                      }
                    }
                  }
                }
                #2 = {
                  scale = fixp:"1";
                  name = str:"Bip01 R Clavicle01";
                  translation = xpoint3:"0,0.0059558744542300701141357421875,-3.0515739917755126953125";
                  rotation = {
                    0 = xpoint3:"-0.14681114256381988525390625,-0.98581469058990478515625,-0.08133761584758758544921875";
                    1 = xpoint3:"0.4625429213047027587890625,-0.1411025524139404296875,0.87529659271240234375";
                    2 = xpoint3:"-0.8743572235107421875,0.090881168842315673828125,0.476697027683258056640625";
                  }
                  #0 = {
                    scale = fixp:"1";
                    name = str:"Bip01 R UpperArm01";
                    translation = xpoint3:"25.9634151458740234375,0,0";
                    rotation = {
                      0 = xpoint3:"0.977739393711090087890625,0.070554353296756744384765625,0.19752340018749237060546875";
                      1 = xpoint3:"-0.102328307926654815673828125,0.982515275478363037109375,0.15545819699764251708984375";
                      2 = xpoint3:"-0.18309102952480316162109375,-0.17222200334072113037109375,0.967869102954864501953125";
                    }
                    #0 = {
                      scale = fixp:"1";
                      name = str:"Bone_Gun_2";
                      translation = xpoint3:"43.137851715087890625,0,0";
                      rotation = {
                        0 = xpoint3:"0.05704653263092041015625,0.99768602848052978515625,0";
                        1 = xpoint3:"-0.99768602848052978515625,0.05704653263092041015625,0";
                        2 = xpoint3:"0,0,1";
                      }
                      #0 = {
                        scale = fixp:"1";
                        name = str:"Bip01 R Hand01";
                        translation = xpoint3:"52.11408233642578125,0,0";
                        rotation = {
                          0 = xpoint3:"1,0,0";
                          1 = xpoint3:"0,0.001521289348602294921875,-0.999274194240570068359375";
                          2 = xpoint3:"0,0.999274194240570068359375,0.001521289348602294921875";
                        }
                        #0 = {
                          scale = fixp:"1";
                          name = str:"pt_hand@#0";
                          translation = xpoint3:"-1.09044659137725830078125,0.157681643962860107421875,-1.22813236713409423828125";
                          rotation = {
                            0 = xpoint3:"0.0543781928718090057373046875,-0.99825537204742431640625,0.02300451137125492095947265625";
                            1 = xpoint3:"0.743066251277923583984375,0.025066100060939788818359375,-0.66874825954437255859375";
                            2 = xpoint3:"0.66700494289398193359375,0.05345921218395233154296875,0.74313294887542724609375";
                          }
                        }
                      }
                      #1 = {
                        scale = fixp:"1";
                        name = str:"Pin_right";
                        translation = xpoint3:"31.100555419921875,-17.907894134521484375,11.6420764923095703125";
                        rotation = {
                          0 = xpoint3:"-0.0312824808061122894287109375,-0.999238908290863037109375,-0.023302577435970306396484375";
                          1 = xpoint3:"-0.845416367053985595703125,0.0388893745839595794677734375,-0.53269016742706298828125";
                          2 = xpoint3:"0.5331909656524658203125,0.00303651508875191211700439453125,-0.8459894657135009765625";
                        }
                      }
                      #2 = {
                        scale = fixp:"1";
                        name = str:"pt_shoot_1";
                        translation = xpoint3:"64.3665008544921875,1.94253695011138916015625,-0.1788597404956817626953125";
                        rotation = {
                          0 = xpoint3:"0.05437819659709930419921875,-0.99825537204742431640625,0.02300468645989894866943359375";
                          1 = xpoint3:"-0.6664130687713623046875,-0.0534393526613712310791015625,-0.743665158748626708984375";
                          2 = xpoint3:"0.743597090244293212890625,0.0251085460186004638671875,-0.6681563854217529296875";
                        }
                      }
                    }
                  }
                }
              }
              #1 = {
                scale = fixp:"1";
                name = str:"pt_chest";
                translation = xpoint3:"4.772918701171875,3.7702291011810302734375,-0.577011048793792724609375";
                rotation = {
                  0 = xpoint3:"0,0.1353497207164764404296875,0.99079787731170654296875";
                  1 = xpoint3:"0,-0.99079787731170654296875,0.1353497207164764404296875";
                  2 = xpoint3:"1,0,0";
                }
              }
            }
          }
          #1 = {
            scale = fixp:"1";
            name = str:"Bone01";
            translation = xpoint3:"-5.70539569854736328125,14.79338741302490234375,-12.8923625946044921875";
            rotation = {
              0 = xpoint3:"-0.44987785816192626953125,0.88883507251739501953125,0.07401327788829803466796875";
              1 = xpoint3:"0.69607102870941162109375,0.40302276611328125,-0.59345710277557373046875";
              2 = xpoint3:"-0.55766546726226806640625,-0.21605212986469268798828125,-0.79982411861419677734375";
            }
            #0 = {
              scale = fixp:"1";
              name = str:"Bone02";
              translation = xpoint3:"26.7701816558837890625,0,0";
              rotation = {
                0 = xpoint3:"0.37076199054718017578125,0.926900804042816162109375,0.049772419035434722900390625";
                1 = xpoint3:"-0.923904478549957275390625,0.363334953784942626953125,0.116035640239715576171875";
                2 = xpoint3:"0.089570574462413787841796875,-0.08898694813251495361328125,0.991991341114044189453125";
              }
              #0 = {
                scale = fixp:"1";
                name = str:"Bone03";
                translation = xpoint3:"39.5073699951171875,0,0";
                rotation = {
                  0 = xpoint3:"0.044481076300144195556640625,-0.978621184825897216796875,0.1973198354244232177734375";
                  1 = xpoint3:"0.980565488338470458984375,0.0057757794857025146484375,-0.1923926770687103271484375";
                  2 = xpoint3:"0.1874190866947174072265625,0.2020498812198638916015625,0.96124589443206787109375";
                }
                #0 = {
                  scale = fixp:"1";
                  name = str:"Bone04";
                  translation = xpoint3:"52.955799102783203125,0,0";
                  rotation = {
                    0 = xpoint3:"0.392747581005096435546875,0.919165670871734619140625,-0.0016043833456933498382568359375";
                    1 = xpoint3:"-0.919165074825286865234375,0.3927497565746307373046875,0.00137838465161621570587158203125";
                    2 = xpoint3:"0.0018972973339259624481201171875,0,0.99999773502349853515625";
                  }
                  #0 = {
                    scale = fixp:"1";
                    name = str:"Bone05";
                    translation = xpoint3:"44.456127166748046875,0,0";
                    rotation = {
                      0 = xpoint3:"0.998141229152679443359375,-0.059774853289127349853515625,0.01176090724766254425048828125";
                      1 = xpoint3:"0.059820450842380523681640625,0.99820148944854736328125,-0.00356053258292376995086669921875";
                      2 = xpoint3:"-0.01152675412595272064208984375,0.004257963038980960845947265625,0.9999244213104248046875";
                    }
                    #0 = {
                      scale = fixp:"1";
                      name = str:"pt_foot";
                      translation = xpoint3:"-4.073017597198486328125,0.966436862945556640625,0.3305203914642333984375";
                      rotation = {
                        0 = xpoint3:"-0.208690941333770751953125,-0.2724004685878753662109375,-0.9392795562744140625";
                        1 = xpoint3:"-0.653102874755859375,-0.676060855388641357421875,0.3411720693111419677734375";
                        2 = xpoint3:"-0.7279455661773681640625,0.68464565277099609375,-0.036817736923694610595703125";
                      }
                    }
                  }
                }
              }
            }
          }
          #2 = {
            scale = fixp:"1";
            name = str:"Bone06";
            translation = xpoint3:"-5.70542240142822265625,14.5307025909423828125,12.6830425262451171875";
            rotation = {
              0 = xpoint3:"-0.4677642285823822021484375,0.8825995922088623046875,0.0091932117938995361328125";
              1 = xpoint3:"0.72769463062286376953125,0.3810586631298065185546875,0.569523155689239501953125";
              2 = xpoint3:"0.4995268881320953369140625,0.273704230785369873046875,-0.820315301418304443359375";
            }
            #0 = {
              scale = fixp:"1";
              name = str:"Bone07";
              translation = xpoint3:"27.0135784149169921875,0,0";
              rotation = {
                0 = xpoint3:"0.23880970478057861328125,0.9685497283935546875,-0.061454929411411285400390625";
                1 = xpoint3:"-0.9690344333648681640625,0.23450060188770294189453125,-0.069790743291378021240234375";
                2 = xpoint3:"-0.05326783657073974609375,0.076223321259021759033203125,0.995663702487945556640625";
              }
              #0 = {
                scale = fixp:"1";
                name = str:"Bone08";
                translation = xpoint3:"39.466949462890625,0,0";
                rotation = {
                  0 = xpoint3:"-0.100619696080684661865234375,-0.9941093921661376953125,-0.00497649610042572021484375";
                  1 = xpoint3:"0.97103631496429443359375,-0.099336765706539154052734375,0.21360059082508087158203125";
                  2 = xpoint3:"-0.21299488842487335205078125,0.01682727038860321044921875,0.976891219615936279296875";
                }
                #0 = {
                  scale = fixp:"1";
                  name = str:"Bone09";
                  translation = xpoint3:"52.955810546875,0,0";
                  rotation = {
                    0 = xpoint3:"0.4853771030902862548828125,0.87387621402740478515625,-0.00160309276543557643890380859375";
                    1 = xpoint3:"-0.87387597560882568359375,0.4853789806365966796875,0.0010834191925823688507080078125";
                    2 = xpoint3:"0.00172497029416263103485107421875,0,0.999998152256011962890625";
                  }
                  #0 = {
                    scale = fixp:"1";
                    name = str:"Bone10";
                    translation = xpoint3:"44.503459930419921875,0,0";
                    rotation = {
                      0 = xpoint3:"0.99809873104095458984375,-0.0604953765869140625,0.011684514582157135009765625";
                      1 = xpoint3:"0.060540594160556793212890625,0.99815809726715087890625,-0.0035522659309208393096923828125";
                      2 = xpoint3:"-0.0114479251205921173095703125,0.00425340794026851654052734375,0.9999253749847412109375";
                    }
                    #0 = {
                      scale = fixp:"1";
                      name = str:"pt_foot@#1";
                      translation = xpoint3:"-3.5845220088958740234375,2.0342972278594970703125,-0.020780973136425018310546875";
                      rotation = {
                        0 = xpoint3:"0.332941353321075439453125,-0.2607617676258087158203125,-0.906175136566162109375";
                        1 = xpoint3:"0.580310046672821044921875,-0.70079803466796875,0.414876282215118408203125";
                        2 = xpoint3:"-0.7432296276092529296875,-0.663991987705230712890625,-0.082001976668834686279296875";
                      }
                    }
                  }
                }
              }
            }
          }
          #3 = {
            scale = fixp:"1";
            name = str:"Bone11";
            translation = xpoint3:"-7.299952030181884765625,-17.782337188720703125,0";
            rotation = {
              0 = xpoint3:"-0.6167190074920654296875,-0.785691678524017333984375,0";
              1 = xpoint3:"-0.785691678524017333984375,0.618170201778411865234375,0";
              2 = xpoint3:"0,0,-0.9985487461090087890625";
            }
            #0 = {
              scale = fixp:"1";
              name = str:"Bone12";
              translation = xpoint3:"44.48810577392578125,0,0";
              rotation = {
                0 = xpoint3:"0.30432856082916259765625,-0.95203697681427001953125,0";
                1 = xpoint3:"0.95203697681427001953125,0.30432856082916259765625,0";
                2 = xpoint3:"0,0,1";
              }
              #0 = {
                scale = fixp:"1";
                name = str:"Bone13";
                translation = xpoint3:"21.6012592315673828125,0,0";
                rotation = {
                  0 = xpoint3:"-0.10268191993236541748046875,0.993907928466796875,-0.00181426596827805042266845703125";
                  1 = xpoint3:"-0.99390900135040283203125,-0.10268361866474151611328125,0";
                  2 = xpoint3:"-0.00105237518437206745147705078125,0.001714567653834819793701171875,0.99999797344207763671875";
                }
                #0 = {
                  scale = fixp:"1";
                  name = str:"Bone14";
                  translation = xpoint3:"41.841770172119140625,0,0";
                  rotation = {
                    0 = xpoint3:"0.442631542682647705078125,-0.896252453327178955078125,0";
                    1 = xpoint3:"0.896252453327178955078125,0.442631542682647705078125,0";
                    2 = xpoint3:"0,0,1";
                  }
                  #0 = {
                    scale = fixp:"1";
                    name = str:"Bone15";
                    translation = xpoint3:"41.02455902099609375,0,0";
                    rotation = {
                      0 = xpoint3:"1,0,0";
                      1 = xpoint3:"0,1,0";
                      2 = xpoint3:"0,0,1";
                    }
                    #0 = {
                      scale = fixp:"1";
                      name = str:"pt_foot@#2";
                      translation = xpoint3:"-4.492188930511474609375,-0.900456249713897705078125,-0.00206251372583210468292236328125";
                      rotation = {
                        0 = xpoint3:"-0.00107426731847226619720458984375,0.20297563076019287109375,-0.979183197021484375";
                        1 = xpoint3:"-0.001704675145447254180908203125,-0.979182720184326171875,-0.20297364890575408935546875";
                        2 = xpoint3:"-0.99999797344207763671875,0.00145114236511290073394775390625,0.00139791122637689113616943359375";
                      }
                    }
                  }
                }
              }
            }
          }
        }
        #1 = {
          scale = fixp:"1";
          name = str:"pt_center";
          translation = xpoint3:"0.2446940839290618896484375,-0.417737782001495361328125,21.4825592041015625";
          rotation = {
            0 = xpoint3:"0,-1,0";
            1 = xpoint3:"1,0,0";
            2 = xpoint3:"0,0,1";
          }
        }
        #2 = {
          scale = fixp:"1";
          name = str:"pt_cast";
          translation = xpoint3:"40.543254852294921875,-0.0375518761575222015380859375,34.66570281982421875";
          rotation = {
            0 = xpoint3:"0,-1,0";
            1 = xpoint3:"1,0,0";
            2 = xpoint3:"0,0,1";
          }
        }
      }
      #1 = {
        scale = fixp:"1";
        name = str:"Point02";
        translation = xpoint3:"-117.6480255126953125,124.4117584228515625,-83.805908203125";
        rotation = {
          0 = xpoint3:"1,0,0";
          1 = xpoint3:"0,0,1";
          2 = xpoint3:"0,-1,0";
        }
      }
      #2 = {
        scale = fixp:"1";
        name = str:"Point05";
        translation = xpoint3:"-0.4679075777530670166015625,81.08831024169921875,-138.8176422119140625";
        rotation = {
          0 = xpoint3:"1,0,0";
          1 = xpoint3:"0,0,1";
          2 = xpoint3:"0,-1,0";
        }
      }
      #3 = {
        scale = fixp:"1";
        name = str:"Point01";
        translation = xpoint3:"114.31543731689453125,125.95034027099609375,-83.80591583251953125";
        rotation = {
          0 = xpoint3:"1,0,0";
          1 = xpoint3:"0,0,1";
          2 = xpoint3:"0,-1,0";
        }
      }
      #4 = {
        scale = fixp:"1";
        name = str:"Point03";
        translation = xpoint3:"107.51458740234375,96.59172821044921875,125.83690643310546875";
        rotation = {
          0 = xpoint3:"1,0,0";
          1 = xpoint3:"0,0,1";
          2 = xpoint3:"0,-1,0";
        }
      }
      #5 = {
        scale = fixp:"1";
        name = str:"Point04";
        translation = xpoint3:"-110.07928466796875,95.05313873291015625,108.48728179931640625";
        rotation = {
          0 = xpoint3:"1,0,0";
          1 = xpoint3:"0,0,1";
          2 = xpoint3:"0,-1,0";
        }
      }
      #6 = {
        scale = fixp:"1";
        name = str:"Camera01";
        translation = xpoint3:"-555.162109375,100.07433319091796875,2.055075168609619140625";
        rotation = {
          0 = xpoint3:"0,0,-1";
          1 = xpoint3:"0,1,0";
          2 = xpoint3:"1,0,0";
        }
      }
      #7 = {
        scale = fixp:"1";
        name = str:"pt_top";
        translation = xpoint3:"-0.23644705116748809814453125,230.406768798828125,0";
        rotation = {
          0 = xpoint3:"1,0,0";
          1 = xpoint3:"0,0,1";
          2 = xpoint3:"0,-1,0";
        }
      }
      #8 = {
        scale = fixp:"1";
        name = str:"pt_ground";
        translation = xpoint3:"-0.64600813388824462890625,0.22741700708866119384765625,0";
        rotation = {
          0 = xpoint3:"1,0,0";
          1 = xpoint3:"0,0,1";
          2 = xpoint3:"0,-1,0";
        }
      }
      #9 = {
        scale = fixp:"1";
        name = str:"pt_aim";
        translation = xpoint3:"-0.6460125446319580078125,132.7771759033203125,99.0245819091796875";
        rotation = {
          0 = xpoint3:"1,0,0";
          1 = xpoint3:"0,0,1";
          2 = xpoint3:"0,-1,0";
        }
      }
    }
  }
  #2 = {
    scale = fixp:"1";
    name = str:"IK Chain02";
    translation = xpoint3:"-74.7096405029296875,-74.75208282470703125,0.5578591823577880859375";
    rotation = {
      0 = xpoint3:"1,0,0";
      1 = xpoint3:"0,1,0";
      2 = xpoint3:"0,0,1";
    }
    #0 = {
      scale = fixp:"1";
      name = str:"pt_footprint01";
      translation = xpoint3:"-0.0217437744140625,0.6824493408203125,-0.5578591823577880859375";
      rotation = {
        0 = xpoint3:"1,0,0";
        1 = xpoint3:"0,1,0";
        2 = xpoint3:"0,0,1";
      }
    }
  }
  #3 = {
    scale = fixp:"1";
    name = str:"IK Chain04";
    translation = xpoint3:"70.32659912109375,-73.5925140380859375,0.5591623783111572265625";
    rotation = {
      0 = xpoint3:"1,0,0";
      1 = xpoint3:"0,1,0";
      2 = xpoint3:"0,0,1";
    }
    #0 = {
      scale = fixp:"1";
      name = str:"pt_footprint03";
      translation = xpoint3:"0.0025177001953125,-0.47711944580078125,-0.5591623783111572265625";
      rotation = {
        0 = xpoint3:"1,0,0";
        1 = xpoint3:"0,1,0";
        2 = xpoint3:"0,0,1";
      }
    }
  }
  #4 = {
    scale = fixp:"1";
    name = str:"IK Chain06";
    translation = xpoint3:"0,94.5217742919921875,0.11966298520565032958984375";
    rotation = {
      0 = xpoint3:"1,0,0";
      1 = xpoint3:"0,1,0";
      2 = xpoint3:"0,0,1";
    }
    #0 = {
      scale = fixp:"1";
      name = str:"pt_footprint02";
      translation = xpoint3:"0.008422839455306529998779296875,-0.03008270263671875,-0.1730020046234130859375";
      rotation = {
        0 = xpoint3:"1,0,0";
        1 = xpoint3:"0,1,0";
        2 = xpoint3:"0,0,1";
      }
    }
  }
  #5 = {
    scale = fixp:"1";
    name = str:"EnergyOverseer522";
    translation = xpoint3:"0,0,0";
    rotation = {
      0 = xpoint3:"1,0,0";
      1 = xpoint3:"0,1,0";
      2 = xpoint3:"0,0,1";
    }
  }
  #6 = {
    scale = fixp:"1";
    name = str:"EnergyOverseer993";
    translation = xpoint3:"0,0,0";
    rotation = {
      0 = xpoint3:"1,0,0";
      1 = xpoint3:"0,1,0";
      2 = xpoint3:"0,0,1";
    }
  }
}