model = {
  file = str:"data\models\units\bladeoverseer\bladeoverseer.nif";
  animation = {
    loop = fixp:"0";
    duration = fixp:"18.8333339691162109375";
  }
  #0 = {
    scale = fixp:"1";
    name = str:"BladeOverseer";
    translation = xpoint3:"-96.01721954345703125,-80.59272003173828125,115.3983001708984375";
    rotation = {
      0 = xpoint3:"1,0,0";
      1 = xpoint3:"0,-1,0";
      2 = xpoint3:"0,0,-1";
    }
  }
  #1 = {
    scale = fixp:"1";
    name = str:"ROOT";
    translation = xpoint3:"0,0,0";
    rotation = {
      0 = xpoint3:"1,0,0";
      1 = xpoint3:"0,1,0";
      2 = xpoint3:"0,0,1";
    }
    #2 = {
      scale = fixp:"1";
      name = str:"ROOT NonAccum";
      translation = xpoint3:"0,0,0";
      rotation = {
        0 = xpoint3:"1,0,0";
        1 = xpoint3:"0,1,0";
        2 = xpoint3:"0,0,1";
      }
      #0 = {
        scale = fixp:"1";
        name = str:"Bip01";
        translation = xpoint3:"0.01827823929488658905029296875,-2.7611157894134521484375,101.84067535400390625";
        rotation = {
          0 = xpoint3:"1,0,0";
          1 = xpoint3:"0,0,-0.999999940395355224609375";
          2 = xpoint3:"0,0.999999940395355224609375,0";
        }
        #0 = {
          scale = fixp:"1";
          name = str:"Box03";
          translation = xpoint3:"-0.04606211185455322265625,0.01961486041545867919921875,-8.24031829833984375";
          rotation = {
            0 = xpoint3:"1,0,0";
            1 = xpoint3:"0,1,0";
            2 = xpoint3:"0,0,1";
          }
          #0 = {
            scale = fixp:"1";
            name = str:"Box01";
            translation = xpoint3:"-0.00385093502700328826904296875,14.359893798828125,-3.00838470458984375";
            rotation = {
              0 = xpoint3:"1,0,0";
              1 = xpoint3:"0,1,0";
              2 = xpoint3:"0,0,1";
            }
            #0 = {
              scale = fixp:"1";
              name = str:"Box02";
              translation = xpoint3:"0,22.02553558349609375,0";
              rotation = {
                0 = xpoint3:"1,0,0";
                1 = xpoint3:"0,1,0";
                2 = xpoint3:"0,0,1";
              }
              #0 = {
                scale = fixp:"1";
                name = str:"Box04";
                translation = xpoint3:"-0.042015016078948974609375,22.1576690673828125,1.62330639362335205078125";
                rotation = {
                  0 = xpoint3:"1,0,0";
                  1 = xpoint3:"0,1,0";
                  2 = xpoint3:"0,0,1";
                }
                #0 = {
                  scale = fixp:"1";
                  name = str:"Box05";
                  translation = xpoint3:"0.24211753904819488525390625,17.28973388671875,2.6728060245513916015625";
                  rotation = {
                    0 = xpoint3:"0.115310467779636383056640625,0,-0.993329226970672607421875";
                    1 = xpoint3:"-0.65044176578521728515625,0.755731046199798583984375,-0.076132237911224365234375";
                    2 = xpoint3:"0.750752389430999755859375,0.65488159656524658203125,0.0866086781024932861328125";
                  }
                  #0 = {
                    scale = fixp:"1";
                    name = str:"pt_head";
                    translation = xpoint3:"-4.501769542694091796875,6.936965465545654296875,0.12840302288532257080078125";
                    rotation = {
                      0 = xpoint3:"0.0065242559649050235748291015625,-0.558421790599822998046875,-0.82953155040740966796875";
                      1 = xpoint3:"0.02037805505096912384033203125,-0.82930266857147216796875,0.558427989482879638671875";
                      2 = xpoint3:"-0.999771058559417724609375,-0.02054756693542003631591796875,0.0059689716435968875885009765625";
                    }
                  }
                }
              }
              #1 = {
                scale = fixp:"1";
                name = str:"Bone01";
                translation = xpoint3:"30.73021697998046875,13.5916595458984375,3.88897609710693359375";
                rotation = {
                  0 = xpoint3:"0.88713109493255615234375,0.04150654375553131103515625,0.4594691097736358642578125";
                  1 = xpoint3:"-0.45717012882232666015625,0.21326209604740142822265625,0.862770617008209228515625";
                  2 = xpoint3:"-0.0618882477283477783203125,-0.975527942180633544921875,0.2082452476024627685546875";
                }
                #0 = {
                  scale = fixp:"1";
                  name = str:"Bone GUN 01";
                  translation = xpoint3:"32.245136260986328125,0,0";
                  rotation = {
                    0 = xpoint3:"0.081015028059482574462890625,0.995993793010711669921875,0.009969837963581085205078125";
                    1 = xpoint3:"-0.988292157649993896484375,0.081631623208522796630859375,-0.123621635138988494873046875";
                    2 = xpoint3:"-0.124022983014583587646484375,0,0.99227368831634521484375";
                  }
                  #0 = {
                    scale = fixp:"1";
                    name = str:"Bone03";
                    translation = xpoint3:"87.03104400634765625,0,0";
                    rotation = {
                      0 = xpoint3:"0.998514831066131591796875,0.02422666735947132110595703125,0.0487757362425327301025390625";
                      1 = xpoint3:"-0.00642696954309940338134765625,0.941810309886932373046875,-0.335957705974578857421875";
                      2 = xpoint3:"-0.0540804751217365264892578125,0.335144698619842529296875,0.940567433834075927734375";
                    }
                  }
                  #1 = {
                    scale = fixp:"1";
                    name = str:"pt_shoot_1";
                    translation = xpoint3:"91.44512939453125,0.27238261699676513671875,-1.39636862277984619140625";
                    rotation = {
                      0 = xpoint3:"-0.99967467784881591796875,-0.02185192145407199859619140625,0.013156349770724773406982421875";
                      1 = xpoint3:"0.00432103313505649566650390625,-0.653428494930267333984375,-0.7569758892059326171875";
                      2 = xpoint3:"0.02513811178505420684814453125,-0.756672799587249755859375,0.653310298919677734375";
                    }
                  }
                  #2 = {
                    scale = fixp:"1";
                    name = str:"pt_hand";
                    translation = xpoint3:"78.2760772705078125,0.8312366008758544921875,-1.8869030475616455078125";
                    rotation = {
                      0 = xpoint3:"0.0216101668775081634521484375,-0.99974811077117919921875,0.0060607739724218845367431640625";
                      1 = xpoint3:"0.63648402690887451171875,0.00908252783119678497314453125,-0.771236419677734375";
                      2 = xpoint3:"0.770987093448638916015625,0.0205241404473781585693359375,0.636519968509674072265625";
                    }
                  }
                }
              }
              #2 = {
                scale = fixp:"1";
                name = str:"Bone04";
                translation = xpoint3:"-30.74164581298828125,13.138671875,3.84429836273193359375";
                rotation = {
                  0 = xpoint3:"-0.934762775897979736328125,-0.04503221809864044189453125,-0.348400592803955078125";
                  1 = xpoint3:"-0.335600078105926513671875,-0.17766250669956207275390625,0.92417514324188232421875";
                  2 = xpoint3:"-0.103843532502651214599609375,0.98219096660614013671875,0.15260295569896697998046875";
                }
                #0 = {
                  scale = fixp:"1";
                  name = str:"Bone GUN 02";
                  translation = xpoint3:"32.13262939453125,0,0";
                  rotation = {
                    0 = xpoint3:"0.054129980504512786865234375,-0.997828066349029541015625,0.006034217774868011474609375";
                    1 = xpoint3:"0.983710587024688720703125,0.0543860159814357757568359375,0.16728244721889495849609375";
                    2 = xpoint3:"-0.1673643589019775390625,-0.0029998719692230224609375,0.9858801364898681640625";
                  }
                  #0 = {
                    scale = fixp:"1";
                    name = str:"Bone06";
                    translation = xpoint3:"87.609710693359375,0,0";
                    rotation = {
                      0 = xpoint3:"0.992309868335723876953125,0,0.123733617365360260009765625";
                      1 = xpoint3:"-0.04004348814487457275390625,0.9462239742279052734375,0.320902884006500244140625";
                      2 = xpoint3:"-0.117074884474277496337890625,-0.323391616344451904296875,0.9389476776123046875";
                    }
                  }
                  #1 = {
                    scale = fixp:"1";
                    name = str:"pt_shoot_2";
                    translation = xpoint3:"92.88063812255859375,-0.20089839398860931396484375,0.521815240383148193359375";
                    rotation = {
                      0 = xpoint3:"-0.9998695850372314453125,0.01613836549222469329833984375,0";
                      1 = xpoint3:"-0.01048810593783855438232421875,-0.621337711811065673828125,0.783472716808319091796875";
                      2 = xpoint3:"0.012279667891561985015869140625,0.7833766937255859375,0.621425926685333251953125";
                    }
                  }
                  #2 = {
                    scale = fixp:"1";
                    name = str:"pt_hand@#0";
                    translation = xpoint3:"76.9007110595703125,-0.552268505096435546875,0.334178626537322998046875";
                    rotation = {
                      0 = xpoint3:"-0.01612778194248676300048828125,-0.99967086315155029296875,-0.0199497900903224945068359375";
                      1 = xpoint3:"0.638594567775726318359375,-0.0256512425839900970458984375,0.7691156864166259765625";
                      2 = xpoint3:"-0.769374310970306396484375,0,0.63879811763763427734375";
                    }
                  }
                }
              }
              #3 = {
                scale = fixp:"1";
                name = str:"IK Chain02";
                translation = xpoint3:"-63.977283477783203125,-28.192440032958984375,82.55947113037109375";
                rotation = {
                  0 = xpoint3:"1,0,0";
                  1 = xpoint3:"0,0,0.9992744922637939453125";
                  2 = xpoint3:"0,-0.9992744922637939453125,0";
                }
              }
              #4 = {
                scale = fixp:"1";
                name = str:"IK Chain01";
                translation = xpoint3:"56.994258880615234375,-31.993221282958984375,83.24478912353515625";
                rotation = {
                  0 = xpoint3:"1,0,0";
                  1 = xpoint3:"0,0,0.9992744922637939453125";
                  2 = xpoint3:"0,-0.9992744922637939453125,0";
                }
              }
              #5 = {
                scale = fixp:"1";
                name = str:"Dummy02";
                translation = xpoint3:"-86.2373809814453125,24.064556121826171875,-88.7207489013671875";
                rotation = {
                  0 = xpoint3:"1,0,0";
                  1 = xpoint3:"0,0,0.999999940395355224609375";
                  2 = xpoint3:"0,-0.999999940395355224609375,0";
                }
              }
              #6 = {
                scale = fixp:"1";
                name = str:"Dummy01";
                translation = xpoint3:"83.57399749755859375,21.426082611083984375,-88.7207489013671875";
                rotation = {
                  0 = xpoint3:"1,0,0";
                  1 = xpoint3:"0,0,0.999999940395355224609375";
                  2 = xpoint3:"0,-0.999999940395355224609375,0";
                }
              }
              #7 = {
                scale = fixp:"1";
                name = str:"pt_chest ";
                translation = xpoint3:"0.363921225070953369140625,15.00860595703125,3.970412731170654296875";
                rotation = {
                  0 = xpoint3:"0.999999701976776123046875,0,0";
                  1 = xpoint3:"0,0.07704468071460723876953125,0.99702751636505126953125";
                  2 = xpoint3:"0,-0.99702751636505126953125,0.077044360339641571044921875";
                }
              }
            }
            #1 = {
              scale = fixp:"1";
              name = str:"pt_aim";
              translation = xpoint3:"0,0,0";
              rotation = {
                0 = xpoint3:"1,0,0";
                1 = xpoint3:"0,1,0";
                2 = xpoint3:"0,0,1";
              }
            }
          }
          #1 = {
            scale = fixp:"1";
            name = str:"Bone07";
            translation = xpoint3:"0.02778329886496067047119140625,1.05683958530426025390625,18.6185455322265625";
            rotation = {
              0 = xpoint3:"0,0,-0.999274432659149169921875";
              1 = xpoint3:"-0.70892179012298583984375,0.7049834728240966796875,0";
              2 = xpoint3:"0.704257905483245849609375,0.70892179012298583984375,0";
            }
            #0 = {
              scale = fixp:"1";
              name = str:"Bone08";
              translation = xpoint3:"48.025524139404296875,0,0";
              rotation = {
                0 = xpoint3:"0.991348922252655029296875,-0.13120494782924652099609375,0";
                1 = xpoint3:"0.13120494782924652099609375,0.991348922252655029296875,0";
                2 = xpoint3:"0,0,1";
              }
              #0 = {
                scale = fixp:"1";
                name = str:"Bone09";
                translation = xpoint3:"43.31835174560546875,0,0";
                rotation = {
                  0 = xpoint3:"0.46321713924407958984375,0.88580524921417236328125,0";
                  1 = xpoint3:"-0.88580524921417236328125,0.46321713924407958984375,0";
                  2 = xpoint3:"0,0,1";
                }
                #0 = {
                  scale = fixp:"1";
                  name = str:"Bone10";
                  translation = xpoint3:"40.973720550537109375,0,0";
                  rotation = {
                    0 = xpoint3:"0.995356082916259765625,-0.0962265431880950927734375,0";
                    1 = xpoint3:"0.0962265431880950927734375,0.995356082916259765625,0";
                    2 = xpoint3:"0,0,1";
                  }
                  #0 = {
                    scale = fixp:"1";
                    name = str:"pt_foot";
                    translation = xpoint3:"-8.36819553375244140625,2.59814357757568359375,-0.18454837799072265625";
                    rotation = {
                      0 = xpoint3:"0,-0.258985698223114013671875,-0.965881168842315673828125";
                      1 = xpoint3:"0,-0.965880692005157470703125,0.258985698223114013671875";
                      2 = xpoint3:"-0.999999523162841796875,0,0";
                    }
                  }
                  #1 = {
                    scale = fixp:"1";
                    name = str:"pt_footprint02";
                    translation = xpoint3:"1.841050624847412109375,0.032193101942539215087890625,-0.016731202602386474609375";
                    rotation = {
                      0 = xpoint3:"-0.003783819265663623809814453125,-0.2566592693328857421875,-0.96649456024169921875";
                      1 = xpoint3:"0,-0.96650183200836181640625,0.2566592991352081298828125";
                      2 = xpoint3:"-0.99999272823333740234375,0,0.003783266060054302215576171875";
                    }
                  }
                }
              }
            }
          }
          #2 = {
            scale = fixp:"1";
            name = str:"Bone11";
            translation = xpoint3:"-18.4212894439697265625,1.05684661865234375,6.779052734375";
            rotation = {
              0 = xpoint3:"-0.60918414592742919921875,-0.613870143890380859375,0.4997227489948272705078125";
              1 = xpoint3:"-0.70892179012298583984375,0.7049834728240966796875,0";
              2 = xpoint3:"-0.3521210253238677978515625,-0.354589402675628662109375,-0.86462199687957763671875";
            }
            #0 = {
              scale = fixp:"1";
              name = str:"Bone12";
              translation = xpoint3:"48.0255126953125,0,0";
              rotation = {
                0 = xpoint3:"0.991348922252655029296875,-0.13120494782924652099609375,0";
                1 = xpoint3:"0.13120494782924652099609375,0.991348922252655029296875,0";
                2 = xpoint3:"0,0,1";
              }
              #0 = {
                scale = fixp:"1";
                name = str:"Bone13";
                translation = xpoint3:"43.318355560302734375,0,0";
                rotation = {
                  0 = xpoint3:"0.4629925191402435302734375,0.885922491550445556640625,0";
                  1 = xpoint3:"-0.885922372341156005859375,0.4629925191402435302734375,0";
                  2 = xpoint3:"0,0,0.999999940395355224609375";
                }
                #0 = {
                  scale = fixp:"1";
                  name = str:"Bone14";
                  translation = xpoint3:"40.973728179931640625,0,0";
                  rotation = {
                    0 = xpoint3:"0.995356082916259765625,-0.09622652828693389892578125,0";
                    1 = xpoint3:"0.09622652828693389892578125,0.995356082916259765625,0";
                    2 = xpoint3:"0,0,1";
                  }
                  #0 = {
                    scale = fixp:"1";
                    name = str:"pt_foot@#1";
                    translation = xpoint3:"-6.67342281341552734375,-2.1233367919921875,-1.6278111934661865234375";
                    rotation = {
                      0 = xpoint3:"0.0619108341634273529052734375,-0.2272116839885711669921875,-0.971875488758087158203125";
                      1 = xpoint3:"-0.829400837421417236328125,0.529962062835693359375,-0.1767329871654510498046875";
                      2 = xpoint3:"0.555212914943695068359375,0.817015945911407470703125,-0.1556391417980194091796875";
                    }
                  }
                  #1 = {
                    scale = fixp:"1";
                    name = str:"pt_footprint01";
                    translation = xpoint3:"3.532928466796875,-0.07159413397312164306640625,0.3131230175495147705078125";
                    rotation = {
                      0 = xpoint3:"0.07045207917690277099609375,-0.23438854515552520751953125,-0.969586789608001708984375";
                      1 = xpoint3:"-0.828486144542694091796875,0.527601718902587890625,-0.1877422332763671875";
                      2 = xpoint3:"0.555560290813446044921875,0.81651604175567626953125,-0.15701700747013092041015625";
                    }
                  }
                }
              }
            }
          }
          #3 = {
            scale = fixp:"1";
            name = str:"Bone15";
            translation = xpoint3:"19.1336650848388671875,1.05684673786163330078125,7.23781585693359375";
            rotation = {
              0 = xpoint3:"0.61062848567962646484375,0.613982141017913818359375,0.499593555927276611328125";
              1 = xpoint3:"-0.708921968936920166015625,0.704983413219451904296875,0";
              2 = xpoint3:"-0.352132737636566162109375,-0.354395568370819091796875,0.866147816181182861328125";
            }
            #0 = {
              scale = fixp:"1";
              name = str:"Bone16";
              translation = xpoint3:"48.025524139404296875,0,0";
              rotation = {
                0 = xpoint3:"0.991348922252655029296875,-0.1312049925327301025390625,0";
                1 = xpoint3:"0.1312049925327301025390625,0.991348922252655029296875,0";
                2 = xpoint3:"0,0,1";
              }
              #0 = {
                scale = fixp:"1";
                name = str:"Bone17";
                translation = xpoint3:"43.31835174560546875,0,0";
                rotation = {
                  0 = xpoint3:"0.4629928767681121826171875,0.88592231273651123046875,0";
                  1 = xpoint3:"-0.8859221935272216796875,0.4629928767681121826171875,0";
                  2 = xpoint3:"0,0,0.999999940395355224609375";
                }
                #0 = {
                  scale = fixp:"1";
                  name = str:"Bone18";
                  translation = xpoint3:"40.973712921142578125,0,0";
                  rotation = {
                    0 = xpoint3:"0.995356082916259765625,-0.0962265431880950927734375,0";
                    1 = xpoint3:"0.0962265431880950927734375,0.995356082916259765625,0";
                    2 = xpoint3:"0,0,1";
                  }
                  #0 = {
                    scale = fixp:"1";
                    name = str:"pt_foot@#2";
                    translation = xpoint3:"-5.187893390655517578125,-2.4392979145050048828125,2.0631763935089111328125";
                    rotation = {
                      0 = xpoint3:"-0.0635135471820831298828125,-0.3221491873264312744140625,-0.944555938243865966796875";
                      1 = xpoint3:"0.862524211406707763671875,0.458381354808807373046875,-0.21433262526988983154296875";
                      2 = xpoint3:"0.502013862133026123046875,-0.828315436840057373046875,0.2487480342388153076171875";
                    }
                  }
                  #1 = {
                    scale = fixp:"1";
                    name = str:"pt_footprint03";
                    translation = xpoint3:"4.818179607391357421875,-0.07993148267269134521484375,-0.7439239025115966796875";
                    rotation = {
                      0 = xpoint3:"-0.05508899688720703125,-0.329274654388427734375,-0.942625820636749267578125";
                      1 = xpoint3:"0.863780558109283447265625,0.4578328430652618408203125,-0.210409641265869140625";
                      2 = xpoint3:"0.500847637653350830078125,-0.825813114643096923828125,0.25919950008392333984375";
                    }
                  }
                }
              }
            }
          }
        }
        #1 = {
          scale = fixp:"1";
          name = str:"pt_center";
          translation = xpoint3:"-0.25378239154815673828125,11.2814483642578125,-2.7610931396484375";
          rotation = {
            0 = xpoint3:"-1,0,0";
            1 = xpoint3:"0,0,1";
            2 = xpoint3:"0,1,0";
          }
        }
        #2 = {
          scale = fixp:"1";
          name = str:"pt_cast";
          translation = xpoint3:"-0.4228363931179046630859375,29.6743106842041015625,39.6023406982421875";
          rotation = {
            0 = xpoint3:"-1,0,0";
            1 = xpoint3:"0,0,1";
            2 = xpoint3:"0,1,0";
          }
        }
      }
      #1 = {
        scale = fixp:"1";
        name = str:"pt_ground";
        translation = xpoint3:"0,0,0";
        rotation = {
          0 = xpoint3:"1,0,0";
          1 = xpoint3:"0,1,0";
          2 = xpoint3:"0,0,1";
        }
      }
      #2 = {
        scale = fixp:"1";
        name = str:"pt_top";
        translation = xpoint3:"0.340145111083984375,-3.069622039794921875,230.1642303466796875";
        rotation = {
          0 = xpoint3:"0,0,1";
          1 = xpoint3:"0,-1,0";
          2 = xpoint3:"1,0,0";
        }
      }
    }
  }
  #3 = {
    scale = fixp:"1";
    name = str:"BladeOverseer1000";
    translation = xpoint3:"0,0,0";
    rotation = {
      0 = xpoint3:"1,0,0";
      1 = xpoint3:"0,1,0";
      2 = xpoint3:"0,0,1";
    }
  }
  #4 = {
    scale = fixp:"1";
    name = str:"BladeOverseer535";
    translation = xpoint3:"0,0,0";
    rotation = {
      0 = xpoint3:"1,0,0";
      1 = xpoint3:"0,1,0";
      2 = xpoint3:"0,0,1";
    }
  }
}