model = {
  file = str:"data\models\earth\earth.nif";
  animation = {
    loop = fixp:"62.100002288818359375";
    duration = fixp:"1000";
  }
  #0 = {
    scale = fixp:"1";
    name = str:"glow1";
    translation = xpoint3:"0,-341.125732421875,0";
    rotation = {
      0 = xpoint3:"-0.96592581272125244140625,0.2588190734386444091796875,0";
      1 = xpoint3:"0,0,-1";
      2 = xpoint3:"-0.2588190734386444091796875,-0.96592581272125244140625,0";
    }
  }
  #1 = {
    scale = fixp:"1";
    name = str:"glow2";
    translation = xpoint3:"0,-37.439208984375,0";
    rotation = {
      0 = xpoint3:"0.29210078716278076171875,-0.956387460231781005859375,0";
      1 = xpoint3:"0,0,-0.99999988079071044921875";
      2 = xpoint3:"0.956387460231781005859375,0.2921006679534912109375,0";
    }
  }
  #2 = {
    scale = fixp:"1";
    name = str:"clouds";
    translation = xpoint3:"0,0,0";
    rotation = {
      0 = xpoint3:"1,0,0";
      1 = xpoint3:"0,1,0";
      2 = xpoint3:"0,0,1";
    }
  }
  #3 = {
    scale = fixp:"1";
    name = str:"Galaxy";
    translation = xpoint3:"-47.9592132568359375,-67.35723876953125,0";
    rotation = {
      0 = xpoint3:"1,0,0";
      1 = xpoint3:"0,1,0";
      2 = xpoint3:"0,0,1";
    }
  }
  #4 = {
    scale = fixp:"1";
    name = str:"EarthGlobe";
    translation = xpoint3:"0,0,0";
    rotation = {
      0 = xpoint3:"1,0,0";
      1 = xpoint3:"0,1,0";
      2 = xpoint3:"0,0,1";
    }
    #0 = {
      scale = fixp:"1";
      name = str:"HighStreaks";
      translation = xpoint3:"0,0,0";
      rotation = {
        0 = xpoint3:"-0.9961946010589599609375,-0.08715663850307464599609375,0";
        1 = xpoint3:"0.08190058171749114990234375,-0.936116695404052734375,0.3420201838016510009765625";
        2 = xpoint3:"-0.0298089683055877685546875,0.340718686580657958984375,0.93969261646270751953125";
      }
    }
    #1 = {
      scale = fixp:"1";
      name = str:"HighStreaks01";
      translation = xpoint3:"0,0,0";
      rotation = {
        0 = xpoint3:"-0.588272750377655029296875,0.555651485919952392578125,-0.587525844573974609375";
        1 = xpoint3:"-0.80594122409820556640625,-0.4624110758304595947265625,0.3696413934230804443359375";
        2 = xpoint3:"-0.06628666818141937255859375,0.69096124172210693359375,0.719846248626708984375";
      }
    }
    #2 = {
      scale = fixp:"1";
      name = str:"HighStreaks02";
      translation = xpoint3:"-107.6442108154296875,162.4877166748046875,0";
      rotation = {
        0 = xpoint3:"-0.899482786655426025390625,0.4361705482006072998046875,-0.02619076706469058990478515625";
        1 = xpoint3:"-0.3848955631256103515625,-0.8192646503448486328125,-0.4250421226024627685546875";
        2 = xpoint3:"-0.20684802532196044921875,-0.3722373545169830322265625,0.90479457378387451171875";
      }
    }
    #3 = {
      scale = fixp:"1";
      name = str:"HighStreaks03";
      translation = xpoint3:"-186.963623046875,0,0";
      rotation = {
        0 = xpoint3:"0.00523509643971920013427734375,0.940150737762451171875,-0.3407187163829803466796875";
        1 = xpoint3:"-0.99954187870025634765625,-0.0052370890043675899505615234375,-0.0298086069524288177490234375";
        2 = xpoint3:"-0.02980895526707172393798828125,0.3407186567783355712890625,0.93969261646270751953125";
      }
    }
    #4 = {
      scale = fixp:"1";
      name = str:"HighStreaks04";
      translation = xpoint3:"-218.071014404296875,0,-1557.044189453125";
      rotation = {
        0 = xpoint3:"0.01808440871536731719970703125,0.694177091121673583984375,-0.719577014446258544921875";
        1 = xpoint3:"-0.9995238780975341796875,-0.0054429112933576107025146484375,-0.03037083148956298828125";
        2 = xpoint3:"-0.02499932236969470977783203125,0.71978366374969482421875,0.693748176097869873046875";
      }
    }
    #5 = {
      scale = fixp:"1";
      name = str:"HighStreaks05";
      translation = xpoint3:"111.469451904296875,189.8767852783203125,0";
      rotation = {
        0 = xpoint3:"-0.66932475566864013671875,-0.62067782878875732421875,-0.408366739749908447265625";
        1 = xpoint3:"0.71359527111053466796875,-0.690071284770965576171875,-0.12076170742511749267578125";
        2 = xpoint3:"-0.20684804022312164306640625,-0.372237384319305419921875,0.90479457378387451171875";
      }
    }
    #6 = {
      scale = fixp:"1";
      name = str:"HighStreaks06";
      translation = xpoint3:"-338.300140380859375,-18.5195865631103515625,98.1949462890625";
      rotation = {
        0 = xpoint3:"-0.59581124782562255859375,0.22910939157009124755859375,0.7697517871856689453125";
        1 = xpoint3:"0.525340557098388671875,-0.61377918720245361328125,0.5893151760101318359375";
        2 = xpoint3:"0.60747528076171875,0.7555024623870849609375,0.245336115360260009765625";
      }
    }
    #7 = {
      scale = fixp:"1";
      name = str:"Halo";
      translation = xpoint3:"-1.5859832763671875,0,8.6218719482421875";
      rotation = {
        0 = xpoint3:"1,0,0";
        1 = xpoint3:"0,0,-1";
        2 = xpoint3:"0,1,0";
      }
    }
    #8 = {
      scale = fixp:"1";
      name = str:"HighStreaks07";
      translation = xpoint3:"0,0,0";
      rotation = {
        0 = xpoint3:"0.9961946010589599609375,0.087156735360622406005859375,0";
        1 = xpoint3:"-0.081900678575038909912109375,0.936116695404052734375,-0.3420201838016510009765625";
        2 = xpoint3:"-0.02980897016823291778564453125,0.3407187163829803466796875,0.93969261646270751953125";
      }
    }
    #9 = {
      scale = fixp:"1";
      name = str:"HighStreaks08";
      translation = xpoint3:"0,0,0";
      rotation = {
        0 = xpoint3:"0.588272631168365478515625,-0.55565154552459716796875,0.587525844573974609375";
        1 = xpoint3:"0.805941283702850341796875,0.4624110162258148193359375,-0.36964130401611328125";
        2 = xpoint3:"-0.066286660730838775634765625,0.69096124172210693359375,0.719846248626708984375";
      }
    }
    #10 = {
      scale = fixp:"1";
      name = str:"HighStreaks09";
      translation = xpoint3:"-107.6442108154296875,162.4877166748046875,0";
      rotation = {
        0 = xpoint3:"0.89948272705078125,-0.4361706674098968505859375,0.0261906944215297698974609375";
        1 = xpoint3:"0.3848957121372222900390625,0.819264590740203857421875,0.42504215240478515625";
        2 = xpoint3:"-0.20684802532196044921875,-0.372237384319305419921875,0.90479457378387451171875";
      }
    }
    #11 = {
      scale = fixp:"1";
      name = str:"HighStreaks10";
      translation = xpoint3:"-186.963623046875,0,0";
      rotation = {
        0 = xpoint3:"-0.0052351020276546478271484375,-0.940150737762451171875,0.340718686580657958984375";
        1 = xpoint3:"0.99954187870025634765625,0.0052370945923030376434326171875,0.02980863489210605621337890625";
        2 = xpoint3:"-0.02980898506939411163330078125,0.340718686580657958984375,0.93969261646270751953125";
      }
    }
    #12 = {
      scale = fixp:"1";
      name = str:"HighStreaks11";
      translation = xpoint3:"-218.071014404296875,0,-1557.044189453125";
      rotation = {
        0 = xpoint3:"-0.0180845819413661956787109375,-0.69417703151702880859375,0.7195770740509033203125";
        1 = xpoint3:"0.9995238780975341796875,0.0054427743889391422271728515625,0.03037091158330440521240234375";
        2 = xpoint3:"-0.02499929629266262054443359375,0.719783723354339599609375,0.69374811649322509765625";
      }
    }
    #13 = {
      scale = fixp:"1";
      name = str:"HighStreaks12";
      translation = xpoint3:"111.469451904296875,189.8767852783203125,0";
      rotation = {
        0 = xpoint3:"0.669324696063995361328125,0.620677888393402099609375,0.408366739749908447265625";
        1 = xpoint3:"-0.71359539031982421875,0.69007122516632080078125,0.120761670172214508056640625";
        2 = xpoint3:"-0.20684802532196044921875,-0.372237384319305419921875,0.90479457378387451171875";
      }
    }
    #14 = {
      scale = fixp:"1";
      name = str:"HighStreaks13";
      translation = xpoint3:"-338.300140380859375,-18.5195865631103515625,98.1949462890625";
      rotation = {
        0 = xpoint3:"0.595811307430267333984375,-0.229109466075897216796875,-0.7697517871856689453125";
        1 = xpoint3:"-0.525340557098388671875,0.61377918720245361328125,-0.589315235614776611328125";
        2 = xpoint3:"0.60747528076171875,0.755502521991729736328125,0.24533607065677642822265625";
      }
    }
    #15 = {
      scale = fixp:"1";
      name = str:"HighStreaks14";
      translation = xpoint3:"0,0,0";
      rotation = {
        0 = xpoint3:"0.546975612640380859375,0.3290919363498687744140625,0.76975071430206298828125";
        1 = xpoint3:"-0.081900618970394134521484375,0.9361164569854736328125,-0.342020809650421142578125";
        2 = xpoint3:"-0.83313262462615966796875,0.12403397262096405029296875,0.538985729217529296875";
      }
    }
    #16 = {
      scale = fixp:"1";
      name = str:"HighStreaks15";
      translation = xpoint3:"0,0,0";
      rotation = {
        0 = xpoint3:"0.2831207215785980224609375,0.2472937107086181640625,0.92665445804595947265625";
        1 = xpoint3:"0.8059413433074951171875,0.462410748004913330078125,-0.3696415126323699951171875";
        2 = xpoint3:"-0.51990497112274169921875,0.851482331752777099609375,-0.068386144936084747314453125";
      }
    }
    #17 = {
      scale = fixp:"1";
      name = str:"HighStreaks16";
      translation = xpoint3:"-107.6442108154296875,162.4877166748046875,0";
      rotation = {
        0 = xpoint3:"0.3464821875095367431640625,-0.555095970630645751953125,0.75618684291839599609375";
        1 = xpoint3:"0.384895980358123779296875,0.819264709949493408203125,0.4250417053699493408203125";
        2 = xpoint3:"-0.8554561138153076171875,0.14378388226032257080078125,0.49751484394073486328125";
      }
    }
    #18 = {
      scale = fixp:"1";
      name = str:"HighStreaks17";
      translation = xpoint3:"-186.963623046875,0,0";
      rotation = {
        0 = xpoint3:"-0.02742053009569644927978515625,-0.2601478993892669677734375,0.965179383754730224609375";
        1 = xpoint3:"0.999541938304901123046875,0.0052366233430802822113037109375,0.02980820648372173309326171875";
        2 = xpoint3:"-0.01280882768332958221435546875,0.96555459499359130859375,0.259885132312774658203125";
      }
    }
    #19 = {
      scale = fixp:"1";
      name = str:"HighStreaks18";
      translation = xpoint3:"-218.071014404296875,0,-1557.044189453125";
      rotation = {
        0 = xpoint3:"-0.03085079975426197052001953125,0.19144870340824127197265625,0.981017649173736572265625";
        1 = xpoint3:"0.9995238780975341796875,0.005442404188215732574462890625,0.03037067316472530364990234375";
        2 = xpoint3:"0,0.9814875125885009765625,-0.19152550399303436279296875";
      }
    }
    #20 = {
      scale = fixp:"1";
      name = str:"HighStreaks19";
      translation = xpoint3:"111.469451904296875,189.8767852783203125,0";
      rotation = {
        0 = xpoint3:"0.214468777179718017578125,0.0510872341692447662353515625,0.97539389133453369140625";
        1 = xpoint3:"-0.7135951519012451171875,0.69007146358489990234375,0.120761521160602569580078125";
        2 = xpoint3:"-0.666922092437744140625,-0.721935927867889404296875,0.184454381465911865234375";
      }
    }
    #21 = {
      scale = fixp:"1";
      name = str:"HighStreaks20";
      translation = xpoint3:"-338.300140380859375,-18.5195865631103515625,98.1949462890625";
      rotation = {
        0 = xpoint3:"0.839357793331146240234375,0.4874598979949951171875,-0.240543901920318603515625";
        1 = xpoint3:"-0.52534067630767822265625,0.61377871036529541015625,-0.5893156528472900390625";
        2 = xpoint3:"-0.13962699472904205322265625,0.621014118194580078125,0.771262466907501220703125";
      }
    }
    #22 = {
      scale = fixp:"1";
      name = str:"HighStreaks21";
      translation = xpoint3:"0,0,0";
      rotation = {
        0 = xpoint3:"-0.546975672245025634765625,-0.3290919363498687744140625,-0.769750654697418212890625";
        1 = xpoint3:"0.08190070092678070068359375,-0.936116516590118408203125,0.3420207500457763671875";
        2 = xpoint3:"-0.833132565021514892578125,0.124033905565738677978515625,0.53898584842681884765625";
      }
    }
    #23 = {
      scale = fixp:"1";
      name = str:"HighStreaks22";
      translation = xpoint3:"0,0,0";
      rotation = {
        0 = xpoint3:"-0.2831206023693084716796875,-0.2472937107086181640625,-0.926654517650604248046875";
        1 = xpoint3:"-0.8059413433074951171875,-0.4624108374118804931640625,0.36964142322540283203125";
        2 = xpoint3:"-0.51990509033203125,0.85148227214813232421875,-0.0683861672878265380859375";
      }
    }
    #24 = {
      scale = fixp:"1";
      name = str:"HighStreaks23";
      translation = xpoint3:"-107.6442108154296875,162.4877166748046875,0";
      rotation = {
        0 = xpoint3:"-0.346482217311859130859375,0.5550959110260009765625,-0.75618684291839599609375";
        1 = xpoint3:"-0.384895801544189453125,-0.81926476955413818359375,-0.425041735172271728515625";
        2 = xpoint3:"-0.855456173419952392578125,0.143783748149871826171875,0.4975147545337677001953125";
      }
    }
    #25 = {
      scale = fixp:"1";
      name = str:"HighStreaks24";
      translation = xpoint3:"-186.963623046875,0,0";
      rotation = {
        0 = xpoint3:"0.02742035500705242156982421875,0.26014804840087890625,-0.96517932415008544921875";
        1 = xpoint3:"-0.999541938304901123046875,-0.00523684732615947723388671875,-0.02980809472501277923583984375";
        2 = xpoint3:"-0.01280902139842510223388671875,0.965554535388946533203125,0.259885311126708984375";
      }
    }
    #26 = {
      scale = fixp:"1";
      name = str:"HighStreaks25";
      translation = xpoint3:"-819.0465087890625,0,416.3768310546875";
      rotation = {
        0 = xpoint3:"0.03085058741271495819091796875,-0.19144867360591888427734375,-0.981017649173736572265625";
        1 = xpoint3:"-0.9995238780975341796875,-0.005442353896796703338623046875,-0.03037046082317829132080078125";
        2 = xpoint3:"0,0.9814875125885009765625,-0.19152545928955078125";
      }
    }
    #27 = {
      scale = fixp:"1";
      name = str:"HighStreaks26";
      translation = xpoint3:"111.469451904296875,189.8767852783203125,0";
      rotation = {
        0 = xpoint3:"-0.214468419551849365234375,-0.0510876588523387908935546875,-0.975393950939178466796875";
        1 = xpoint3:"0.713595211505889892578125,-0.690071523189544677734375,-0.1207609474658966064453125";
        2 = xpoint3:"-0.666922152042388916015625,-0.72193586826324462890625,0.18445445597171783447265625";
      }
    }
    #28 = {
      scale = fixp:"1";
      name = str:"HighStreaks27";
      translation = xpoint3:"-338.300140380859375,-18.5195865631103515625,98.1949462890625";
      rotation = {
        0 = xpoint3:"-0.839357674121856689453125,-0.48746001720428466796875,0.24054397642612457275390625";
        1 = xpoint3:"0.525340855121612548828125,-0.61377871036529541015625,0.589315474033355712890625";
        2 = xpoint3:"-0.13962696492671966552734375,0.621014058589935302734375,0.77126252651214599609375";
      }
    }
    #29 = {
      scale = fixp:"1";
      name = str:"HighStreaks28";
      translation = xpoint3:"0,0,0";
      rotation = {
        0 = xpoint3:"0.996194660663604736328125,0.08715637028217315673828125,0";
        1 = xpoint3:"-0.0435783900320529937744140625,0.4980972707271575927734375,0.866025447845458984375";
        2 = xpoint3:"0.0754795074462890625,-0.86272990703582763671875,0.4999999701976776123046875";
      }
    }
    #30 = {
      scale = fixp:"1";
      name = str:"HighStreaks29";
      translation = xpoint3:"0,0,0";
      rotation = {
        0 = xpoint3:"0.588272571563720703125,-0.555651366710662841796875,0.5875260829925537109375";
        1 = xpoint3:"0.074670486152172088623046875,0.760760962963104248046875,0.644722461700439453125";
        2 = xpoint3:"-0.80520784854888916015625,-0.335401713848114013671875,0.489025592803955078125";
      }
    }
    #31 = {
      scale = fixp:"1";
      name = str:"HighStreaks30";
      translation = xpoint3:"-107.6442108154296875,162.4877166748046875,0";
      rotation = {
        0 = xpoint3:"0.899482429027557373046875,-0.436171233654022216796875,0.02619087509810924530029296875";
        1 = xpoint3:"-0.13686947524547576904296875,-0.22431845963001251220703125,0.964856445789337158203125";
        2 = xpoint3:"-0.41496753692626953125,-0.871456205844879150390625,-0.261469066143035888671875";
      }
    }
    #32 = {
      scale = fixp:"1";
      name = str:"HighStreaks31";
      translation = xpoint3:"-186.963623046875,0,0";
      rotation = {
        0 = xpoint3:"0,-0.938330471515655517578125,0.345738947391510009765625";
        1 = xpoint3:"0.14421246945858001708984375,0.342227160930633544921875,0.928484439849853515625";
        2 = xpoint3:"-0.989546477794647216796875,0.049158386886119842529296875,0.1355775296688079833984375";
      }
    }
    #33 = {
      scale = fixp:"1";
      name = str:"HighStreaks32";
      translation = xpoint3:"-218.071014404296875,0,-1557.044189453125";
      rotation = {
        0 = xpoint3:"-0.01808478869497776031494140625,-0.694176733493804931640625,0.719577372074127197265625";
        1 = xpoint3:"0.1489458978176116943359375,0.709793984889984130859375,0.688482105731964111328125";
        2 = xpoint3:"-0.988679945468902587890625,0.119629152119159698486328125,0.0905582904815673828125";
      }
    }
    #34 = {
      scale = fixp:"1";
      name = str:"HighStreaks33";
      translation = xpoint3:"111.469451904296875,189.8767852783203125,0";
      rotation = {
        0 = xpoint3:"0.66932499408721923828125,0.620677530765533447265625,0.4083667695522308349609375";
        1 = xpoint3:"-0.327620208263397216796875,-0.2467525005340576171875,0.912018716335296630859375";
        2 = xpoint3:"0.6668350696563720703125,-0.744226157665252685546875,0.03818888962268829345703125";
      }
    }
    #35 = {
      scale = fixp:"1";
      name = str:"HighStreaks34";
      translation = xpoint3:"-338.300140380859375,-18.5195865631103515625,98.1949462890625";
      rotation = {
        0 = xpoint3:"0.595811784267425537109375,-0.2291094958782196044921875,-0.769751369953155517578125";
        1 = xpoint3:"0.507021963596343994140625,0.850606262683868408203125,0.139275729656219482421875";
        2 = xpoint3:"0.622845947742462158203125,-0.473262965679168701171875,0.62296473979949951171875";
      }
    }
    #36 = {
      scale = fixp:"1";
      name = str:"HighStreaks35";
      translation = xpoint3:"0,0,0";
      rotation = {
        0 = xpoint3:"-0.996194660663604736328125,-0.08715628087520599365234375,0";
        1 = xpoint3:"-0.015133782289922237396240234375,0.1729873120784759521484375,0.984807789325714111328125";
        2 = xpoint3:"-0.08583231270313262939453125,0.981060206890106201171875,-0.17364801466464996337890625";
      }
    }
    #37 = {
      scale = fixp:"1";
      name = str:"HighStreaks36";
      translation = xpoint3:"0,0,0";
      rotation = {
        0 = xpoint3:"-0.588272631168365478515625,0.55565178394317626953125,-0.587525665760040283203125";
        1 = xpoint3:"-0.20522956550121307373046875,0.6001670360565185546875,0.77309787273406982421875";
        2 = xpoint3:"0.782186806201934814453125,0.57536995410919189453125,-0.23902571201324462890625";
      }
    }
    #38 = {
      scale = fixp:"1";
      name = str:"HighStreaks37";
      translation = xpoint3:"-107.6442108154296875,162.4877166748046875,0";
      rotation = {
        0 = xpoint3:"-0.899482905864715576171875,0.4361703693866729736328125,-0.0261899530887603759765625";
        1 = xpoint3:"-0.27054131031036376953125,-0.5088465213775634765625,0.81724083423614501953125";
        2 = xpoint3:"0.343129575252532958984375,0.7421796321868896484375,0.57570087909698486328125";
      }
    }
    #39 = {
      scale = fixp:"1";
      name = str:"HighStreaks38";
      translation = xpoint3:"-186.963623046875,0,0";
      rotation = {
        0 = xpoint3:"-0.00106299039907753467559814453125,0.941845953464508056640625,-0.3360432684421539306640625";
        1 = xpoint3:"-0.2029247283935546875,0.328848659992218017578125,0.9223232269287109375";
        2 = xpoint3:"0.97919380664825439453125,0.069171898066997528076171875,0.190774261951446533203125";
      }
    }
    #40 = {
      scale = fixp:"1";
      name = str:"HighStreaks39";
      translation = xpoint3:"-218.071014404296875,0,-1557.044189453125";
      rotation = {
        0 = xpoint3:"0.01808490045368671417236328125,0.694177687168121337890625,-0.71957647800445556640625";
        1 = xpoint3:"-0.19818495213985443115234375,0.7079029083251953125,0.67793524265289306640625";
        2 = xpoint3:"0.97999775409698486328125,0.13034884631633758544921875,0.15037794411182403564453125";
      }
    }
    #41 = {
      scale = fixp:"1";
      name = str:"HighStreaks40";
      translation = xpoint3:"111.469451904296875,189.8767852783203125,0";
      rotation = {
        0 = xpoint3:"-0.669325053691864013671875,-0.620678007602691650390625,-0.4083660542964935302734375";
        1 = xpoint3:"-0.07979071140289306640625,-0.4864113032817840576171875,0.87007904052734375";
        2 = xpoint3:"-0.738672733306884765625,0.6149494647979736328125,0.276042938232421875";
      }
    }
    #42 = {
      scale = fixp:"1";
      name = str:"HighStreaks41";
      translation = xpoint3:"-338.300140380859375,-18.5195865631103515625,98.1949462890625";
      rotation = {
        0 = xpoint3:"-0.59581124782562255859375,0.22910989820957183837890625,0.76975166797637939453125";
        1 = xpoint3:"0.689471065998077392578125,0.637442886829376220703125,0.3439422547817230224609375";
        2 = xpoint3:"-0.4118721485137939453125,0.73564612865447998046875,-0.537760317325592041015625";
      }
    }
    #43 = {
      scale = fixp:"1";
      name = str:"HighStreaks42";
      translation = xpoint3:"0,0,0";
      rotation = {
        0 = xpoint3:"-0.5469760894775390625,-0.3290915191173553466796875,-0.769750535488128662109375";
        1 = xpoint3:"-0.80625331401824951171875,-0.040405057370662689208984375,0.590188920497894287109375";
        2 = xpoint3:"-0.2253279983997344970703125,0.943433225154876708984375,-0.243230521678924560546875";
      }
    }
    #44 = {
      scale = fixp:"1";
      name = str:"HighStreaks43";
      translation = xpoint3:"0,0,0";
      rotation = {
        0 = xpoint3:"-0.2831204831600189208984375,-0.247293412685394287109375,-0.926654636859893798828125";
        1 = xpoint3:"-0.6519567966461181640625,0.7582495212554931640625,-0.00315952277742326259613037109375";
        2 = xpoint3:"0.703416764736175537109375,0.603244245052337646484375,-0.37590062618255615234375";
      }
    }
    #45 = {
      scale = fixp:"1";
      name = str:"HighStreaks44";
      translation = xpoint3:"-107.6442108154296875,162.4877166748046875,0";
      rotation = {
        0 = xpoint3:"-0.3464824259281158447265625,0.555096328258514404296875,-0.75618648529052734375";
        1 = xpoint3:"-0.9092962741851806640625,0,0.416148841381072998046875";
        2 = xpoint3:"0.23049996793270111083984375,0.83178579807281494140625,0.50497734546661376953125";
      }
    }
    #46 = {
      scale = fixp:"1";
      name = str:"HighStreaks45";
      translation = xpoint3:"-186.963623046875,0,0";
      rotation = {
        0 = xpoint3:"0.0274208672344684600830078125,0.260148227214813232421875,-0.965179264545440673828125";
        1 = xpoint3:"-0.18618319928646087646484375,0.9499762058258056640625,0.2507610023021697998046875";
        2 = xpoint3:"0.982132375240325927734375,0.17282406985759735107421875,0.07448442280292510986328125";
      }
    }
    #47 = {
      scale = fixp:"1";
      name = str:"HighStreaks46";
      translation = xpoint3:"-218.071014404296875,0,-1557.044189453125";
      rotation = {
        0 = xpoint3:"0.0308511890470981597900390625,-0.19144846498966217041015625,-0.98101770877838134765625";
        1 = xpoint3:"-0.17309741675853729248046875,0.9656314849853515625,-0.19388939440250396728515625";
        2 = xpoint3:"0.98442137241363525390625,0.17579333484172821044921875,-0.00334837916307151317596435546875";
      }
    }
    #48 = {
      scale = fixp:"1";
      name = str:"HighStreaks47";
      translation = xpoint3:"111.469451904296875,189.8767852783203125,0";
      rotation = {
        0 = xpoint3:"-0.21446917951107025146484375,-0.051086895167827606201171875,-0.975393831729888916015625";
        1 = xpoint3:"-0.532875537872314453125,-0.83079779148101806640625,0.16068200767040252685546875";
        2 = xpoint3:"-0.818563759326934814453125,0.55422484874725341796875,0.15095756947994232177734375";
      }
    }
    #49 = {
      scale = fixp:"1";
      name = str:"HighStreaks48";
      translation = xpoint3:"-338.300140380859375,-18.5195865631103515625,98.1949462890625";
      rotation = {
        0 = xpoint3:"-0.8393580913543701171875,-0.48745930194854736328125,0.24054409563541412353515625";
        1 = xpoint3:"-0.0462808720767498016357421875,0.50499820709228515625,0.861878693103790283203125";
        2 = xpoint3:"-0.54160511493682861328125,0.712292253971099853515625,-0.446434319019317626953125";
      }
    }
    #50 = {
      scale = fixp:"1";
      name = str:"HighStreaks49";
      translation = xpoint3:"0,0,0";
      rotation = {
        0 = xpoint3:"0.54697573184967041015625,0.329091489315032958984375,0.7697508335113525390625";
        1 = xpoint3:"-0.834697306156158447265625,0.2847041785717010498046875,0.47140634059906005859375";
        2 = xpoint3:"-0.064015485346317291259765625,-0.900356769561767578125,0.4304180443286895751953125";
      }
    }
    #51 = {
      scale = fixp:"1";
      name = str:"HighStreaks50";
      translation = xpoint3:"0,0,0";
      rotation = {
        0 = xpoint3:"0.2831201851367950439453125,0.2472941875457763671875,0.92665445804595947265625";
        1 = xpoint3:"-0.372056543827056884765625,0.918842971324920654296875,-0.1315353214740753173828125";
        2 = xpoint3:"-0.8839778900146484375,-0.3075275719165802001953125,0.352150440216064453125";
      }
    }
    #52 = {
      scale = fixp:"1";
      name = str:"HighStreaks51";
      translation = xpoint3:"-107.6442108154296875,162.4877166748046875,0";
      rotation = {
        0 = xpoint3:"0.346481621265411376953125,-0.555096328258514404296875,0.75618684291839599609375";
        1 = xpoint3:"-0.775623500347137451171875,0.28386342525482177734375,0.563763916492462158203125";
        2 = xpoint3:"-0.52759706974029541015625,-0.781850159168243408203125,-0.3321923315525054931640625";
      }
    }
    #53 = {
      scale = fixp:"1";
      name = str:"HighStreaks52";
      translation = xpoint3:"-186.963623046875,0,0";
      rotation = {
        0 = xpoint3:"-0.02742080390453338623046875,-0.2601476013660430908203125,0.965179443359375";
        1 = xpoint3:"0.16095463931560516357421875,0.95179498195648193359375,0.2611127793788909912109375";
        2 = xpoint3:"-0.98658084869384765625,0.16251003742218017578125,0.01577298901975154876708984375";
      }
    }
    #54 = {
      scale = fixp:"1";
      name = str:"HighStreaks53";
      translation = xpoint3:"-819.0465087890625,0,416.3768310546875";
      rotation = {
        0 = xpoint3:"-0.03085115365684032440185546875,0.19144891202449798583984375,0.981017589569091796875";
        1 = xpoint3:"0.17403368651866912841796875,0.96752154827117919921875,-0.18334208428859710693359375";
        2 = xpoint3:"-0.984256267547607421875,0.16507379710674285888671875,-0.06316769123077392578125";
      }
    }
    #55 = {
      scale = fixp:"1";
      name = str:"HighStreaks54";
      translation = xpoint3:"111.469451904296875,189.8767852783203125,0";
      rotation = {
        0 = xpoint3:"0.21446855366230010986328125,0.05108697712421417236328125,0.975393950939178466796875";
        1 = xpoint3:"-0.7807047367095947265625,-0.591138303279876708984375,0.20262181758880615234375";
        2 = xpoint3:"0.586944043636322021484375,-0.804950714111328125,-0.08689673244953155517578125";
      }
    }
    #56 = {
      scale = fixp:"1";
      name = str:"HighStreaks55";
      translation = xpoint3:"-338.300140380859375,-18.5195865631103515625,98.1949462890625";
      rotation = {
        0 = xpoint3:"0.839357793331146240234375,0.4874601066112518310546875,-0.24054341018199920654296875";
        1 = xpoint3:"-0.2287305295467376708984375,0.718160808086395263671875,0.657211840152740478515625";
        2 = xpoint3:"0.49311339855194091796875,-0.4966162741184234619140625,0.7142908573150634765625";
      }
    }
  }
}