model = {
  file = str:"data\terrain\detailobjects\miptestgrass.nif";
  animation = {
    loop = fixp:"0";
    duration = fixp:"0";
  }
  #0 = {
    scale = fixp:"1";
    name = str:"Rectangle01";
    translation = xpoint3:"2.041656494140625,0.4774169921875,46.115009307861328125";
    rotation = {
      0 = xpoint3:"1,0,0";
      1 = xpoint3:"0,0,-1";
      2 = xpoint3:"0,1,0";
    }
  }
  #1 = {
    scale = fixp:"1";
    name = str:"Rectangle02";
    translation = xpoint3:"2.041656494140625,0.4774169921875,46.115009307861328125";
    rotation = {
      0 = xpoint3:"0,0,-1";
      1 = xpoint3:"-1,0,0";
      2 = xpoint3:"0,1,0";
    }
  }
  #2 = {
    scale = fixp:"1";
    name = str:"Box01";
    translation = xpoint3:"-0.4048004150390625,1.16912078857421875,0";
    rotation = {
      0 = xpoint3:"-0.70710694789886474609375,-0.70710670948028564453125,0";
      1 = xpoint3:"0.70710670948028564453125,-0.70710694789886474609375,0";
      2 = xpoint3:"0,0,1";
    }
  }
  #3 = {
    scale = fixp:"1";
    name = str:"Plane01";
    translation = xpoint3:"16.697757720947265625,-47.843837738037109375,60.2494354248046875";
    rotation = {
      0 = xpoint3:"1,0,0";
      1 = xpoint3:"0,0.487978518009185791015625,-0.872855663299560546875";
      2 = xpoint3:"0,0.872855663299560546875,0.487978518009185791015625";
    }
  }
  #4 = {
    scale = fixp:"1";
    name = str:"Plane02";
    translation = xpoint3:"50.6682281494140625,13.460414886474609375,60.2494354248046875";
    rotation = {
      0 = xpoint3:"0,-0.48797857761383056640625,0.872855603694915771484375";
      1 = xpoint3:"1,0,0";
      2 = xpoint3:"0,0.872855603694915771484375,0.48797857761383056640625";
    }
  }
  #5 = {
    scale = fixp:"1";
    name = str:"Plane03";
    translation = xpoint3:"-47.4819183349609375,-14.2620830535888671875,60.2494354248046875";
    rotation = {
      0 = xpoint3:"0,0.48797857761383056640625,-0.872855603694915771484375";
      1 = xpoint3:"-1,0,0";
      2 = xpoint3:"0,0.872855603694915771484375,0.48797857761383056640625";
    }
  }
  #6 = {
    scale = fixp:"1";
    name = str:"Plane04";
    translation = xpoint3:"-13.51144886016845703125,47.04216766357421875,60.2494354248046875";
    rotation = {
      0 = xpoint3:"-1,0,0";
      1 = xpoint3:"0,-0.4879786968231201171875,0.872855663299560546875";
      2 = xpoint3:"0,0.872855663299560546875,0.48797857761383056640625";
    }
  }
  #7 = {
    scale = fixp:"1";
    name = str:"Rectangle03";
    translation = xpoint3:"-242.120819091796875,44.659210205078125,65.4879608154296875";
    rotation = {
      0 = xpoint3:"1,0,0";
      1 = xpoint3:"0,0,1";
      2 = xpoint3:"0,-1,0";
    }
  }
  #8 = {
    scale = fixp:"1";
    name = str:"Rectangle04";
    translation = xpoint3:"-242.120819091796875,44.659210205078125,65.4879608154296875";
    rotation = {
      0 = xpoint3:"-0.50000011920928955078125,0,0.86602532863616943359375";
      1 = xpoint3:"-0.86602532863616943359375,0,-0.50000011920928955078125";
      2 = xpoint3:"0,-1,0";
    }
  }
  #9 = {
    scale = fixp:"1";
    name = str:"Rectangle05";
    translation = xpoint3:"-242.120819091796875,44.659206390380859375,65.4879608154296875";
    rotation = {
      0 = xpoint3:"0.500000059604644775390625,0,0.866025388240814208984375";
      1 = xpoint3:"-0.866025388240814208984375,0,0.50000011920928955078125";
      2 = xpoint3:"0,-1,0";
    }
  }
}