model = {
  file = str:"data\models\lifeforms\spidernest\spidernest.nif";
  animation = {
    loop = fixp:"0";
    duration = fixp:"0";
  }
  #1 = {
    scale = fixp:"1";
    name = str:"ROOT";
    translation = xpoint3:"2.8003635406494140625,-1.6681268215179443359375,0";
    rotation = {
      0 = xpoint3:"1,0,0";
      1 = xpoint3:"0,1,0";
      2 = xpoint3:"0,0,1";
    }
    #0 = {
      scale = fixp:"1";
      name = str:"ROOT NonAccum";
      translation = xpoint3:"0,0,0";
      rotation = {
        0 = xpoint3:"1,0,0";
        1 = xpoint3:"0,1,0";
        2 = xpoint3:"0,0,1";
      }
      #0 = {
        scale = fixp:"1";
        name = str:"Bip01";
        translation = xpoint3:"-3.3457927703857421875,1.668127536773681640625,-15.502349853515625";
        rotation = {
          0 = xpoint3:"-0.093931615352630615234375,-0.995578825473785400390625,0";
          1 = xpoint3:"0,0,-1.00000011920928955078125";
          2 = xpoint3:"0.995578765869140625,-0.0939314365386962890625,0";
        }
        #0 = {
          scale = fixp:"1";
          name = str:"Bone02";
          translation = xpoint3:"175.1065826416015625,0,0";
          rotation = {
            0 = xpoint3:"0.98249924182891845703125,0.18626652657985687255859375,0";
            1 = xpoint3:"-0.18626652657985687255859375,0.98249924182891845703125,0";
            2 = xpoint3:"0,0,1";
          }
          #0 = {
            scale = fixp:"1";
            name = str:"Bone14";
            translation = xpoint3:"231.0825347900390625,0.571792662143707275390625,-165.5390625";
            rotation = {
              0 = xpoint3:"0.96607887744903564453125,-0.2581768333911895751953125,0.0060246288776397705078125";
              1 = xpoint3:"0.0058204829692840576171875,-0.001555144786834716796875,-0.999981939792633056640625";
              2 = xpoint3:"0.258181512355804443359375,0.966096460819244384765625,0";
            }
            #0 = {
              scale = fixp:"1";
              name = str:"Bone15";
              translation = xpoint3:"143.02313232421875,0,0";
              rotation = {
                0 = xpoint3:"0.80817615985870361328125,-0.588940799236297607421875,0";
                1 = xpoint3:"0.588940799236297607421875,0.80817615985870361328125,0";
                2 = xpoint3:"0,0,1";
              }
            }
          }
          #1 = {
            scale = fixp:"1";
            name = str:"Bone26";
            translation = xpoint3:"231.0829010009765625,0.505598366260528564453125,164.927276611328125";
            rotation = {
              0 = xpoint3:"0.966078817844390869140625,-0.258177101612091064453125,-0.006024777889251708984375";
              1 = xpoint3:"0.00582037866115570068359375,-0.00155602581799030303955078125,0.99998188018798828125";
              2 = xpoint3:"-0.2581818103790283203125,-0.966096401214599609375,0";
            }
            #0 = {
              scale = fixp:"1";
              name = str:"Bone27";
              translation = xpoint3:"143.0231170654296875,0,0";
              rotation = {
                0 = xpoint3:"0.80817615985870361328125,-0.588940799236297607421875,0";
                1 = xpoint3:"0.588940799236297607421875,0.80817615985870361328125,0";
                2 = xpoint3:"0,0,1";
              }
            }
          }
          #2 = {
            scale = fixp:"1";
            name = str:"Bone20";
            translation = xpoint3:"230.089813232421875,165.3436431884765625,-0.78955078125";
            rotation = {
              0 = xpoint3:"0.96763432025909423828125,-0.25235664844512939453125,0";
              1 = xpoint3:"-0.25235664844512939453125,-0.96763432025909423828125,0";
              2 = xpoint3:"0,0,-1";
            }
            #0 = {
              scale = fixp:"1";
              name = str:"Bone21";
              translation = xpoint3:"143.023101806640625,0,0";
              rotation = {
                0 = xpoint3:"0.80817615985870361328125,-0.588940799236297607421875,0";
                1 = xpoint3:"0.588940799236297607421875,0.80817615985870361328125,0";
                2 = xpoint3:"0,0,1";
              }
            }
          }
          #3 = {
            scale = fixp:"1";
            name = str:"Bone08";
            translation = xpoint3:"232.08941650390625,-166.5579071044921875,0";
            rotation = {
              0 = xpoint3:"0.96452343463897705078125,-0.2639973461627960205078125,0";
              1 = xpoint3:"0.2639973461627960205078125,0.96452343463897705078125,0";
              2 = xpoint3:"0,0,1";
            }
            #0 = {
              scale = fixp:"1";
              name = str:"Bone09";
              translation = xpoint3:"143.02313232421875,0,0";
              rotation = {
                0 = xpoint3:"0.80817615985870361328125,-0.588940799236297607421875,0";
                1 = xpoint3:"0.588940799236297607421875,0.80817615985870361328125,0";
                2 = xpoint3:"0,0,1";
              }
            }
          }
          #4 = {
            scale = fixp:"1";
            name = str:"Bone37";
            translation = xpoint3:"176.7758331298828125,-0.083161652088165283203125,-162.99420166015625";
            rotation = {
              0 = xpoint3:"-0.293979465961456298828125,0.95579278469085693359375,0.006021678447723388671875";
              1 = xpoint3:"-0.0335682332515716552734375,-0.00402820110321044921875,-0.999428272247314453125";
              2 = xpoint3:"-0.955222070217132568359375,-0.2940135896205902099609375,0.033268511295318603515625";
            }
            #0 = {
              scale = fixp:"1";
              name = str:"Bone38";
              translation = xpoint3:"135.7916412353515625,0,0";
              rotation = {
                0 = xpoint3:"0.662794291973114013671875,-0.747698724269866943359375,-0.0340718664228916168212890625";
                1 = xpoint3:"0.748138010501861572265625,0.663174688816070556640625,0";
                2 = xpoint3:"0.02244656719267368316650390625,-0.0256335549056529998779296875,0.9994189739227294921875";
              }
              #0 = {
                scale = fixp:"1";
                name = str:"Bone39";
                translation = xpoint3:"157.4125518798828125,0,0";
                rotation = {
                  0 = xpoint3:"0.060865223407745361328125,0.997463047504425048828125,0";
                  1 = xpoint3:"-0.997463047504425048828125,0.060865223407745361328125,0";
                  2 = xpoint3:"0,0,1";
                }
                #0 = {
                  scale = fixp:"1";
                  name = str:"Bone40";
                  translation = xpoint3:"193.294281005859375,0,0";
                  rotation = {
                    0 = xpoint3:"1,0,0";
                    1 = xpoint3:"0,1,0";
                    2 = xpoint3:"0,0,1";
                  }
                }
              }
            }
          }
          #5 = {
            scale = fixp:"1";
            name = str:"Bone33";
            translation = xpoint3:"177.4732666015625,-115.841064453125,-114.501190185546875";
            rotation = {
              0 = xpoint3:"-0.20556151866912841796875,0.97863519191741943359375,0.0042328536510467529296875";
              1 = xpoint3:"-0.69714009761810302734375,-0.14339546859264373779296875,-0.702448368072509765625";
              2 = xpoint3:"-0.6868336200714111328125,-0.1473471224308013916015625,0.711722195148468017578125";
            }
            #0 = {
              scale = fixp:"1";
              name = str:"Bone34";
              translation = xpoint3:"135.791656494140625,0,0";
              rotation = {
                0 = xpoint3:"0.73154723644256591796875,-0.681006908416748046875,-0.026050977408885955810546875";
                1 = xpoint3:"0.68122780323028564453125,0.73180544376373291015625,0";
                2 = xpoint3:"0.019435338675975799560546875,-0.0173558555543422698974609375,0.999660193920135498046875";
              }
              #0 = {
                scale = fixp:"1";
                name = str:"Bone35";
                translation = xpoint3:"157.412567138671875,0,0";
                rotation = {
                  0 = xpoint3:"0.2568728923797607421875,0.96588718891143798828125,0";
                  1 = xpoint3:"-0.96588718891143798828125,0.2568728923797607421875,0";
                  2 = xpoint3:"0,0,1";
                }
                #0 = {
                  scale = fixp:"1";
                  name = str:"Bone36";
                  translation = xpoint3:"193.29425048828125,0,0";
                  rotation = {
                    0 = xpoint3:"1,0,0";
                    1 = xpoint3:"0,1,0";
                    2 = xpoint3:"0,0,1";
                  }
                }
              }
            }
          }
          #6 = {
            scale = fixp:"1";
            name = str:"Bone61";
            translation = xpoint3:"177.788177490234375,-168.115966796875,2.63897705078125";
            rotation = {
              0 = xpoint3:"-0.117764972150325775146484375,0.993041574954986572265625,0";
              1 = xpoint3:"-0.992515265941619873046875,-0.117696128785610198974609375,0.0325779505074024200439453125";
              2 = xpoint3:"0.0323282182216644287109375,0.004030822776257991790771484375,0.99946916103363037109375";
            }
            #0 = {
              scale = fixp:"1";
              name = str:"Bone62";
              translation = xpoint3:"135.7916259765625,0,0";
              rotation = {
                0 = xpoint3:"0.872240245342254638671875,-0.48888170719146728515625,0.00250124582089483737945556640625";
                1 = xpoint3:"0.48888361454010009765625,0.872242748737335205078125,0";
                2 = xpoint3:"-0.00209137354977428913116455078125,0.0013843025080859661102294921875,0.999996840953826904296875";
              }
              #0 = {
                scale = fixp:"1";
                name = str:"Bone63";
                translation = xpoint3:"157.4125823974609375,0,0";
                rotation = {
                  0 = xpoint3:"0.557954370975494384765625,0.829484999179840087890625,0";
                  1 = xpoint3:"-0.829484999179840087890625,0.557954370975494384765625,0";
                  2 = xpoint3:"0,0,1";
                }
                #0 = {
                  scale = fixp:"1";
                  name = str:"Bone64";
                  translation = xpoint3:"193.2942352294921875,0,0";
                  rotation = {
                    0 = xpoint3:"1,0,0";
                    1 = xpoint3:"0,1,0";
                    2 = xpoint3:"0,0,1";
                  }
                }
              }
            }
          }
          #7 = {
            scale = fixp:"1";
            name = str:"Bone57";
            translation = xpoint3:"177.4737091064453125,-115.9223785400390625,115.0477447509765625";
            rotation = {
              0 = xpoint3:"-0.20564337074756622314453125,0.97861754894256591796875,-0.0043148100376129150390625";
              1 = xpoint3:"-0.68354856967926025390625,-0.1404805481433868408203125,0.716258823871612548828125";
              2 = xpoint3:"0.70033729076385498046875,0.150243222713470458984375,0.6978213787078857421875";
            }
            #0 = {
              scale = fixp:"1";
              name = str:"Bone58";
              translation = xpoint3:"135.7916259765625,0,0";
              rotation = {
                0 = xpoint3:"0.74746167659759521484375,-0.6636712551116943359375,0.02179551683366298675537109375";
                1 = xpoint3:"0.6638240814208984375,0.74764382839202880859375,0";
                2 = xpoint3:"-0.01649934984743595123291015625,0.0142447948455810546875,0.999762237071990966796875";
              }
              #0 = {
                scale = fixp:"1";
                name = str:"Bone59";
                translation = xpoint3:"157.4125823974609375,0,0";
                rotation = {
                  0 = xpoint3:"0.299732267856597900390625,0.95349061489105224609375,0";
                  1 = xpoint3:"-0.95349061489105224609375,0.299732267856597900390625,0";
                  2 = xpoint3:"0,0,1";
                }
                #0 = {
                  scale = fixp:"1";
                  name = str:"Bone60";
                  translation = xpoint3:"193.2942047119140625,0,0";
                  rotation = {
                    0 = xpoint3:"1,0,0";
                    1 = xpoint3:"0,1,0";
                    2 = xpoint3:"0,0,1";
                  }
                }
              }
            }
          }
          #8 = {
            scale = fixp:"1";
            name = str:"Bone53";
            translation = xpoint3:"176.767181396484375,1.34768497943878173828125,168.5840606689453125";
            rotation = {
              0 = xpoint3:"-0.294288456439971923828125,0.95569765567779541015625,-0.006022751331329345703125";
              1 = xpoint3:"0.0177921354770660400390625,0.0117793381214141845703125,0.9997723102569580078125";
              2 = xpoint3:"0.955550968647003173828125,0.2941143512725830078125,-0.0204704105854034423828125";
            }
            #0 = {
              scale = fixp:"1";
              name = str:"Bone54";
              translation = xpoint3:"135.7916412353515625,0,0";
              rotation = {
                0 = xpoint3:"0.638749897480010986328125,-0.76758444309234619140625,0.047838114202022552490234375";
                1 = xpoint3:"0.768502712249755859375,0.63943636417388916015625,-0.00123282708227634429931640625";
                2 = xpoint3:"-0.0296299159526824951171875,0.037577562034130096435546875,0.998853504657745361328125";
              }
              #0 = {
                scale = fixp:"1";
                name = str:"Bone55";
                translation = xpoint3:"157.412567138671875,0,0";
                rotation = {
                  0 = xpoint3:"-0.025111675262451171875,0.998940289020538330078125,0";
                  1 = xpoint3:"-0.998940289020538330078125,-0.025111675262451171875,0";
                  2 = xpoint3:"0,0,1";
                }
                #0 = {
                  scale = fixp:"1";
                  name = str:"Bone56";
                  translation = xpoint3:"193.2942657470703125,0,0";
                  rotation = {
                    0 = xpoint3:"1,0,0";
                    1 = xpoint3:"0,1,0";
                    2 = xpoint3:"0,0,1";
                  }
                }
              }
            }
          }
          #9 = {
            scale = fixp:"1";
            name = str:"Bone49";
            translation = xpoint3:"176.092529296875,113.33167266845703125,115.9405059814453125";
            rotation = {
              0 = xpoint3:"-0.4595609009265899658203125,0.88813650608062744140625,-0.00413739681243896484375";
              1 = xpoint3:"0.6442356109619140625,0.3365555107593536376953125,0.686797440052032470703125";
              2 = xpoint3:"0.611362397670745849609375,0.312959849834442138671875,-0.726836860179901123046875";
            }
            #0 = {
              scale = fixp:"1";
              name = str:"Bone50";
              translation = xpoint3:"135.7916412353515625,0,0";
              rotation = {
                0 = xpoint3:"0.4719576537609100341796875,-0.880213081836700439453125,0.041408069431781768798828125";
                1 = xpoint3:"0.880902826786041259765625,0.472477018833160400390625,0.00319065153598785400390625";
                2 = xpoint3:"-0.022358991205692291259765625,0.03499834239482879638671875,0.99913656711578369140625";
              }
              #0 = {
                scale = fixp:"1";
                name = str:"Bone51";
                translation = xpoint3:"157.4125823974609375,0,0";
                rotation = {
                  0 = xpoint3:"-0.18581330776214599609375,0.981708943843841552734375,0";
                  1 = xpoint3:"-0.981708943843841552734375,-0.18581330776214599609375,0";
                  2 = xpoint3:"0,0,1";
                }
                #0 = {
                  scale = fixp:"1";
                  name = str:"Bone52";
                  translation = xpoint3:"193.2942047119140625,0,0";
                  rotation = {
                    0 = xpoint3:"1,0,0";
                    1 = xpoint3:"0,1,0";
                    2 = xpoint3:"0,0,1";
                  }
                }
              }
            }
          }
          #10 = {
            scale = fixp:"1";
            name = str:"Bone45";
            translation = xpoint3:"175.76934814453125,166.97412109375,-3.1353759765625";
            rotation = {
              0 = xpoint3:"-0.536611735820770263671875,0.84382915496826171875,0";
              1 = xpoint3:"0.8437378406524658203125,0.53655529022216796875,-0.01465515978634357452392578125";
              2 = xpoint3:"-0.012413914315402507781982421875,-0.0077894963324069976806640625,-0.9998924732208251953125";
            }
            #0 = {
              scale = fixp:"1";
              name = str:"Bone46";
              translation = xpoint3:"135.7916107177734375,0,0";
              rotation = {
                0 = xpoint3:"0.3282471597194671630859375,-0.944030702114105224609375,-0.00922007858753204345703125";
                1 = xpoint3:"0.944067418575286865234375,0.3282695114612579345703125,0";
                2 = xpoint3:"0.0039496212266385555267333984375,-0.008388928137719631195068359375,0.99995696544647216796875";
              }
              #0 = {
                scale = fixp:"1";
                name = str:"Bone47";
                translation = xpoint3:"157.41259765625,0,0";
                rotation = {
                  0 = xpoint3:"-0.3746778964996337890625,0.926078736782073974609375,0";
                  1 = xpoint3:"-0.926078736782073974609375,-0.3746778964996337890625,0";
                  2 = xpoint3:"0,0,1";
                }
                #0 = {
                  scale = fixp:"1";
                  name = str:"Bone48";
                  translation = xpoint3:"193.294219970703125,0,0";
                  rotation = {
                    0 = xpoint3:"1,0,0";
                    1 = xpoint3:"0,1,0";
                    2 = xpoint3:"0,0,1";
                  }
                }
              }
            }
          }
          #11 = {
            scale = fixp:"1";
            name = str:"Bone41";
            translation = xpoint3:"176.0794219970703125,115.5059814453125,-114.883514404296875";
            rotation = {
              0 = xpoint3:"-0.459369659423828125,0.88823449611663818359375,0.004354536533355712890625";
              1 = xpoint3:"0.61245810985565185546875,0.3202889859676361083984375,-0.722710192203521728515625";
              2 = xpoint3:"-0.643330872058868408203125,-0.329324185848236083984375,-0.69113743305206298828125";
            }
            #0 = {
              scale = fixp:"1";
              name = str:"Bone42";
              translation = xpoint3:"135.7916259765625,0,0";
              rotation = {
                0 = xpoint3:"0.543334305286407470703125,-0.8387119770050048828125,-0.02621915005147457122802734375";
                1 = xpoint3:"0.8389537334442138671875,0.5435855388641357421875,-0.003032994456589221954345703125";
                2 = xpoint3:"0.01678931899368762969970703125,-0.02036570012569427490234375,0.999651372432708740234375";
              }
              #0 = {
                scale = fixp:"1";
                name = str:"Bone43";
                translation = xpoint3:"157.412567138671875,0,0";
                rotation = {
                  0 = xpoint3:"0.00995600223541259765625,0.99923169612884521484375,0";
                  1 = xpoint3:"-0.99923169612884521484375,0.00995600223541259765625,0";
                  2 = xpoint3:"0,0,1";
                }
                #0 = {
                  scale = fixp:"1";
                  name = str:"Bone44";
                  translation = xpoint3:"193.294219970703125,0,0";
                  rotation = {
                    0 = xpoint3:"1,0,0";
                    1 = xpoint3:"0,1,0";
                    2 = xpoint3:"0,0,1";
                  }
                }
              }
            }
          }
          #12 = {
            scale = fixp:"1";
            name = str:"Bone65";
            translation = xpoint3:"231.78790283203125,-116.5192718505859375,116.9002685546875";
            rotation = {
              0 = xpoint3:"0.964978992938995361328125,-0.2622924745082855224609375,-0.004260323941707611083984375";
              1 = xpoint3:"0.1883790493011474609375,0.6815650463104248046875,0.7070944309234619140625";
              2 = xpoint3:"-0.1825618445873260498046875,-0.6831338405609130859375,0.7071063518524169921875";
            }
            #0 = {
              scale = fixp:"1";
              name = str:"Bone66";
              translation = xpoint3:"143.023101806640625,0,0";
              rotation = {
                0 = xpoint3:"0.80817615985870361328125,-0.588940799236297607421875,0";
                1 = xpoint3:"0.588940799236297607421875,0.80817615985870361328125,0";
                2 = xpoint3:"0,0,1";
              }
            }
          }
          #13 = {
            scale = fixp:"1";
            name = str:"Bone67";
            translation = xpoint3:"230.379730224609375,117.21614837646484375,116.280975341796875";
            rotation = {
              0 = xpoint3:"0.96717870235443115234375,-0.2540613710880279541015625,-0.004260249435901641845703125";
              1 = xpoint3:"-0.176738262176513671875,-0.684676587581634521484375,0.707093715667724609375";
              2 = xpoint3:"-0.1825620830059051513671875,-0.68313300609588623046875,-0.707107007503509521484375";
            }
            #0 = {
              scale = fixp:"1";
              name = str:"Bone68";
              translation = xpoint3:"143.0230865478515625,0,0";
              rotation = {
                0 = xpoint3:"0.80817615985870361328125,-0.588940799236297607421875,0";
                1 = xpoint3:"0.588940799236297607421875,0.80817615985870361328125,0";
                2 = xpoint3:"0,0,1";
              }
            }
          }
          #14 = {
            scale = fixp:"1";
            name = str:"Bone69";
            translation = xpoint3:"231.7970733642578125,-118.03197479248046875,-117.8548126220703125";
            rotation = {
              0 = xpoint3:"0.964978992938995361328125,-0.262292683124542236328125,0.00425966084003448486328125";
              1 = xpoint3:"0.1883789598941802978515625,0.68156588077545166015625,-0.70709359645843505859375";
              2 = xpoint3:"0.18256223201751708984375,0.6831328868865966796875,0.707107126712799072265625";
            }
            #0 = {
              scale = fixp:"1";
              name = str:"Bone70";
              translation = xpoint3:"143.023101806640625,0,0";
              rotation = {
                0 = xpoint3:"0.80817615985870361328125,-0.588940799236297607421875,0";
                1 = xpoint3:"0.588940799236297607421875,0.80817615985870361328125,0";
                2 = xpoint3:"0,0,1";
              }
            }
          }
          #15 = {
            scale = fixp:"1";
            name = str:"Bone71";
            translation = xpoint3:"230.3799285888671875,117.1982269287109375,-116.727935791015625";
            rotation = {
              0 = xpoint3:"0.96717870235443115234375,-0.2540615499019622802734375,0.00426007807254791259765625";
              1 = xpoint3:"-0.17673836648464202880859375,-0.684676229953765869140625,-0.707094371318817138671875";
              2 = xpoint3:"0.18256224691867828369140625,0.683133661746978759765625,-0.707106649875640869140625";
            }
            #0 = {
              scale = fixp:"1";
              name = str:"Bone72";
              translation = xpoint3:"143.02313232421875,0,0";
              rotation = {
                0 = xpoint3:"0.80817615985870361328125,-0.588940799236297607421875,0";
                1 = xpoint3:"0.588940799236297607421875,0.80817615985870361328125,0";
                2 = xpoint3:"0,0,1";
              }
            }
          }
          #16 = {
            scale = fixp:"1";
            name = str:"pt_cast";
            translation = xpoint3:"508.633270263671875,-1.0207288265228271484375,-2.66998291015625";
            rotation = {
              0 = xpoint3:"-0.00274482718668878078460693359375,0,0.99999606609344482421875";
              1 = xpoint3:"-0.999992847442626953125,-0.00258801900781691074371337890625,-0.0027464292943477630615234375";
              2 = xpoint3:"0.0025896928273141384124755859375,-0.9999964237213134765625,0";
            }
          }
        }
      }
    }
  }
}