model = {
  file = str:"data\models\units\havoc\havoc.nif";
  animation = {
    loop = fixp:"0";
    duration = fixp:"11.66666698455810546875";
  }
  #0 = {
    scale = fixp:"1";
    name = str:"ROOT";
    translation = xpoint3:"0,0,0";
    rotation = {
      0 = xpoint3:"1,0,0";
      1 = xpoint3:"0,1,0";
      2 = xpoint3:"0,0,1";
    }
    #1 = {
      scale = fixp:"1";
      name = str:"ROOT NonAccum";
      translation = xpoint3:"0,0,0";
      rotation = {
        0 = xpoint3:"1,0,0";
        1 = xpoint3:"0,1,0";
        2 = xpoint3:"0,0,1";
      }
      #0 = {
        scale = fixp:"1";
        name = str:"Bone_Body";
        translation = xpoint3:"0,-7.981268405914306640625,56.62619781494140625";
        rotation = {
          0 = xpoint3:"0,-0.999048531055450439453125,-0.0436121188104152679443359375";
          1 = xpoint3:"0,0.043612115085124969482421875,-0.999048531055450439453125";
          2 = xpoint3:"1,0,0";
        }
        #0 = {
          scale = fixp:"1";
          name = str:"Dummy01";
          translation = xpoint3:"63.940151214599609375,-51.7640228271484375,39.31836700439453125";
          rotation = {
            0 = xpoint3:"0,0,1";
            1 = xpoint3:"-0.999999940395355224609375,0,0";
            2 = xpoint3:"0,-1,0";
          }
          #0 = {
            scale = fixp:"1";
            name = str:"Bone_Leg_FrontLeft_00";
            translation = xpoint3:"0,0,0";
            rotation = {
              0 = xpoint3:"0.871715962886810302734375,-0.277382910251617431640625,0.403712451457977294921875";
              1 = xpoint3:"-0.38467609882354736328125,0.12323300540447235107421875,0.91409265995025634765625";
              2 = xpoint3:"-0.3032314777374267578125,-0.9521553516387939453125,0";
            }
            #0 = {
              scale = fixp:"1";
              name = str:"Bone_Leg_FrontLeft_01";
              translation = xpoint3:"109.27384185791015625,0,0";
              rotation = {
                0 = xpoint3:"0.511845886707305908203125,0.85866487026214599609375,0";
                1 = xpoint3:"-0.85866487026214599609375,0.51184594631195068359375,0";
                2 = xpoint3:"0,0,1";
              }
              #0 = {
                scale = fixp:"1";
                name = str:"Bone_Leg_FrontLeft_02";
                translation = xpoint3:"105.32421112060546875,0,0";
                rotation = {
                  0 = xpoint3:"-0.202797591686248779296875,-0.977905809879302978515625,0.0287725441157817840576171875";
                  1 = xpoint3:"0.977801620960235595703125,-0.20356471836566925048828125,-0.0268093608319759368896484375";
                  2 = xpoint3:"0.0321182869374752044677734375,0.0226939804852008819580078125,0.9992258548736572265625";
                }
                #0 = {
                  scale = fixp:"1";
                  name = str:"Bone_Leg_FrontLeft_03";
                  translation = xpoint3:"108.90004730224609375,0,0";
                  rotation = {
                    0 = xpoint3:"0.624795377254486083984375,-0.780087292194366455078125,-0.023452065885066986083984375";
                    1 = xpoint3:"0.778046905994415283203125,0.6202514171600341796875,0.096851147711277008056640625";
                    2 = xpoint3:"-0.06106750667095184326171875,-0.078745819628238677978515625,0.995018899440765380859375";
                  }
                }
              }
            }
          }
        }
        #1 = {
          scale = fixp:"1";
          name = str:"Dummy04";
          translation = xpoint3:"63.940181732177734375,48.127410888671875,43.987194061279296875";
          rotation = {
            0 = xpoint3:"0,0,1";
            1 = xpoint3:"-0.999999940395355224609375,0,0";
            2 = xpoint3:"0,-1,0";
          }
          #0 = {
            scale = fixp:"1";
            name = str:"Bone_Leg_FrontRight_00";
            translation = xpoint3:"0,0,0";
            rotation = {
              0 = xpoint3:"0.85633027553558349609375,-0.3031819164752960205078125,0.4178165495395660400390625";
              1 = xpoint3:"0.3938227593898773193359375,-0.13882483541965484619140625,-0.9077327251434326171875";
              2 = xpoint3:"0.3337567746639251708984375,0.9418895244598388671875,0";
            }
            #0 = {
              scale = fixp:"1";
              name = str:"Bone_Leg_FrontRight_01";
              translation = xpoint3:"-109.27385711669921875,0,0";
              rotation = {
                0 = xpoint3:"0.49286556243896484375,0.8696825504302978515625,0";
                1 = xpoint3:"-0.8696825504302978515625,0.49286556243896484375,0";
                2 = xpoint3:"0,0,1";
              }
              #0 = {
                scale = fixp:"1";
                name = str:"Bone_Leg_FrontRight_02";
                translation = xpoint3:"-105.3242034912109375,0,0";
                rotation = {
                  0 = xpoint3:"-0.0492657162249088287353515625,-0.99780118465423583984375,0.02105073817074298858642578125";
                  1 = xpoint3:"0.99752986431121826171875,-0.0498925484716892242431640625,-0.030356176197528839111328125";
                  2 = xpoint3:"0.031377740204334259033203125,0.0194953419268131256103515625,0.9993169307708740234375";
                }
                #0 = {
                  scale = fixp:"1";
                  name = str:"Bone_Leg_FrontRight_03";
                  translation = xpoint3:"-108.90010833740234375,0,0";
                  rotation = {
                    0 = xpoint3:"0.688199341297149658203125,-0.72504651546478271484375,-0.0153849832713603973388671875";
                    1 = xpoint3:"0.72265660762786865234375,0.6838476657867431640625,0.09829030930995941162109375";
                    2 = xpoint3:"-0.0607993416488170623779296875,-0.078747212886810302734375,0.995035231113433837890625";
                  }
                }
              }
            }
          }
        }
        #2 = {
          scale = fixp:"1";
          name = str:"Dummy02";
          translation = xpoint3:"71.73108673095703125,-66.497100830078125,-37.154296875";
          rotation = {
            0 = xpoint3:"0,0,1";
            1 = xpoint3:"-0.999048531055450439453125,0.043612115085124969482421875,0";
            2 = xpoint3:"-0.0436121188104152679443359375,-0.999048531055450439453125,0";
          }
          #0 = {
            scale = fixp:"1";
            name = str:"Bone06";
            translation = xpoint3:"0,0,0";
            rotation = {
              0 = xpoint3:"-0.722780764102935791015625,-0.0183812081813812255859375,-0.689020931720733642578125";
              1 = xpoint3:"-0.68687164783477783203125,-0.06323802471160888671875,0.7229559421539306640625";
              2 = xpoint3:"-0.05740272998809814453125,0.99705564975738525390625,0.034402668476104736328125";
            }
            #0 = {
              scale = fixp:"1";
              name = str:"Bone07";
              translation = xpoint3:"-104.9164276123046875,0,0";
              rotation = {
                0 = xpoint3:"1,0,0";
                1 = xpoint3:"0,0.99999988079071044921875,0";
                2 = xpoint3:"0,0,0.99999988079071044921875";
              }
              #0 = {
                scale = fixp:"1";
                name = str:"Bone08";
                translation = xpoint3:"-81.180023193359375,0,0";
                rotation = {
                  0 = xpoint3:"0.526388108730316162109375,-0.849189937114715576171875,0.0332376100122928619384765625";
                  1 = xpoint3:"0.842047750949859619140625,0.526449978351593017578125,0.11453711986541748046875";
                  2 = xpoint3:"-0.11482091248035430908203125,-0.0322436057031154632568359375,0.99285757541656494140625";
                }
                #0 = {
                  scale = fixp:"1";
                  name = str:"Bone09";
                  translation = xpoint3:"-96.3496551513671875,0,0";
                  rotation = {
                    0 = xpoint3:"0.82955646514892578125,-0.55811488628387451171875,-0.0098259784281253814697265625";
                    1 = xpoint3:"0.5581233501434326171875,0.829606235027313232421875,-0.0021112826652824878692626953125";
                    2 = xpoint3:"0.00932967104017734527587890625,-0.003736923448741436004638671875,0.99994945526123046875";
                  }
                }
              }
            }
          }
        }
        #3 = {
          scale = fixp:"1";
          name = str:"Dummy05";
          translation = xpoint3:"71.731109619140625,69.4817962646484375,-31.2183361053466796875";
          rotation = {
            0 = xpoint3:"0,0,1";
            1 = xpoint3:"-0.999048531055450439453125,0.043612115085124969482421875,0";
            2 = xpoint3:"-0.0436121188104152679443359375,-0.999048531055450439453125,0";
          }
          #0 = {
            scale = fixp:"1";
            name = str:"Bone01";
            translation = xpoint3:"0,0,0";
            rotation = {
              0 = xpoint3:"-0.80324637889862060546875,-0.0225660502910614013671875,-0.59301698207855224609375";
              1 = xpoint3:"0.590265750885009765625,0.0735595524311065673828125,-0.80301368236541748046875";
              2 = xpoint3:"0.0613571107387542724609375,-0.9963610172271728515625,-0.0445437133312225341796875";
            }
            #0 = {
              scale = fixp:"1";
              name = str:"Bone02";
              translation = xpoint3:"104.91645050048828125,0,0";
              rotation = {
                0 = xpoint3:"1,0,0";
                1 = xpoint3:"0,0.99999988079071044921875,0";
                2 = xpoint3:"0,0,0.99999988079071044921875";
              }
              #0 = {
                scale = fixp:"1";
                name = str:"Bone03";
                translation = xpoint3:"81.18003082275390625,0,0";
                rotation = {
                  0 = xpoint3:"0.482371807098388671875,-0.8750998973846435546875,0.0276828743517398834228515625";
                  1 = xpoint3:"0.86506783962249755859375,0.4812457859516143798828125,0.13895069062709808349609375";
                  2 = xpoint3:"-0.134995877742767333984375,-0.0430087037384510040283203125,0.989904880523681640625";
                }
                #0 = {
                  scale = fixp:"1";
                  name = str:"Bone04";
                  translation = xpoint3:"96.3496856689453125,0,0";
                  rotation = {
                    0 = xpoint3:"0.72709596157073974609375,-0.68616068363189697265625,-0.010903420858085155487060546875";
                    1 = xpoint3:"0.6861515045166015625,0.72716820240020751953125,-0.0051588579080998897552490234375";
                    2 = xpoint3:"0.011468836106359958648681640625,-0.0037368680350482463836669921875,0.999927222728729248046875";
                  }
                }
              }
            }
          }
        }
        #4 = {
          scale = fixp:"1";
          name = str:"Bone_Head";
          translation = xpoint3:"139.2873687744140625,-2.3956172466278076171875,134.5991058349609375";
          rotation = {
            0 = xpoint3:"-0.738739430904388427734375,-0.67394888401031494140625,-0.00757467746734619140625";
            1 = xpoint3:"0.0051546990871429443359375,0.0055885612964630126953125,-0.999971210956573486328125";
            2 = xpoint3:"0.67397177219390869140625,-0.738756954669952392578125,0";
          }
        }
        #5 = {
          scale = fixp:"1";
          name = str:"Point02";
          translation = xpoint3:"208.12738037109375,75.0566253662109375,-39.68869781494140625";
          rotation = {
            0 = xpoint3:"0,0,1";
            1 = xpoint3:"-0.999048531055450439453125,0.043612115085124969482421875,0";
            2 = xpoint3:"-0.0436121188104152679443359375,-0.999048531055450439453125,0";
          }
          #0 = {
            scale = fixp:"1";
            name = str:"Bone_Weapon_R";
            translation = xpoint3:"0,0,0";
            rotation = {
              0 = xpoint3:"0,0,1";
              1 = xpoint3:"-1,0,0";
              2 = xpoint3:"0,-1,0";
            }
            #0 = {
              scale = fixp:"1";
              name = str:"pt_shoot_1";
              translation = xpoint3:"164.5525360107421875,-0.00347428466193377971649169921875,-1.356662750244140625";
              rotation = {
                0 = xpoint3:"0,-0.9995162487030029296875,0.0311008803546428680419921875";
                1 = xpoint3:"0,-0.031100891530513763427734375,-0.9995162487030029296875";
                2 = xpoint3:"1,0,0";
              }
            }
          }
        }
        #6 = {
          scale = fixp:"1";
          name = str:"Point01";
          translation = xpoint3:"208.127349853515625,-66.32451629638671875,-45.860477447509765625";
          rotation = {
            0 = xpoint3:"0,0,1";
            1 = xpoint3:"-0.999048531055450439453125,0.043612115085124969482421875,0";
            2 = xpoint3:"-0.0436121188104152679443359375,-0.999048531055450439453125,0";
          }
          #0 = {
            scale = fixp:"1";
            name = str:"Bone_Weapon_L";
            translation = xpoint3:"0,0,0";
            rotation = {
              0 = xpoint3:"0,0,1";
              1 = xpoint3:"-1,0,0";
              2 = xpoint3:"0,-1,0";
            }
            #0 = {
              scale = fixp:"1";
              name = str:"pt_shoot_1@#0";
              translation = xpoint3:"164.545196533203125,-0.325341045856475830078125,1.48470294475555419921875";
              rotation = {
                0 = xpoint3:"0,-0.9995162487030029296875,0.0311008803546428680419921875";
                1 = xpoint3:"0,-0.031100891530513763427734375,-0.9995162487030029296875";
                2 = xpoint3:"1,0,0";
              }
            }
          }
        }
      }
    }
  }
}