model = {
  file = str:"data\models\units\giantmutant\biggad.nif";
  animation = {
    loop = fixp:"0";
    duration = fixp:"7.16666698455810546875";
  }
  #2 = {
    scale = fixp:"1";
    name = str:"ROOT";
    translation = xpoint3:"0,0,0";
    rotation = {
      0 = xpoint3:"1,0,0";
      1 = xpoint3:"0,1,0";
      2 = xpoint3:"0,0,1";
    }
    #2 = {
      scale = fixp:"1";
      name = str:"ROOT NonAccum";
      translation = xpoint3:"0,0,0";
      rotation = {
        0 = xpoint3:"1,0,0";
        1 = xpoint3:"0,1,0";
        2 = xpoint3:"0,0,1";
      }
      #0 = {
        scale = fixp:"1";
        name = str:"Bip01";
        translation = xpoint3:"3.3932342529296875,79.199462890625,232.61932373046875";
        rotation = {
          0 = xpoint3:"-0.0076860203407704830169677734375,0.99920952320098876953125,-0.0076775886118412017822265625";
          1 = xpoint3:"-0.99537241458892822265625,-0.008328008465468883514404296875,-0.08775626122951507568359375";
          2 = xpoint3:"-0.08782012760639190673828125,0.0069089122116565704345703125,0.996109545230865478515625";
        }
        #0 = {
          scale = fixp:"1";
          name = str:"Bip01 Footsteps";
          translation = xpoint3:"19.767147064208984375,-1.555105686187744140625,-224.0476837158203125";
          rotation = {
            0 = xpoint3:"-0.00841749645769596099853515625,-0.996095180511474609375,-0.087883889675140380859375";
            1 = xpoint3:"0.99993503093719482421875,-0.009059951640665531158447265625,0.00691393949091434478759765625";
            2 = xpoint3:"-0.0076831639744341373443603515625,-0.087819986045360565185546875,0.99610674381256103515625";
          }
        }
        #1 = {
          scale = fixp:"1";
          name = str:"Bip01 Pelvis";
          translation = xpoint3:"0,0,0";
          rotation = {
            0 = xpoint3:"-0.0358426570892333984375,0.9978134632110595703125,0.03975594043731689453125";
            1 = xpoint3:"0.0060462057590484619140625,-0.038835048675537109375,0.998472690582275390625";
            2 = xpoint3:"0.99858677387237548828125,0.0367794036865234375,-0.0038640499114990234375";
          }
          #0 = {
            scale = fixp:"1";
            name = str:"Bip01 Spine";
            translation = xpoint3:"25.406032562255859375,9.40912628173828125,0.2189441621303558349609375";
            rotation = {
              0 = xpoint3:"0.95615494251251220703125,-0.29269015789031982421875,0.0060454406775534152984619140625";
              1 = xpoint3:"0.29269492626190185546875,0.95535337924957275390625,-0.03955809772014617919921875";
              2 = xpoint3:"0.0058113378472626209259033203125,0.039593167603015899658203125,0.999198377132415771484375";
            }
            #0 = {
              scale = fixp:"1";
              name = str:"Bip01 Spine1";
              translation = xpoint3:"45.723850250244140625,-0.0488965623080730438232421875,0";
              rotation = {
                0 = xpoint3:"0.981422841548919677734375,-0.19178707897663116455078125,0";
                1 = xpoint3:"0.19178707897663116455078125,0.981422841548919677734375,0";
                2 = xpoint3:"0,0,1";
              }
              #0 = {
                scale = fixp:"1";
                name = str:"Bip01 Neck";
                translation = xpoint3:"71.79471588134765625,10.29885196685791015625,0";
                rotation = {
                  0 = xpoint3:"0.777975976467132568359375,-0.628026545047760009765625,-0.0037255473434925079345703125";
                  1 = xpoint3:"0.628026545047760009765625,0.77798378467559814453125,-0.00131914601661264896392822265625";
                  2 = xpoint3:"0.0037268749438226222991943359375,-0.0013153902254998683929443359375,0.999992191791534423828125";
                }
                #0 = {
                  scale = fixp:"1";
                  name = str:"Bip01 Head";
                  translation = xpoint3:"25.078777313232421875,0,0";
                  rotation = {
                    0 = xpoint3:"0.707067668437957763671875,0.701269686222076416015625,-0.08860610425472259521484375";
                    1 = xpoint3:"-0.699920833110809326171875,0.712121665477752685546875,0.0507518351078033447265625";
                    2 = xpoint3:"0.09869636595249176025390625,0.02618810720741748809814453125,0.994769155979156494140625";
                  }
                  #0 = {
                    scale = fixp:"1";
                    name = str:"Bone_usta_01";
                    translation = xpoint3:"12.2195072174072265625,16.012233734130859375,0";
                    rotation = {
                      0 = xpoint3:"0.057033121585845947265625,0.9983723163604736328125,0";
                      1 = xpoint3:"0.9983723163604736328125,-0.05703318119049072265625,0";
                      2 = xpoint3:"0,0,-1";
                    }
                  }
                  #1 = {
                    scale = fixp:"1";
                    name = str:"Bone_usta_02";
                    translation = xpoint3:"12.2195072174072265625,16.012233734130859375,0";
                    rotation = {
                      0 = xpoint3:"0.25708115100860595703125,0.966389834880828857421875,0";
                      1 = xpoint3:"0.966389834880828857421875,-0.25708115100860595703125,0";
                      2 = xpoint3:"0,0,-1";
                    }
                  }
                  #2 = {
                    scale = fixp:"1";
                    name = str:"pt_head";
                    translation = xpoint3:"29.635334014892578125,7.054720401763916015625,0.2757921516895294189453125";
                    rotation = {
                      0 = xpoint3:"-0.0102364011108875274658203125,0.02265392057597637176513671875,0.999690949916839599609375";
                      1 = xpoint3:"-0.04301954805850982666015625,-0.9988276958465576171875,0.02219385467469692230224609375";
                      2 = xpoint3:"0.9990217685699462890625,-0.042779065668582916259765625,0.01119896210730075836181640625";
                    }
                  }
                }
                #1 = {
                  scale = fixp:"1";
                  name = str:"Bip01 L Clavicle";
                  translation = xpoint3:"-14.74656200408935546875,-14.2900142669677734375,36.7011260986328125";
                  rotation = {
                    0 = xpoint3:"-0.072135604918003082275390625,-0.62864530086517333984375,0.77333414554595947265625";
                    1 = xpoint3:"0.06065762042999267578125,-0.7760322093963623046875,-0.62571346759796142578125";
                    2 = xpoint3:"0.9947669506072998046875,0.0013193190097808837890625,0.095522008836269378662109375";
                  }
                  #0 = {
                    scale = fixp:"1";
                    name = str:"Bip01 L UpperArm";
                    translation = xpoint3:"56.49097442626953125,0,0";
                    rotation = {
                      0 = xpoint3:"0.8736965656280517578125,0.3026084005832672119140625,0.380656182765960693359375";
                      1 = xpoint3:"-0.2043165862560272216796875,0.9387986660003662109375,-0.2771696150302886962890625";
                      2 = xpoint3:"-0.441277325153350830078125,0.164305865764617919921875,0.882103621959686279296875";
                    }
                    #0 = {
                      scale = fixp:"1";
                      name = str:"Bip01 L Forearm";
                      translation = xpoint3:"85.18392181396484375,0,0";
                      rotation = {
                        0 = xpoint3:"0.480905592441558837890625,0.876342713832855224609375,0";
                        1 = xpoint3:"-0.876342713832855224609375,0.480905592441558837890625,0";
                        2 = xpoint3:"0,0,1";
                      }
                      #0 = {
                        scale = fixp:"1";
                        name = str:"Bip01 L Hand";
                        translation = xpoint3:"112.7667999267578125,0,0";
                        rotation = {
                          0 = xpoint3:"0.97478485107421875,-0.2207261621952056884765625,-0.032214991748332977294921875";
                          1 = xpoint3:"-0.1315101087093353271484375,-0.68408787250518798828125,0.7157409191131591796875";
                          2 = xpoint3:"-0.1801747381687164306640625,-0.6934406757354736328125,-0.69585645198822021484375";
                        }
                        #0 = {
                          scale = fixp:"1";
                          name = str:"Bip01 L Finger0";
                          translation = xpoint3:"22.0345020294189453125,14.94120121002197265625,-22.822658538818359375";
                          rotation = {
                            0 = xpoint3:"0.608790338039398193359375,0.54014098644256591796875,0.580563724040985107421875";
                            1 = xpoint3:"0.6562974452972412109375,0.0685440599918365478515625,-0.75048220157623291015625";
                            2 = xpoint3:"-0.4450620114803314208984375,0.83797228336334228515625,-0.312756955623626708984375";
                          }
                          #0 = {
                            scale = fixp:"1";
                            name = str:"Bip01 L Finger01";
                            translation = xpoint3:"16.391422271728515625,0,0";
                            rotation = {
                              0 = xpoint3:"0.150534689426422119140625,-0.9879810810089111328125,0";
                              1 = xpoint3:"0.9879810810089111328125,0.150534689426422119140625,0";
                              2 = xpoint3:"0,0,1";
                            }
                          }
                        }
                        #1 = {
                          scale = fixp:"1";
                          name = str:"Bip01 L Finger1";
                          translation = xpoint3:"46.53912353515625,-1.66007101535797119140625,-21.6807155609130859375";
                          rotation = {
                            0 = xpoint3:"0.823716700077056884765625,0.181349575519561767578125,0.53697979450225830078125";
                            1 = xpoint3:"-0.037144042551517486572265625,0.96268904209136962890625,-0.2679476439952850341796875";
                            2 = xpoint3:"-0.5655574798583984375,0.200718581676483154296875,0.799728810787200927734375";
                          }
                          #0 = {
                            scale = fixp:"1";
                            name = str:"Bip01 L Finger11";
                            translation = xpoint3:"16.6579494476318359375,0,0";
                            rotation = {
                              0 = xpoint3:"0.228864610195159912109375,-0.972883284091949462890625,0";
                              1 = xpoint3:"0.972883284091949462890625,0.228864610195159912109375,0";
                              2 = xpoint3:"0,0,1";
                            }
                          }
                        }
                        #2 = {
                          scale = fixp:"1";
                          name = str:"Bip01 L Finger2";
                          translation = xpoint3:"51.043933868408203125,-1.82999002933502197265625,-8.27719020843505859375";
                          rotation = {
                            0 = xpoint3:"0.99750041961669921875,0.003205967135727405548095703125,0.07056175172328948974609375";
                            1 = xpoint3:"-0.0023300549946725368499755859375,0.99991929531097412109375,-0.01248327828943729400634765625";
                            2 = xpoint3:"-0.07059609889984130859375,0.01228752173483371734619140625,0.997427403926849365234375";
                          }
                          #0 = {
                            scale = fixp:"1";
                            name = str:"Bip01 L Finger21";
                            translation = xpoint3:"16.863231658935546875,0,0";
                            rotation = {
                              0 = xpoint3:"0.228864610195159912109375,-0.972883284091949462890625,0";
                              1 = xpoint3:"0.972883284091949462890625,0.228864610195159912109375,0";
                              2 = xpoint3:"0,0,1";
                            }
                          }
                        }
                        #3 = {
                          scale = fixp:"1";
                          name = str:"Bip01 L Finger3";
                          translation = xpoint3:"50.099849700927734375,-1.6620066165924072265625,5.005164623260498046875";
                          rotation = {
                            0 = xpoint3:"0.973271071910858154296875,-0.00602721236646175384521484375,-0.2294957935810089111328125";
                            1 = xpoint3:"0.00514556467533111572265625,0.9999768733978271484375,-0.004437570460140705108642578125";
                            2 = xpoint3:"0.2295172512531280517578125,0.00313713005743920803070068359375,0.97327959537506103515625";
                          }
                          #0 = {
                            scale = fixp:"1";
                            name = str:"Bip01 L Finger31";
                            translation = xpoint3:"14.6186008453369140625,0,0";
                            rotation = {
                              0 = xpoint3:"0.228864610195159912109375,-0.972883284091949462890625,0";
                              1 = xpoint3:"0.972883284091949462890625,0.228864610195159912109375,0";
                              2 = xpoint3:"0,0,1";
                            }
                          }
                        }
                        #4 = {
                          scale = fixp:"1";
                          name = str:"Bip01 L Finger4";
                          translation = xpoint3:"47.954570770263671875,-1.42780077457427978515625,17.76016998291015625";
                          rotation = {
                            0 = xpoint3:"0.711714804172515869140625,0.093572296202182769775390625,-0.695908010005950927734375";
                            1 = xpoint3:"-0.020797334611415863037109375,0.993459165096282958984375,0.112235642969608306884765625";
                            2 = xpoint3:"0.701862633228302001953125,-0.065372727811336517333984375,0.709008395671844482421875";
                          }
                          #0 = {
                            scale = fixp:"1";
                            name = str:"Bip01 L Finger41";
                            translation = xpoint3:"11.5292606353759765625,0,0";
                            rotation = {
                              0 = xpoint3:"0.29867458343505859375,-0.953821659088134765625,0";
                              1 = xpoint3:"0.953821659088134765625,0.29867458343505859375,0";
                              2 = xpoint3:"0,0,1";
                            }
                          }
                        }
                        #5 = {
                          scale = fixp:"1";
                          name = str:"pt_hand";
                          translation = xpoint3:"29.481319427490234375,11.0632266998291015625,-4.591957569122314453125";
                          rotation = {
                            0 = xpoint3:"1,0,0";
                            1 = xpoint3:"0,1,0";
                            2 = xpoint3:"0,0,1";
                          }
                        }
                      }
                    }
                  }
                }
                #2 = {
                  scale = fixp:"1";
                  name = str:"Bip01 R Clavicle";
                  translation = xpoint3:"-15.01991939544677734375,-14.19333553314208984375,-36.627742767333984375";
                  rotation = {
                    0 = xpoint3:"0.0504110753536224365234375,-0.627708971500396728515625,-0.7759265899658203125";
                    1 = xpoint3:"0.03623116016387939453125,-0.7745153903961181640625,0.629474341869354248046875";
                    2 = xpoint3:"-0.9973804950714111328125,-0.059431552886962890625,-0.0150614082813262939453125";
                  }
                  #0 = {
                    scale = fixp:"1";
                    name = str:"Bip01 R UpperArm";
                    translation = xpoint3:"56.490970611572265625,0,0";
                    rotation = {
                      0 = xpoint3:"0.89592325687408447265625,0.4074347019195556640625,-0.176543176174163818359375";
                      1 = xpoint3:"-0.302457869052886962890625,0.8511028289794921875,0.4288672506809234619140625";
                      2 = xpoint3:"0.32509958744049072265625,-0.3307640850543975830078125,0.885855376720428466796875";
                    }
                    #0 = {
                      scale = fixp:"1";
                      name = str:"Bip01 R Forearm";
                      translation = xpoint3:"85.183929443359375,0,0";
                      rotation = {
                        0 = xpoint3:"0.592817723751068115234375,0.80496966838836669921875,0";
                        1 = xpoint3:"-0.80496966838836669921875,0.592817723751068115234375,0";
                        2 = xpoint3:"0,0,1";
                      }
                      #0 = {
                        scale = fixp:"1";
                        name = str:"Bip01 R Hand";
                        translation = xpoint3:"112.76679229736328125,0,0";
                        rotation = {
                          0 = xpoint3:"0.965222299098968505859375,-0.2610651552677154541015625,-0.0118515677750110626220703125";
                          1 = xpoint3:"-0.2416560351848602294921875,-0.8729765415191650390625,-0.4204714000225067138671875";
                          2 = xpoint3:"0.09948788583278656005859375,0.4087038338184356689453125,-0.905702888965606689453125";
                        }
                        #0 = {
                          scale = fixp:"1";
                          name = str:"Bip01 R Finger0";
                          translation = xpoint3:"22.0344867706298828125,14.94116687774658203125,22.82265472412109375";
                          rotation = {
                            0 = xpoint3:"0.608790338039398193359375,0.54014110565185546875,-0.580563724040985107421875";
                            1 = xpoint3:"0.6562974452972412109375,0.0685438811779022216796875,0.750482261180877685546875";
                            2 = xpoint3:"0.445062100887298583984375,-0.837972342967987060546875,-0.312757194042205810546875";
                          }
                          #0 = {
                            scale = fixp:"1";
                            name = str:"Bip01 R Finger01";
                            translation = xpoint3:"16.3913974761962890625,0,0";
                            rotation = {
                              0 = xpoint3:"0.150534689426422119140625,-0.9879810810089111328125,0";
                              1 = xpoint3:"0.9879810810089111328125,0.150534689426422119140625,0";
                              2 = xpoint3:"0,0,1";
                            }
                          }
                        }
                        #1 = {
                          scale = fixp:"1";
                          name = str:"Bip01 R Finger1";
                          translation = xpoint3:"46.53911590576171875,-1.66010701656341552734375,21.680698394775390625";
                          rotation = {
                            0 = xpoint3:"0.823716700077056884765625,0.181349575519561767578125,-0.53697979450225830078125";
                            1 = xpoint3:"-0.0371440351009368896484375,0.96268904209136962890625,0.2679476439952850341796875";
                            2 = xpoint3:"0.5655574798583984375,-0.200718581676483154296875,0.799728810787200927734375";
                          }
                          #0 = {
                            scale = fixp:"1";
                            name = str:"Bip01 R Finger11";
                            translation = xpoint3:"16.657939910888671875,0,0";
                            rotation = {
                              0 = xpoint3:"0.228864610195159912109375,-0.972883284091949462890625,0";
                              1 = xpoint3:"0.972883284091949462890625,0.228864610195159912109375,0";
                              2 = xpoint3:"0,0,1";
                            }
                          }
                        }
                        #2 = {
                          scale = fixp:"1";
                          name = str:"Bip01 R Finger2";
                          translation = xpoint3:"51.04392242431640625,-1.83000671863555908203125,8.2771968841552734375";
                          rotation = {
                            0 = xpoint3:"0.99750041961669921875,0.0032059443183243274688720703125,-0.070561774075031280517578125";
                            1 = xpoint3:"-0.00233002938330173492431640625,0.99991929531097412109375,0.0124833174049854278564453125";
                            2 = xpoint3:"0.070596121251583099365234375,-0.0122875608503818511962890625,0.997427403926849365234375";
                          }
                          #0 = {
                            scale = fixp:"1";
                            name = str:"Bip01 R Finger21";
                            translation = xpoint3:"16.8632106781005859375,0,0";
                            rotation = {
                              0 = xpoint3:"0.228864610195159912109375,-0.972883284091949462890625,0";
                              1 = xpoint3:"0.972883284091949462890625,0.228864610195159912109375,0";
                              2 = xpoint3:"0,0,1";
                            }
                          }
                        }
                        #3 = {
                          scale = fixp:"1";
                          name = str:"Bip01 R Finger3";
                          translation = xpoint3:"50.099849700927734375,-1.6620273590087890625,-5.0051746368408203125";
                          rotation = {
                            0 = xpoint3:"0.973271071910858154296875,-0.0060272286646068096160888671875,0.2294957637786865234375";
                            1 = xpoint3:"0.0051455781795084476470947265625,0.9999768733978271484375,0.004437585361301898956298828125";
                            2 = xpoint3:"-0.2295172214508056640625,-0.00313714123331010341644287109375,0.97327959537506103515625";
                          }
                          #0 = {
                            scale = fixp:"1";
                            name = str:"Bip01 R Finger31";
                            translation = xpoint3:"14.6186046600341796875,0,0";
                            rotation = {
                              0 = xpoint3:"0.228864610195159912109375,-0.972883284091949462890625,0";
                              1 = xpoint3:"0.972883284091949462890625,0.228864610195159912109375,0";
                              2 = xpoint3:"0,0,1";
                            }
                          }
                        }
                        #4 = {
                          scale = fixp:"1";
                          name = str:"Bip01 R Finger4";
                          translation = xpoint3:"47.9545745849609375,-1.42781102657318115234375,-17.7601795196533203125";
                          rotation = {
                            0 = xpoint3:"0.711714804172515869140625,0.09357230365276336669921875,0.695908010005950927734375";
                            1 = xpoint3:"-0.0207973420619964599609375,0.993459165096282958984375,-0.11223565042018890380859375";
                            2 = xpoint3:"-0.701862633228302001953125,0.0653727352619171142578125,0.709008395671844482421875";
                          }
                          #0 = {
                            scale = fixp:"1";
                            name = str:"Bip01 R Finger41";
                            translation = xpoint3:"11.529270172119140625,0,0";
                            rotation = {
                              0 = xpoint3:"0.29867458343505859375,-0.953821659088134765625,0";
                              1 = xpoint3:"0.953821659088134765625,0.29867458343505859375,0";
                              2 = xpoint3:"0,0,1";
                            }
                          }
                        }
                        #5 = {
                          scale = fixp:"1";
                          name = str:"pt_hand@#0";
                          translation = xpoint3:"26.9728336334228515625,8.85024166107177734375,3.1432526111602783203125";
                          rotation = {
                            0 = xpoint3:"-0.999905288219451904296875,0.0137614570558071136474609375,0";
                            1 = xpoint3:"-0.013761471025645732879638671875,-0.99927675724029541015625,-0.0354487635195255279541015625";
                            2 = xpoint3:"0,-0.0354487709701061248779296875,0.999371469020843505859375";
                          }
                        }
                      }
                    }
                  }
                }
              }
              #1 = {
                scale = fixp:"1";
                name = str:"pt_chest";
                translation = xpoint3:"39.70328521728515625,-10.8477764129638671875,0.5319058895111083984375";
                rotation = {
                  0 = xpoint3:"0,0.010809547267854213714599609375,0.9999415874481201171875";
                  1 = xpoint3:"0,-0.9999415874481201171875,0.010809547267854213714599609375";
                  2 = xpoint3:"1,0,0";
                }
              }
            }
            #1 = {
              scale = fixp:"1";
              name = str:"Bip01 L Thigh";
              translation = xpoint3:"-26.8679981231689453125,-0.325300514698028564453125,31.0322551727294921875";
              rotation = {
                0 = xpoint3:"-0.6151769161224365234375,0.78610515594482421875,-0.035387516021728515625";
                1 = xpoint3:"0.7424247264862060546875,0.596122562885284423828125,0.30472505092620849609375";
                2 = xpoint3:"0.26080477237701416015625,0.16152553260326385498046875,-0.95029485225677490234375";
              }
              #0 = {
                scale = fixp:"1";
                name = str:"Bip01 L Calf";
                translation = xpoint3:"115.62293243408203125,0,0";
                rotation = {
                  0 = xpoint3:"0.6910991668701171875,0.722449779510498046875,0";
                  1 = xpoint3:"-0.722449779510498046875,0.6910991668701171875,0";
                  2 = xpoint3:"0,0,1";
                }
                #0 = {
                  scale = fixp:"1";
                  name = str:"Bip01 L Foot";
                  translation = xpoint3:"93.2569732666015625,0,0";
                  rotation = {
                    0 = xpoint3:"0.970478236675262451171875,-0.23467563092708587646484375,-0.05528508126735687255859375";
                    1 = xpoint3:"0.21135069429874420166015625,0.938431441783905029296875,-0.273108065128326416015625";
                    2 = xpoint3:"0.1160171329975128173828125,0.25334656238555908203125,0.96036350727081298828125";
                  }
                  #0 = {
                    scale = fixp:"1";
                    name = str:"Bip01 L Toe0";
                    translation = xpoint3:"42.580303192138671875,49.1902618408203125,0";
                    rotation = {
                      0 = xpoint3:"-0.079131603240966796875,-0.996078431606292724609375,0";
                      1 = xpoint3:"0.996078431606292724609375,-0.079131603240966796875,0";
                      2 = xpoint3:"0,0,1";
                    }
                  }
                  #1 = {
                    scale = fixp:"1";
                    name = str:"pt_foot";
                    translation = xpoint3:"9.0351390838623046875,-0.727122843265533447265625,0.628734529018402099609375";
                    rotation = {
                      0 = xpoint3:"0.0449798442423343658447265625,0.01544956304132938385009765625,-0.998868405818939208984375";
                      1 = xpoint3:"-0.027136005461215972900390625,-0.999492585659027099609375,-0.016681171953678131103515625";
                      2 = xpoint3:"-0.998619258403778076171875,0.0278556160628795623779296875,-0.0445377789437770843505859375";
                    }
                    #0 = {
                      scale = fixp:"1";
                      name = str:"pt_footprint01";
                      translation = xpoint3:"4.059186458587646484375,-25.4186077117919921875,-37.3488311767578125";
                      rotation = {
                        0 = xpoint3:"1,0,0";
                        1 = xpoint3:"0,1,0";
                        2 = xpoint3:"0,0,1";
                      }
                    }
                  }
                }
              }
            }
            #2 = {
              scale = fixp:"1";
              name = str:"Bip01 R Thigh";
              translation = xpoint3:"-27.229160308837890625,-2.786504268646240234375,-31.0322399139404296875";
              rotation = {
                0 = xpoint3:"-0.671646296977996826171875,0.736985623836517333984375,0.057599417865276336669921875";
                1 = xpoint3:"0.687680661678314208984375,0.652873098850250244140625,-0.316778004169464111328125";
                2 = xpoint3:"-0.2712209522724151611328125,-0.17350850999355316162109375,-0.9452571868896484375";
              }
              #0 = {
                scale = fixp:"1";
                name = str:"Bip01 R Calf";
                translation = xpoint3:"115.6229248046875,0,0";
                rotation = {
                  0 = xpoint3:"0.69459712505340576171875,0.71909081935882568359375,0";
                  1 = xpoint3:"-0.71909081935882568359375,0.69459712505340576171875,0";
                  2 = xpoint3:"0,0,1";
                }
                #0 = {
                  scale = fixp:"1";
                  name = str:"Bip01 R Foot";
                  translation = xpoint3:"93.256988525390625,0,0";
                  rotation = {
                    0 = xpoint3:"0.949864327907562255859375,-0.309338748455047607421875,0.0446597449481487274169921875";
                    1 = xpoint3:"0.290265619754791259765625,0.9261033535003662109375,0.2407722175121307373046875";
                    2 = xpoint3:"-0.115891396999359130859375,-0.21571958065032958984375,0.9695308208465576171875";
                  }
                  #0 = {
                    scale = fixp:"1";
                    name = str:"Bip01 R Toe0";
                    translation = xpoint3:"42.5803070068359375,49.1902618408203125,0";
                    rotation = {
                      0 = xpoint3:"-0.079131603240966796875,-0.996078431606292724609375,0";
                      1 = xpoint3:"0.996078431606292724609375,-0.079131603240966796875,0";
                      2 = xpoint3:"0,0,1";
                    }
                  }
                  #1 = {
                    scale = fixp:"1";
                    name = str:"pt_foot@#1";
                    translation = xpoint3:"8.7208080291748046875,-0.92193853855133056640625,-0.556258857250213623046875";
                    rotation = {
                      0 = xpoint3:"-0.024610690772533416748046875,0.023434109985828399658203125,-0.99942243099212646484375";
                      1 = xpoint3:"0.00232559838332235813140869140625,-0.99972116947174072265625,-0.0234983824193477630615234375";
                      2 = xpoint3:"-0.999694406986236572265625,-0.00290256715379655361175537109375,0.0245493315160274505615234375";
                    }
                    #0 = {
                      scale = fixp:"1";
                      name = str:"pt_footprint02";
                      translation = xpoint3:"-2.7784211635589599609375,-18.5974884033203125,-35.75911712646484375";
                      rotation = {
                        0 = xpoint3:"1,0,0";
                        1 = xpoint3:"0,1,0";
                        2 = xpoint3:"0,0,1";
                      }
                    }
                  }
                }
              }
            }
          }
          #1 = {
            scale = fixp:"1";
            name = str:"Bone_pola_03";
            translation = xpoint3:"18.0387859344482421875,1.33781516551971435546875,-57.73993682861328125";
            rotation = {
              0 = xpoint3:"-0.823495686054229736328125,-0.522726356983184814453125,0.2204813063144683837890625";
              1 = xpoint3:"0.21451954543590545654296875,0.072872392833232879638671875,0.973997414112091064453125";
              2 = xpoint3:"-0.5252010822296142578125,0.849380195140838623046875,0.052124910056591033935546875";
            }
          }
          #2 = {
            scale = fixp:"1";
            name = str:"Bone_pola_01";
            translation = xpoint3:"17.4063854217529296875,-6.5949878692626953125,54.642253875732421875";
            rotation = {
              0 = xpoint3:"0.63254010677337646484375,0.7101247310638427734375,-0.3092181682586669921875";
              1 = xpoint3:"-0.1693145930767059326171875,-0.2628006637096405029296875,-0.949878036975860595703125";
              2 = xpoint3:"-0.75579464435577392578125,0.653191030025482177734375,-0.045997440814971923828125";
            }
          }
          #3 = {
            scale = fixp:"1";
            name = str:"Bone_pola_04";
            translation = xpoint3:"15.844287872314453125,-39.673763275146484375,-0.20226769149303436279296875";
            rotation = {
              0 = xpoint3:"-0.97849762439727783203125,-0.00816537439823150634765625,-0.2060971558094024658203125";
              1 = xpoint3:"-0.20618556439876556396484375,0.01209005899727344512939453125,0.97843825817108154296875";
              2 = xpoint3:"-0.00549757480621337890625,0.999893665313720703125,-0.01351383142173290252685546875";
            }
          }
          #4 = {
            scale = fixp:"1";
            name = str:"Bone_pola_02";
            translation = xpoint3:"16.481353759765625,47.826320648193359375,0.2367401123046875";
            rotation = {
              0 = xpoint3:"-0.93781030178070068359375,-0.00287632644176483154296875,0.34713590145111083984375";
              1 = xpoint3:"0.347089588642120361328125,-0.0260849334299564361572265625,0.937469065189361572265625";
              2 = xpoint3:"0.00635857880115509033203125,0.999655544757843017578125,0.0254611633718013763427734375";
            }
          }
        }
        #2 = {
          scale = fixp:"1";
          name = str:"pt_center";
          translation = xpoint3:"-0.024286724627017974853515625,0.5319216251373291015625,14.234325408935546875";
          rotation = {
            0 = xpoint3:"0,-0.999412715435028076171875,0.03426693379878997802734375";
            1 = xpoint3:"1,0,0";
            2 = xpoint3:"0,0.03426693379878997802734375,0.999412715435028076171875";
          }
        }
        #3 = {
          scale = fixp:"1";
          name = str:"pt_cast";
          translation = xpoint3:"221.47601318359375,-0.30773127079010009765625,11.8365955352783203125";
          rotation = {
            0 = xpoint3:"0,-0.999412715435028076171875,0.034266926348209381103515625";
            1 = xpoint3:"1,0,0";
            2 = xpoint3:"0,0.034266926348209381103515625,0.999412715435028076171875";
          }
        }
      }
      #1 = {
        scale = fixp:"1";
        name = str:"pt_ground";
        translation = xpoint3:"1.38690960407257080078125,41.360996246337890625,10.86163425445556640625";
        rotation = {
          0 = xpoint3:"0.999931871891021728515625,-0.0052417875267565250396728515625,-0.01043171621859073638916015625";
          1 = xpoint3:"0.00497155450284481048583984375,0.999655663967132568359375,-0.02576438523828983306884765625";
          2 = xpoint3:"0.0105631761252880096435546875,0.02571076713502407073974609375,0.99961364269256591796875";
        }
      }
      #2 = {
        scale = fixp:"1";
        name = str:"pt_top";
        translation = xpoint3:"0.531921327114105224609375,49.750484466552734375,532.954345703125";
        rotation = {
          0 = xpoint3:"1,0,0";
          1 = xpoint3:"0,0.999412715435028076171875,-0.0342669300734996795654296875";
          2 = xpoint3:"0,0.0342669300734996795654296875,0.999412715435028076171875";
        }
      }
    }
  }
}