model = {
  file = str:"data\models\units\denkar\denkarh.nif";
  animation = {
    loop = fixp:"0";
    duration = fixp:"26.3333339691162109375";
  }
  #0 = {
    scale = fixp:"1";
    name = str:"IK Chain03";
    translation = xpoint3:"20.737335205078125,11.784061431884765625,26.87216949462890625";
    rotation = {
      0 = xpoint3:"1,0,0";
      1 = xpoint3:"0,1,0";
      2 = xpoint3:"0,0,1";
    }
    #0 = {
      scale = fixp:"1";
      name = str:"pt_footprint02";
      translation = xpoint3:"0,0,0";
      rotation = {
        0 = xpoint3:"1,0,0";
        1 = xpoint3:"0,1,0";
        2 = xpoint3:"0,0,1";
      }
    }
  }
  #1 = {
    scale = fixp:"1";
    name = str:"IK Chain04";
    translation = xpoint3:"-36.234710693359375,22.80108642578125,26.87216949462890625";
    rotation = {
      0 = xpoint3:"1,0,0";
      1 = xpoint3:"0,1,0";
      2 = xpoint3:"0,0,1";
    }
    #0 = {
      scale = fixp:"1";
      name = str:"pt_footprint01";
      translation = xpoint3:"0,0,0";
      rotation = {
        0 = xpoint3:"1,0,0";
        1 = xpoint3:"0,1,0";
        2 = xpoint3:"0,0,1";
      }
    }
  }
  #2 = {
    scale = fixp:"1";
    name = str:"ROOT";
    translation = xpoint3:"0,0,0";
    rotation = {
      0 = xpoint3:"1,0,0";
      1 = xpoint3:"0,1,0";
      2 = xpoint3:"0,0,1";
    }
    #4 = {
      scale = fixp:"1";
      name = str:"ROOT NonAccum";
      translation = xpoint3:"0,0,0";
      rotation = {
        0 = xpoint3:"1,0,0";
        1 = xpoint3:"0,1,0";
        2 = xpoint3:"0,0,1";
      }
      #0 = {
        scale = fixp:"1";
        name = str:"Bip01";
        translation = xpoint3:"4.19520664215087890625,9.663257598876953125,119.82709503173828125";
        rotation = {
          0 = xpoint3:"0,0,1.00000011920928955078125";
          1 = xpoint3:"0,-1.0000002384185791015625,0";
          2 = xpoint3:"1.00000011920928955078125,0,0";
        }
        #0 = {
          scale = fixp:"1";
          name = str:"Bip01 Spine02";
          translation = xpoint3:"23.822017669677734375,-0.0218854211270809173583984375,0";
          rotation = {
            0 = xpoint3:"1,0,0";
            1 = xpoint3:"0,1,0";
            2 = xpoint3:"0,0,1";
          }
          #0 = {
            scale = fixp:"1";
            name = str:"Bip01 Spine03";
            translation = xpoint3:"27.466083526611328125,-0.0218698494136333465576171875,0";
            rotation = {
              0 = xpoint3:"1,0,0";
              1 = xpoint3:"0,0.993568122386932373046875,0.113235950469970703125";
              2 = xpoint3:"0,-0.113235950469970703125,0.993568122386932373046875";
            }
            #0 = {
              scale = fixp:"1";
              name = str:"Bip01 L Clavicle01";
              translation = xpoint3:"27.466075897216796875,0,4.196075439453125";
              rotation = {
                0 = xpoint3:"0,0,0.999999582767486572265625";
                1 = xpoint3:"0.0761988461017608642578125,-0.997092187404632568359375,0";
                2 = xpoint3:"0.997092545032501220703125,0.076198756694793701171875,0";
              }
              #0 = {
                scale = fixp:"1";
                name = str:"Bip01 L UpperArm01";
                translation = xpoint3:"25.850238800048828125,0,0";
                rotation = {
                  0 = xpoint3:"0.3633249700069427490234375,0.063147418200969696044921875,0.92902290821075439453125";
                  1 = xpoint3:"-0.02450788579881191253662109375,0.998001396656036376953125,-0.0582212246954441070556640625";
                  2 = xpoint3:"-0.93084394931793212890625,-0.0016586072742938995361328125,0.3641484677791595458984375";
                }
                #0 = {
                  scale = fixp:"1";
                  name = str:"Bip01 L Forearm01";
                  translation = xpoint3:"42.717205047607421875,0,0";
                  rotation = {
                    0 = xpoint3:"0.0890085697174072265625,0.995366990566253662109375,0";
                    1 = xpoint3:"-0.995366990566253662109375,0.0890085697174072265625,0";
                    2 = xpoint3:"0,0,1";
                  }
                  #0 = {
                    scale = fixp:"1";
                    name = str:"Bip01 L Hand01";
                    translation = xpoint3:"35.880031585693359375,0,0";
                    rotation = {
                      0 = xpoint3:"0.835217773914337158203125,-0.502426445484161376953125,0.2230242192745208740234375";
                      1 = xpoint3:"-0.489194095134735107421875,-0.493126928806304931640625,0.717877447605133056640625";
                      2 = xpoint3:"-0.2507214844226837158203125,-0.708679497241973876953125,-0.65765225887298583984375";
                    }
                    #0 = {
                      scale = fixp:"1";
                      name = str:"Bip01 L Finger03";
                      translation = xpoint3:"5.623424053192138671875,4.4339199066162109375,-8.53110599517822265625";
                      rotation = {
                        0 = xpoint3:"0.7357561588287353515625,0.5286982059478759765625,0.4232507050037384033203125";
                        1 = xpoint3:"0.4127199649810791015625,0.14547328650951385498046875,-0.899166166782379150390625";
                        2 = xpoint3:"-0.536959171295166015625,0.836251080036163330078125,-0.111171424388885498046875";
                      }
                      #0 = {
                        scale = fixp:"1";
                        name = str:"Bip01 L Finger04";
                        translation = xpoint3:"6.013690948486328125,0,0";
                        rotation = {
                          0 = xpoint3:"0.993731200695037841796875,0.111795835196971893310546875,0";
                          1 = xpoint3:"-0.111795835196971893310546875,0.993731200695037841796875,0";
                          2 = xpoint3:"0,0,1";
                        }
                      }
                    }
                    #1 = {
                      scale = fixp:"1";
                      name = str:"Bip01 L Finger05";
                      translation = xpoint3:"17.8489742279052734375,-0.305565178394317626953125,-5.073643207550048828125";
                      rotation = {
                        0 = xpoint3:"0.939411103725433349609375,-0.3421605527400970458984375,0.0208077989518642425537109375";
                        1 = xpoint3:"0.3424391448497772216796875,0.939467847347259521484375,-0.0116441808640956878662109375";
                        2 = xpoint3:"-0.015564077533781528472900390625,0.0180640779435634613037109375,0.99971568584442138671875";
                      }
                      #0 = {
                        scale = fixp:"1";
                        name = str:"Bip01 L Finger06";
                        translation = xpoint3:"5.4239826202392578125,0,0";
                        rotation = {
                          0 = xpoint3:"0.578910648822784423828125,-0.815391004085540771484375,0";
                          1 = xpoint3:"0.815391004085540771484375,0.57891070842742919921875,0";
                          2 = xpoint3:"0,0,1";
                        }
                      }
                    }
                    #2 = {
                      scale = fixp:"1";
                      name = str:"Bip01 L Finger07";
                      translation = xpoint3:"17.0485363006591796875,0.00236944505013525485992431640625,2.9743869304656982421875";
                      rotation = {
                        0 = xpoint3:"0.977342426776885986328125,-0.087795890867710113525390625,-0.19259704649448394775390625";
                        1 = xpoint3:"0.117978729307651519775390625,0.98142135143280029296875,0.15130476653575897216796875";
                        2 = xpoint3:"0.17573492228984832763671875,-0.17059893906116485595703125,0.969542801380157470703125";
                      }
                      #0 = {
                        scale = fixp:"1";
                        name = str:"Bip01 L Finger08";
                        translation = xpoint3:"5.352319240570068359375,0,0";
                        rotation = {
                          0 = xpoint3:"0.29912984371185302734375,-0.954212367534637451171875,0";
                          1 = xpoint3:"0.954212367534637451171875,0.29912984371185302734375,0";
                          2 = xpoint3:"0,0,1";
                        }
                      }
                    }
                  }
                }
              }
            }
            #1 = {
              scale = fixp:"1";
              name = str:"Bip01 R Clavicle01";
              translation = xpoint3:"27.466083526611328125,0,-4.196029186248779296875";
              rotation = {
                0 = xpoint3:"0,-0.001081354916095733642578125,-0.99999940395355224609375";
                1 = xpoint3:"0.076192177832126617431640625,-0.997092545032501220703125,0.0010788105428218841552734375";
                2 = xpoint3:"-0.99709308147430419921875,-0.0761921405792236328125,0";
              }
              #0 = {
                scale = fixp:"1";
                name = str:"Bip01 R UpperArm01";
                translation = xpoint3:"25.850261688232421875,0,0";
                rotation = {
                  0 = xpoint3:"0.6179993152618408203125,0.67291963100433349609375,-0.405834615230560302734375";
                  1 = xpoint3:"-0.3606772720813751220703125,0.7018344402313232421875,0.6139280796051025390625";
                  2 = xpoint3:"0.698164999485015869140625,-0.2327552139759063720703125,0.6766989231109619140625";
                }
                #0 = {
                  scale = fixp:"1";
                  name = str:"Bip01 R Forearm01";
                  translation = xpoint3:"42.71723175048828125,0,0";
                  rotation = {
                    0 = xpoint3:"0.012980249710381031036376953125,0.997747123241424560546875,0.0538505204021930694580078125";
                    1 = xpoint3:"-0.997224390506744384765625,0.01632250659167766571044921875,-0.0620445795357227325439453125";
                    2 = xpoint3:"-0.06279025971889495849609375,-0.0529791601002216339111328125,0.996617138385772705078125";
                  }
                  #0 = {
                    scale = fixp:"1";
                    name = str:"Bip01 R Hand01";
                    translation = xpoint3:"35.070178985595703125,1.84200751781463623046875,-1.52497661113739013671875";
                    rotation = {
                      0 = xpoint3:"0.716061770915985107421875,-0.669053614139556884765625,-0.1980167925357818603515625";
                      1 = xpoint3:"-0.584055960178375244140625,-0.418285787105560302734375,-0.69415950775146484375";
                      2 = xpoint3:"0.3817356526851654052734375,0.61265480518341064453125,-0.69027459621429443359375";
                    }
                    #0 = {
                      scale = fixp:"1";
                      name = str:"Bip01 R Finger03";
                      translation = xpoint3:"5.62343692779541015625,4.433927059173583984375,8.5311107635498046875";
                      rotation = {
                        0 = xpoint3:"0.903581678867340087890625,-0.06632526218891143798828125,-0.423250615596771240234375";
                        1 = xpoint3:"0.409942448139190673828125,-0.1531259119510650634765625,0.89916598796844482421875";
                        2 = xpoint3:"-0.12444810569286346435546875,-0.9859783649444580078125,-0.111172221601009368896484375";
                      }
                      #0 = {
                        scale = fixp:"1";
                        name = str:"Bip01 R Finger04";
                        translation = xpoint3:"6.013713836669921875,0,0";
                        rotation = {
                          0 = xpoint3:"0.993731200695037841796875,0.111795835196971893310546875,0";
                          1 = xpoint3:"-0.111795835196971893310546875,0.993731200695037841796875,0";
                          2 = xpoint3:"0,0,1";
                        }
                      }
                    }
                    #1 = {
                      scale = fixp:"1";
                      name = str:"Bip01 R Finger05";
                      translation = xpoint3:"17.848995208740234375,-0.305556952953338623046875,5.073631763458251953125";
                      rotation = {
                        0 = xpoint3:"0.939411222934722900390625,-0.3421601355075836181640625,-0.0208080299198627471923828125";
                        1 = xpoint3:"0.3424387276172637939453125,0.93946802616119384765625,0.011644222773611545562744140625";
                        2 = xpoint3:"0.0155642889440059661865234375,-0.0180641897022724151611328125,0.99971568584442138671875";
                      }
                      #0 = {
                        scale = fixp:"1";
                        name = str:"Bip01 R Finger06";
                        translation = xpoint3:"5.42395877838134765625,0,0";
                        rotation = {
                          0 = xpoint3:"0.46457064151763916015625,-0.885536015033721923828125,0";
                          1 = xpoint3:"0.885536015033721923828125,0.46457064151763916015625,0";
                          2 = xpoint3:"0,0,1";
                        }
                      }
                    }
                    #2 = {
                      scale = fixp:"1";
                      name = str:"Bip01 R Finger07";
                      translation = xpoint3:"17.048534393310546875,0.00237327930517494678497314453125,-2.974384784698486328125";
                      rotation = {
                        0 = xpoint3:"0.68697941303253173828125,-0.700689494609832763671875,0.1925968229770660400390625";
                        1 = xpoint3:"0.726309001445770263671875,0.670508921146392822265625,-0.1513044536113739013671875";
                        2 = xpoint3:"-0.02312044799327850341796875,0.2438278496265411376953125,0.969542920589447021484375";
                      }
                      #0 = {
                        scale = fixp:"1";
                        name = str:"Bip01 R Finger08";
                        translation = xpoint3:"5.352327823638916015625,0,0";
                        rotation = {
                          0 = xpoint3:"-0.05034410953521728515625,-0.99873197078704833984375,0";
                          1 = xpoint3:"0.99873197078704833984375,-0.05034410953521728515625,0";
                          2 = xpoint3:"0,0,1";
                        }
                      }
                    }
                    #3 = {
                      scale = fixp:"1";
                      name = str:"Bone_Gun";
                      translation = xpoint3:"5.827716827392578125,4.438022613525390625,14.1740055084228515625";
                      rotation = {
                        0 = xpoint3:"0.147624433040618896484375,-0.986804544925689697265625,-0.06651188433170318603515625";
                        1 = xpoint3:"0.986552774906158447265625,0.15168891847133636474609375,-0.0608615316450595855712890625";
                        2 = xpoint3:"0.07014755904674530029296875,-0.0566328354179859161376953125,0.995927751064300537109375";
                      }
                      #0 = {
                        scale = fixp:"1";
                        name = str:"pt_aim";
                        translation = xpoint3:"0,0,0";
                        rotation = {
                          0 = xpoint3:"1,0,0";
                          1 = xpoint3:"0,1,0";
                          2 = xpoint3:"0,0,1";
                        }
                      }
                      #1 = {
                        scale = fixp:"1";
                        name = str:"pt_shoot_1";
                        translation = xpoint3:"0,-141.275482177734375,0";
                        rotation = {
                          0 = xpoint3:"1,0,0";
                          1 = xpoint3:"0,1,0";
                          2 = xpoint3:"0,0,1";
                        }
                      }
                    }
                  }
                }
              }
            }
            #2 = {
              scale = fixp:"1";
              name = str:"Bip01 Neck01";
              translation = xpoint3:"27.47107696533203125,-0.00733250193297863006591796875,0";
              rotation = {
                0 = xpoint3:"0.826172888278961181640625,-0.563416659832000732421875,0";
                1 = xpoint3:"0.563416659832000732421875,0.826172888278961181640625,0";
                2 = xpoint3:"0,0,1";
              }
              #0 = {
                scale = fixp:"1";
                name = str:"Bip01 Head01";
                translation = xpoint3:"11.14434337615966796875,0,0";
                rotation = {
                  0 = xpoint3:"0.93429529666900634765625,0.35277497768402099609375,-0.0514013879001140594482421875";
                  1 = xpoint3:"-0.35650002956390380859375,0.92453205585479736328125,-0.1347151696681976318359375";
                  2 = xpoint3:"0,0.144188344478607177734375,0.98955023288726806640625";
                }
                #0 = {
                  scale = fixp:"1";
                  name = str:"pt_head";
                  translation = xpoint3:"0,0,0";
                  rotation = {
                    0 = xpoint3:"1,0,0";
                    1 = xpoint3:"0,1,0";
                    2 = xpoint3:"0,0,1";
                  }
                }
              }
            }
            #3 = {
              scale = fixp:"1";
              name = str:"pt_chest";
              translation = xpoint3:"0,0,0";
              rotation = {
                0 = xpoint3:"1,0,0";
                1 = xpoint3:"0,1,0";
                2 = xpoint3:"0,0,1";
              }
            }
            #4 = {
              scale = fixp:"1";
              name = str:"pt_cast";
              translation = xpoint3:"10.239711761474609375,0,0";
              rotation = {
                0 = xpoint3:"1,0,0";
                1 = xpoint3:"0,1,0";
                2 = xpoint3:"0,0,1";
              }
            }
          }
          #1 = {
            scale = fixp:"1";
            name = str:"pt_center";
            translation = xpoint3:"0,0,0";
            rotation = {
              0 = xpoint3:"1,0,0";
              1 = xpoint3:"0,1,0";
              2 = xpoint3:"0,0,1";
            }
          }
        }
        #1 = {
          scale = fixp:"1";
          name = str:"Bip01 R Thigh01";
          translation = xpoint3:"-1.35002315044403076171875,8.2401027679443359375,-17.1412200927734375";
          rotation = {
            0 = xpoint3:"-0.950127303600311279296875,0.0496823452413082122802734375,0.30324852466583251953125";
            1 = xpoint3:"-0.0540613569319248199462890625,0.944426476955413818359375,-0.324122488498687744140625";
            2 = xpoint3:"-0.3024985790252685546875,-0.32482254505157470703125,-0.89455878734588623046875";
          }
          #0 = {
            scale = fixp:"1";
            name = str:"Bip01 R Calf01";
            translation = xpoint3:"48.96661376953125,0,0";
            rotation = {
              0 = xpoint3:"0.937887251377105712890625,0.346810281276702880859375,0";
              1 = xpoint3:"-0.346810281276702880859375,0.937887251377105712890625,0";
              2 = xpoint3:"0,0,1";
            }
            #0 = {
              scale = fixp:"1";
              name = str:"Bip01 R Foot01";
              translation = xpoint3:"49.481464385986328125,0,0";
              rotation = {
                0 = xpoint3:"0.932368695735931396484375,-0.3501598834991455078125,0.0893224775791168212890625";
                1 = xpoint3:"0.332185268402099609375,0.92779445648193359375,0.16954548656940460205078125";
                2 = xpoint3:"-0.1422793567180633544921875,-0.12837742269039154052734375,0.981452465057373046875";
              }
            }
          }
        }
        #2 = {
          scale = fixp:"1";
          name = str:"Bip01 L Thigh01";
          translation = xpoint3:"-1.35006892681121826171875,8.24016094207763671875,17.1411991119384765625";
          rotation = {
            0 = xpoint3:"-0.96805393695831298828125,0.24495555460453033447265625,-0.003534321673214435577392578125";
            1 = xpoint3:"0.24368347227573394775390625,0.96575534343719482421875,0.088799178600311279296875";
            2 = xpoint3:"0.0251808464527130126953125,0.0852274000644683837890625,-0.994589328765869140625";
          }
          #0 = {
            scale = fixp:"1";
            name = str:"Bip01 L Calf01";
            translation = xpoint3:"48.9666290283203125,0,0";
            rotation = {
              0 = xpoint3:"0.754016578197479248046875,0.656583607196807861328125,0";
              1 = xpoint3:"-0.656583607196807861328125,0.754016578197479248046875,0";
              2 = xpoint3:"0,0,1";
            }
            #0 = {
              scale = fixp:"1";
              name = str:"Bip01 L Foot01";
              translation = xpoint3:"49.4814605712890625,0,0";
              rotation = {
                0 = xpoint3:"0.887528717517852783203125,-0.46028232574462890625,-0.01642267592251300811767578125";
                1 = xpoint3:"0.45898425579071044921875,0.880944430828094482421875,0.114444531500339508056640625";
                2 = xpoint3:"-0.03824900090694427490234375,-0.109106682240962982177734375,0.99328899383544921875";
              }
            }
          }
        }
      }
      #1 = {
        scale = fixp:"1";
        name = str:"IK Chain02";
        translation = xpoint3:"40.934192657470703125,-34.52457427978515625,155.9211273193359375";
        rotation = {
          0 = xpoint3:"1,0,0";
          1 = xpoint3:"0,1,0";
          2 = xpoint3:"0,0,1";
        }
        #0 = {
          scale = fixp:"1";
          name = str:"pt_hand";
          translation = xpoint3:"0,0,0";
          rotation = {
            0 = xpoint3:"1,0,0";
            1 = xpoint3:"0,1,0";
            2 = xpoint3:"0,0,1";
          }
        }
      }
      #2 = {
        scale = fixp:"1";
        name = str:"IK Chain01";
        translation = xpoint3:"-33.21014404296875,-31.6744747161865234375,161.716156005859375";
        rotation = {
          0 = xpoint3:"1,0,0";
          1 = xpoint3:"0,1,0";
          2 = xpoint3:"0,0,1";
        }
        #0 = {
          scale = fixp:"1";
          name = str:"pt_hand@#0";
          translation = xpoint3:"0,0,0";
          rotation = {
            0 = xpoint3:"1,0,0";
            1 = xpoint3:"0,1,0";
            2 = xpoint3:"0,0,1";
          }
        }
      }
      #3 = {
        scale = fixp:"1";
        name = str:"pt_ground";
        translation = xpoint3:"0,0,0";
        rotation = {
          0 = xpoint3:"1,0,0";
          1 = xpoint3:"0,1,0";
          2 = xpoint3:"0,0,1";
        }
      }
      #4 = {
        scale = fixp:"1";
        name = str:"pt_top";
        translation = xpoint3:"-0.45162200927734375,0.049228668212890625,273.9320068359375";
        rotation = {
          0 = xpoint3:"0,0,0.999999940395355224609375";
          1 = xpoint3:"0,-0.999999940395355224609375,0";
          2 = xpoint3:"0.999999940395355224609375,0,0";
        }
      }
    }
  }
}