model = {
  file = str:"data\models\units\master\master.nif";
  animation = {
    loop = fixp:"0";
    duration = fixp:"20.3333339691162109375";
  }
  #0 = {
    scale = fixp:"1";
    name = str:"ROOT";
    translation = xpoint3:"0,0,0";
    rotation = {
      0 = xpoint3:"1,0,0";
      1 = xpoint3:"0,1,0";
      2 = xpoint3:"0,0,1";
    }
    #3 = {
      scale = fixp:"1";
      name = str:"ROOT NonAccum";
      translation = xpoint3:"0,0,0";
      rotation = {
        0 = xpoint3:"1,0,0";
        1 = xpoint3:"0,1,0";
        2 = xpoint3:"0,0,1";
      }
      #0 = {
        scale = fixp:"1";
        name = str:"pt_ground";
        translation = xpoint3:"0,0,0";
        rotation = {
          0 = xpoint3:"1,0,0";
          1 = xpoint3:"0,1,0";
          2 = xpoint3:"0,0,1";
        }
      }
      #1 = {
        scale = fixp:"1";
        name = str:"pt_top";
        translation = xpoint3:"-0.9017684459686279296875,-47.251110076904296875,308.686065673828125";
        rotation = {
          0 = xpoint3:"1,0,0";
          1 = xpoint3:"0,1,0";
          2 = xpoint3:"0,0,1";
        }
      }
      #2 = {
        scale = fixp:"1";
        name = str:"pt_chest ";
        translation = xpoint3:"-0.2707756459712982177734375,-29.8596630096435546875,220.5184478759765625";
        rotation = {
          0 = xpoint3:"0.999999701976776123046875,0,0";
          1 = xpoint3:"0,0.997027456760406494140625,-0.0770446360111236572265625";
          2 = xpoint3:"0,0.07704494893550872802734375,0.997027456760406494140625";
        }
      }
      #3 = {
        scale = fixp:"1";
        name = str:"Bip01";
        translation = xpoint3:"-0.101972639560699462890625,-20.7494106292724609375,191.045654296875";
        rotation = {
          0 = xpoint3:"-0.99999988079071044921875,0,0";
          1 = xpoint3:"0,0,0.999999940395355224609375";
          2 = xpoint3:"0,0.999999940395355224609375,0";
        }
        #0 = {
          scale = fixp:"1";
          name = str:"Chest";
          translation = xpoint3:"0,0,0";
          rotation = {
            0 = xpoint3:"-1,0,0";
            1 = xpoint3:"0,1,0";
            2 = xpoint3:"0,0,-1";
          }
          #0 = {
            scale = fixp:"1";
            name = str:"Head";
            translation = xpoint3:"0.1041621267795562744140625,43.20374298095703125,10.81931972503662109375";
            rotation = {
              0 = xpoint3:"0,0,-0.999999940395355224609375";
              1 = xpoint3:"0,1,0";
              2 = xpoint3:"0.999999940395355224609375,0,0";
            }
            #0 = {
              scale = fixp:"1";
              name = str:"pt_head";
              translation = xpoint3:"-1.0054571628570556640625,18.858356475830078125,0";
              rotation = {
                0 = xpoint3:"0,-0.957758843898773193359375,-0.2875726222991943359375";
                1 = xpoint3:"0,-0.2875726222991943359375,0.957758843898773193359375";
                2 = xpoint3:"-1,0,0";
              }
            }
          }
          #1 = {
            scale = fixp:"1";
            name = str:"Dummy04";
            translation = xpoint3:"45.386516571044921875,27.1471691131591796875,-15.405124664306640625";
            rotation = {
              0 = xpoint3:"0.71927821636199951171875,-0.694722115993499755859375,0";
              1 = xpoint3:"-0.694722115993499755859375,-0.71927821636199951171875,0";
              2 = xpoint3:"0,0,-1";
            }
            #0 = {
              scale = fixp:"1";
              name = str:"Dummy05";
              translation = xpoint3:"1.30050861835479736328125,1.3464527130126953125,-0.398095786571502685546875";
              rotation = {
                0 = xpoint3:"0.990993022918701171875,0.100789733231067657470703125,0.088171876966953277587890625";
                1 = xpoint3:"-0.099283374845981597900390625,0.9948308467864990234375,-0.0213175155222415924072265625";
                2 = xpoint3:"-0.089864693582057952880859375,0.0123715065419673919677734375,0.99587714672088623046875";
              }
              #0 = {
                scale = fixp:"1";
                name = str:"Dummy06";
                translation = xpoint3:"21.5830211639404296875,0,0";
                rotation = {
                  0 = xpoint3:"1,0,0";
                  1 = xpoint3:"0,1,0";
                  2 = xpoint3:"0,0,1";
                }
                #0 = {
                  scale = fixp:"1";
                  name = str:"Bone03";
                  translation = xpoint3:"18.05297088623046875,-0.29676902294158935546875,0.25690424442291259765625";
                  rotation = {
                    0 = xpoint3:"0.50235974788665771484375,0.8549587726593017578125,0.126325070858001708984375";
                    1 = xpoint3:"0.832264423370361328125,-0.4377959668636322021484375,-0.337022364139556884765625";
                    2 = xpoint3:"-0.232912957668304443359375,0.2743968963623046875,-0.931479930877685546875";
                  }
                  #0 = {
                    scale = fixp:"1";
                    name = str:"Bone04";
                    translation = xpoint3:"95.8774261474609375,0,0";
                    rotation = {
                      0 = xpoint3:"1,0,0";
                      1 = xpoint3:"0,1,0";
                      2 = xpoint3:"0,0,1";
                    }
                  }
                  #1 = {
                    scale = fixp:"1";
                    name = str:"Bip02 L Hand01";
                    translation = xpoint3:"43.8782958984375,-4.04253864288330078125,-6.18813037872314453125";
                    rotation = {
                      0 = xpoint3:"0.85693013668060302734375,0.51189291477203369140625,0.0603021085262298583984375";
                      1 = xpoint3:"0.272018253803253173828125,-0.548511326313018798828125,0.790658891201019287109375";
                      2 = xpoint3:"0.4378090798854827880859375,-0.661136209964752197265625,-0.609280109405517578125";
                    }
                    #0 = {
                      scale = fixp:"1";
                      name = str:"Bip02 L Finger04";
                      translation = xpoint3:"10.57949542999267578125,5.165318965911865234375,-7.362091541290283203125";
                      rotation = {
                        0 = xpoint3:"0.5926210880279541015625,0.526683807373046875,0.6094295978546142578125";
                        1 = xpoint3:"0.65127086639404296875,0.1318949759006500244140625,-0.747295081615447998046875";
                        2 = xpoint3:"-0.4739689528942108154296875,0.839766561985015869140625,-0.2648500502109527587890625";
                      }
                      #0 = {
                        scale = fixp:"1";
                        name = str:"Bip02 L Finger05";
                        translation = xpoint3:"7.738937854766845703125,0,0";
                        rotation = {
                          0 = xpoint3:"0.761763632297515869140625,-0.6478550434112548828125,0";
                          1 = xpoint3:"0.6478550434112548828125,0.761763632297515869140625,0";
                          2 = xpoint3:"0,0,1";
                        }
                      }
                    }
                    #1 = {
                      scale = fixp:"1";
                      name = str:"Bip02 L Finger06";
                      translation = xpoint3:"16.328723907470703125,-0.0032368935644626617431640625,-4.082184314727783203125";
                      rotation = {
                        0 = xpoint3:"0.93369424343109130859375,0.3557363450527191162109375,0.040825136005878448486328125";
                        1 = xpoint3:"-0.3554314672946929931640625,0.934586048126220703125,-0.014744031243026256561279296875";
                        2 = xpoint3:"-0.04339958727359771728515625,0,0.9990575313568115234375";
                      }
                      #0 = {
                        scale = fixp:"1";
                        name = str:"Bip02 L Finger07";
                        translation = xpoint3:"9.92679500579833984375,0,0";
                        rotation = {
                          0 = xpoint3:"0.292528450489044189453125,-0.956256806850433349609375,0";
                          1 = xpoint3:"0.956256806850433349609375,0.292528450489044189453125,0";
                          2 = xpoint3:"0,0,1";
                        }
                      }
                    }
                    #2 = {
                      scale = fixp:"1";
                      name = str:"Bip02 L Finger08";
                      translation = xpoint3:"16.42589569091796875,0.827037990093231201171875,1.61987411975860595703125";
                      rotation = {
                        0 = xpoint3:"0.953987658023834228515625,0.2584398686885833740234375,-0.1520405113697052001953125";
                        1 = xpoint3:"-0.24896480143070220947265625,0.965309917926788330078125,0.07869754731655120849609375";
                        2 = xpoint3:"0.1671048104763031005859375,-0.0372237525880336761474609375,0.985236227512359619140625";
                      }
                      #0 = {
                        scale = fixp:"1";
                        name = str:"Bip02 L Finger09";
                        translation = xpoint3:"10.60054779052734375,0,0";
                        rotation = {
                          0 = xpoint3:"0.449344694614410400390625,-0.8933584690093994140625,0";
                          1 = xpoint3:"0.8933584690093994140625,0.449344694614410400390625,0";
                          2 = xpoint3:"0,0,1";
                        }
                      }
                    }
                    #3 = {
                      scale = fixp:"1";
                      name = str:"Bip02 L Finger10";
                      translation = xpoint3:"14.13026142120361328125,2.2043340206146240234375,6.206100940704345703125";
                      rotation = {
                        0 = xpoint3:"0.931318461894989013671875,0.004506506025791168212890625,-0.36417806148529052734375";
                        1 = xpoint3:"0.1746070683002471923828125,0.871994554996490478515625,0.4573159515857696533203125";
                        2 = xpoint3:"0.31962215900421142578125,-0.4894948303699493408203125,0.811317741870880126953125";
                      }
                      #0 = {
                        scale = fixp:"1";
                        name = str:"Bip02 L Finger12";
                        translation = xpoint3:"9.9349822998046875,0,0";
                        rotation = {
                          0 = xpoint3:"0.681647241115570068359375,-0.73168098926544189453125,0";
                          1 = xpoint3:"0.73168098926544189453125,0.681647241115570068359375,0";
                          2 = xpoint3:"0,0,1";
                        }
                      }
                    }
                    #4 = {
                      scale = fixp:"1";
                      name = str:"pt_hand";
                      translation = xpoint3:"9.39107608795166015625,0.23730526864528656005859375,-0.162658035755157470703125";
                      rotation = {
                        0 = xpoint3:"0.24345004558563232421875,-0.590284287929534912109375,-0.769608080387115478515625";
                        1 = xpoint3:"-0.754800140857696533203125,0.3830035626888275146484375,-0.53252708911895751953125";
                        2 = xpoint3:"0.609104931354522705078125,0.71054399013519287109375,-0.352304399013519287109375";
                      }
                    }
                  }
                }
              }
            }
          }
          #2 = {
            scale = fixp:"1";
            name = str:"Dummy01";
            translation = xpoint3:"-42.49335479736328125,27.1471767425537109375,-15.40512371063232421875";
            rotation = {
              0 = xpoint3:"0.71927845478057861328125,-0.6947219371795654296875,0";
              1 = xpoint3:"0.6947219371795654296875,0.71927845478057861328125,0";
              2 = xpoint3:"0,0,1";
            }
            #0 = {
              scale = fixp:"1";
              name = str:"Dummy02";
              translation = xpoint3:"-1.30045711994171142578125,-1.3464272022247314453125,0.3981395065784454345703125";
              rotation = {
                0 = xpoint3:"0.99174773693084716796875,0.0966932773590087890625,0.084183610975742340087890625";
                1 = xpoint3:"-0.09529106318950653076171875,0.995237767696380615234375,-0.02052791230380535125732421875";
                2 = xpoint3:"-0.085767619311809539794921875,0.01233656518161296844482421875,0.996238768100738525390625";
              }
              #0 = {
                scale = fixp:"1";
                name = str:"Dummy03";
                translation = xpoint3:"-21.58298492431640625,0,0";
                rotation = {
                  0 = xpoint3:"1,0,0";
                  1 = xpoint3:"0,1,0";
                  2 = xpoint3:"0,0,1";
                }
                #0 = {
                  scale = fixp:"1";
                  name = str:"Bone01";
                  translation = xpoint3:"-18.13887786865234375,-0.249994814395904541015625,-0.2569774687290191650390625";
                  rotation = {
                    0 = xpoint3:"-0.528963506221771240234375,0.837381839752197265625,-0.1295011937618255615234375";
                    1 = xpoint3:"-0.81335580348968505859375,-0.458932220935821533203125,0.3545650541782379150390625";
                    2 = xpoint3:"0.2375524938106536865234375,0.2933526337146759033203125,0.925961971282958984375";
                  }
                  #0 = {
                    scale = fixp:"1";
                    name = str:"Bone02";
                    translation = xpoint3:"94.637481689453125,0,0";
                    rotation = {
                      0 = xpoint3:"1,0,0";
                      1 = xpoint3:"0,1,0";
                      2 = xpoint3:"0,0,1";
                    }
                  }
                  #1 = {
                    scale = fixp:"1";
                    name = str:"Bip02 R Hand01";
                    translation = xpoint3:"42.66156768798828125,2.661944866180419921875,-5.221154689788818359375";
                    rotation = {
                      0 = xpoint3:"0.8719794750213623046875,0.484966814517974853515625,-0.0667757093906402587890625";
                      1 = xpoint3:"-0.2371523380279541015625,0.53780066967010498046875,0.8090298175811767578125";
                      2 = xpoint3:"0.428264617919921875,-0.68962132930755615234375,0.583962142467498779296875";
                    }
                    #0 = {
                      scale = fixp:"1";
                      name = str:"Bip02 R Finger04";
                      translation = xpoint3:"10.5794849395751953125,5.165309429168701171875,7.3620700836181640625";
                      rotation = {
                        0 = xpoint3:"0.592620909214019775390625,0.52668416500091552734375,-0.60942947864532470703125";
                        1 = xpoint3:"0.6512711048126220703125,0.1318943798542022705078125,0.747294962406158447265625";
                        2 = xpoint3:"0.4739687740802764892578125,-0.839766442775726318359375,-0.2648508250713348388671875";
                      }
                      #0 = {
                        scale = fixp:"1";
                        name = str:"Bip02 R Finger05";
                        translation = xpoint3:"7.738945484161376953125,0,0";
                        rotation = {
                          0 = xpoint3:"0.7617633342742919921875,-0.647855341434478759765625,0";
                          1 = xpoint3:"0.647855341434478759765625,0.7617633342742919921875,0";
                          2 = xpoint3:"0,0,1";
                        }
                      }
                    }
                    #1 = {
                      scale = fixp:"1";
                      name = str:"Bip02 R Finger06";
                      translation = xpoint3:"16.3287258148193359375,-0.00325032626278698444366455078125,4.082168102264404296875";
                      rotation = {
                        0 = xpoint3:"0.93369424343109130859375,0.3557363450527191162109375,-0.0408254899084568023681640625";
                        1 = xpoint3:"-0.3554314672946929931640625,0.934586048126220703125,0.01474426873028278350830078125";
                        2 = xpoint3:"0.0434000082314014434814453125,0,0.999057471752166748046875";
                      }
                      #0 = {
                        scale = fixp:"1";
                        name = str:"Bip02 R Finger07";
                        translation = xpoint3:"9.92679691314697265625,0,0";
                        rotation = {
                          0 = xpoint3:"0.292528450489044189453125,-0.956256806850433349609375,0";
                          1 = xpoint3:"0.956256806850433349609375,0.292528450489044189453125,0";
                          2 = xpoint3:"0,0,1";
                        }
                      }
                    }
                    #2 = {
                      scale = fixp:"1";
                      name = str:"Bip02 R Finger08";
                      translation = xpoint3:"16.4258975982666015625,0.827022254467010498046875,-1.6198828220367431640625";
                      rotation = {
                        0 = xpoint3:"0.95398771762847900390625,0.2584398686885833740234375,0.1520404517650604248046875";
                        1 = xpoint3:"-0.24896480143070220947265625,0.965309917926788330078125,-0.0786975920200347900390625";
                        2 = xpoint3:"-0.1671047508716583251953125,0.0372238047420978546142578125,0.985236227512359619140625";
                      }
                      #0 = {
                        scale = fixp:"1";
                        name = str:"Bip02 R Finger09";
                        translation = xpoint3:"10.60052967071533203125,0,0";
                        rotation = {
                          0 = xpoint3:"0.449344694614410400390625,-0.8933584690093994140625,0";
                          1 = xpoint3:"0.8933584690093994140625,0.449344694614410400390625,0";
                          2 = xpoint3:"0,0,1";
                        }
                      }
                    }
                    #3 = {
                      scale = fixp:"1";
                      name = str:"Bip02 R Finger10";
                      translation = xpoint3:"14.13027191162109375,2.2043359279632568359375,-6.206106662750244140625";
                      rotation = {
                        0 = xpoint3:"0.9313185214996337890625,0.0045066177845001220703125,0.364177882671356201171875";
                        1 = xpoint3:"0.17460666596889495849609375,0.871994912624359130859375,-0.4573154449462890625";
                        2 = xpoint3:"-0.319622218608856201171875,0.48949420452117919921875,0.811318099498748779296875";
                      }
                      #0 = {
                        scale = fixp:"1";
                        name = str:"Bip02 R Finger12";
                        translation = xpoint3:"9.934967041015625,0,0";
                        rotation = {
                          0 = xpoint3:"0.681647002696990966796875,-0.731681168079376220703125,0";
                          1 = xpoint3:"0.731681168079376220703125,0.681647002696990966796875,0";
                          2 = xpoint3:"0,0,1";
                        }
                      }
                    }
                    #4 = {
                      scale = fixp:"1";
                      name = str:"pt_hand@#0";
                      translation = xpoint3:"9.34642696380615234375,0.4663944542407989501953125,-0.3274743258953094482421875";
                      rotation = {
                        0 = xpoint3:"-0.23950491845607757568359375,-0.588107883930206298828125,-0.772506654262542724609375";
                        1 = xpoint3:"0.74473607540130615234375,0.399194300174713134765625,-0.534800946712493896484375";
                        2 = xpoint3:"0.622900903224945068359375,-0.703401029109954833984375,0.342376172542572021484375";
                      }
                    }
                  }
                }
              }
            }
          }
          #3 = {
            scale = fixp:"1";
            name = str:"Point02";
            translation = xpoint3:"-33.7307586669921875,-57.527576446533203125,13.494808197021484375";
            rotation = {
              0 = xpoint3:"1,0,0";
              1 = xpoint3:"0,0.992393970489501953125,-0.123102642595767974853515625";
              2 = xpoint3:"0,0.123102642595767974853515625,0.992393970489501953125";
            }
          }
          #4 = {
            scale = fixp:"1";
            name = str:"Point01";
            translation = xpoint3:"32.7569122314453125,-57.53910064697265625,13.43136310577392578125";
            rotation = {
              0 = xpoint3:"1,0,0";
              1 = xpoint3:"0,0.992393970489501953125,-0.123102642595767974853515625";
              2 = xpoint3:"0,0.123102642595767974853515625,0.992393970489501953125";
            }
          }
        }
        #1 = {
          scale = fixp:"1";
          name = str:"Bone13";
          translation = xpoint3:"-0.1019741594791412353515625,8.2663707733154296875,-26.164974212646484375";
          rotation = {
            0 = xpoint3:"0,0,1";
            1 = xpoint3:"-0.9934217929840087890625,0.114512145519256591796875,0";
            2 = xpoint3:"-0.1145121157169342041015625,-0.9934217929840087890625,0";
          }
          #0 = {
            scale = fixp:"1";
            name = str:"Bone14";
            translation = xpoint3:"189.8674163818359375,0,0";
            rotation = {
              0 = xpoint3:"0.06264555454254150390625,-0.998035848140716552734375,0";
              1 = xpoint3:"0.998035848140716552734375,0.06264555454254150390625,0";
              2 = xpoint3:"0,0,1";
            }
            #0 = {
              scale = fixp:"1";
              name = str:"Bone15";
              translation = xpoint3:"44.8281707763671875,0,0";
              rotation = {
                0 = xpoint3:"1,0,0";
                1 = xpoint3:"0,1,0";
                2 = xpoint3:"0,0,1";
              }
            }
          }
        }
        #2 = {
          scale = fixp:"1";
          name = str:"Bone07";
          translation = xpoint3:"-22.4144191741943359375,1.86700439453125,20.749431610107421875";
          rotation = {
            0 = xpoint3:"-0.24327547848224639892578125,-0.9667727947235107421875,-0.066054247319698333740234375";
            1 = xpoint3:"-0.933140277862548828125,0.2535094916820526123046875,-0.252782046794891357421875";
            2 = xpoint3:"0.2612698078155517578125,0,-0.963788449764251708984375";
          }
          #0 = {
            scale = fixp:"1";
            name = str:"Bone08";
            translation = xpoint3:"89.53397369384765625,0,0";
            rotation = {
              0 = xpoint3:"1,0,0";
              1 = xpoint3:"0,1,0";
              2 = xpoint3:"0,0,1";
            }
          }
        }
        #3 = {
          scale = fixp:"1";
          name = str:"Bone09";
          translation = xpoint3:"-0.63382160663604736328125,-2.4583740234375,22.7736682891845703125";
          rotation = {
            0 = xpoint3:"0.006859802640974521636962890625,0.999254643917083740234375,-0.0013175308704376220703125";
            1 = xpoint3:"-0.982993900775909423828125,0.006996701471507549285888671875,0.1795354187488555908203125";
            2 = xpoint3:"0.17954014241695404052734375,0,0.9837386608123779296875";
          }
          #0 = {
            scale = fixp:"1";
            name = str:"Bone10";
            translation = xpoint3:"118.55507659912109375,0,0";
            rotation = {
              0 = xpoint3:"0.9840037822723388671875,0.0056860879994928836822509765625,-0.17799170315265655517578125";
              1 = xpoint3:"-0.0055940705351531505584716796875,0.999983847141265869140625,0.0010188259184360504150390625";
              2 = xpoint3:"0.17799462378025054931640625,0,0.984019696712493896484375";
            }
            #0 = {
              scale = fixp:"1";
              name = str:"Bone11";
              translation = xpoint3:"55.135791778564453125,0,0";
              rotation = {
                0 = xpoint3:"0.656730473041534423828125,0,-0.753794968128204345703125";
                1 = xpoint3:"0,0.999999940395355224609375,0";
                2 = xpoint3:"0.753794968128204345703125,0,0.65673053264617919921875";
              }
              #0 = {
                scale = fixp:"1";
                name = str:"Bone12";
                translation = xpoint3:"43.348331451416015625,0,0";
                rotation = {
                  0 = xpoint3:"0.965126514434814453125,0,-0.26168715953826904296875";
                  1 = xpoint3:"0,1,0";
                  2 = xpoint3:"0.26168715953826904296875,0,0.965126514434814453125";
                }
              }
            }
          }
        }
        #4 = {
          scale = fixp:"1";
          name = str:"Bone05";
          translation = xpoint3:"19.509143829345703125,1.2319793701171875,20.7493915557861328125";
          rotation = {
            0 = xpoint3:"0.24912004172801971435546875,-0.96559238433837890625,0.066940389573574066162109375";
            1 = xpoint3:"-0.932236194610595703125,-0.2565309703350067138671875,-0.251603603363037109375";
            2 = xpoint3:"0.260356247425079345703125,0,-0.9640357494354248046875";
          }
          #0 = {
            scale = fixp:"1";
            name = str:"Bone06";
            translation = xpoint3:"88.72916412353515625,0,0";
            rotation = {
              0 = xpoint3:"1,0,0";
              1 = xpoint3:"0,1,0";
              2 = xpoint3:"0,0,1";
            }
          }
        }
        #5 = {
          scale = fixp:"1";
          name = str:"Bone16";
          translation = xpoint3:"22.621246337890625,-63.931121826171875,9.05884647369384765625";
          rotation = {
            0 = xpoint3:"0.3891842365264892578125,0.92063581943511962890625,-0.008882246911525726318359375";
            1 = xpoint3:"-0.91940081119537353515625,0.3891347944736480712890625,0.0488841831684112548828125";
            2 = xpoint3:"0.0484896600246429443359375,-0.01083099655807018280029296875,0.9987640380859375";
          }
          #0 = {
            scale = fixp:"1";
            name = str:"Bone17";
            translation = xpoint3:"61.347614288330078125,0,0";
            rotation = {
              0 = xpoint3:"0.998668372631072998046875,-0.051556341350078582763671875,0.001212046481668949127197265625";
              1 = xpoint3:"0.051564954221248626708984375,0.998630821704864501953125,-0.008689218200743198394775390625";
              2 = xpoint3:"0,0.008740183897316455841064453125,0.99996149539947509765625";
            }
            #0 = {
              scale = fixp:"1";
              name = str:"Bone18";
              translation = xpoint3:"68.26934814453125,0,0";
              rotation = {
                0 = xpoint3:"0.6131343841552734375,-0.7844679355621337890625,0.090082742273807525634765625";
                1 = xpoint3:"0.78734648227691650390625,0.61603260040283203125,0.00566907413303852081298828125";
                2 = xpoint3:"-0.059919230639934539794921875,0.067503519356250762939453125,0.9959151744842529296875";
              }
              #0 = {
                scale = fixp:"1";
                name = str:"Bone19";
                translation = xpoint3:"45.82059478759765625,0,0";
                rotation = {
                  0 = xpoint3:"0.999999701976776123046875,0,0";
                  1 = xpoint3:"0,0.999999701976776123046875,0";
                  2 = xpoint3:"0,0,1";
                }
              }
            }
            #1 = {
              scale = fixp:"1";
              name = str:"Bone24";
              translation = xpoint3:"5.928004741668701171875,-17.718425750732421875,-29.4708347320556640625";
              rotation = {
                0 = xpoint3:"0.875367105007171630859375,0.069670356810092926025390625,0.4782234132289886474609375";
                1 = xpoint3:"-0.058372326195240020751953125,0.99755179882049560546875,-0.0384639911353588104248046875";
                2 = xpoint3:"-0.4797335565090179443359375,0.0057313479483127593994140625,0.877294003963470458984375";
              }
              #0 = {
                scale = fixp:"1";
                name = str:"Bone25";
                translation = xpoint3:"63.951511383056640625,0,0";
                rotation = {
                  0 = xpoint3:"0.999155223369598388671875,0.029967583715915679931640625,-0.02809844724833965301513671875";
                  1 = xpoint3:"-0.0299538336694240570068359375,0.999550521373748779296875,0";
                  2 = xpoint3:"0.02811310626566410064697265625,0,0.9996044635772705078125";
                }
              }
            }
            #2 = {
              scale = fixp:"1";
              name = str:"Bone30";
              translation = xpoint3:"11.481769561767578125,-16.315402984619140625,25.8136768341064453125";
              rotation = {
                0 = xpoint3:"-0.844941437244415283203125,-0.008413077332079410552978515625,-0.532283782958984375";
                1 = xpoint3:"-0.0272916369140148162841796875,-0.99642503261566162109375,0.0591202341020107269287109375";
                2 = xpoint3:"-0.53165018558502197265625,0.064569771289825439453125,0.844365417957305908203125";
              }
              #0 = {
                scale = fixp:"1";
                name = str:"Bone31";
                translation = xpoint3:"-64.83380889892578125,0,0";
                rotation = {
                  0 = xpoint3:"0.999155223369598388671875,0.0299675464630126953125,-0.02809844352304935455322265625";
                  1 = xpoint3:"-0.0299537964165210723876953125,0.999550521373748779296875,0";
                  2 = xpoint3:"0.02811310254037380218505859375,0,0.9996044635772705078125";
                }
              }
            }
          }
        }
        #6 = {
          scale = fixp:"1";
          name = str:"Bone20";
          translation = xpoint3:"-22.6596736907958984375,-63.9311370849609375,8.86896228790283203125";
          rotation = {
            0 = xpoint3:"0.3889963328838348388671875,0.920678794384002685546875,-0.0120767913758754730224609375";
            1 = xpoint3:"0.919030368328094482421875,-0.3875859677791595458984375,-0.0560970194637775421142578125";
            2 = xpoint3:"-0.0563777945935726165771484375,0.0106896497309207916259765625,-0.996900022029876708984375";
          }
          #0 = {
            scale = fixp:"1";
            name = str:"Bone21";
            translation = xpoint3:"-61.3931121826171875,0,0";
            rotation = {
              0 = xpoint3:"0.998578846454620361328125,-0.051560424268245697021484375,0.0134048275649547576904296875";
              1 = xpoint3:"0.051672376692295074462890625,0.99862992763519287109375,-0.008137303404510021209716796875";
              2 = xpoint3:"-0.012966580688953399658203125,0.008818893693387508392333984375,0.99987697601318359375";
            }
            #0 = {
              scale = fixp:"1";
              name = str:"Bone22";
              translation = xpoint3:"-68.243682861328125,0,0";
              rotation = {
                0 = xpoint3:"0.613036096096038818359375,-0.785015523433685302734375,0.085882894694805145263671875";
                1 = xpoint3:"0.787628233432769775390625,0.615673542022705078125,0.0054801665246486663818359375";
                2 = xpoint3:"-0.057157002389430999755859375,0.06433491408824920654296875,0.99628746509552001953125";
              }
              #0 = {
                scale = fixp:"1";
                name = str:"Bone23";
                translation = xpoint3:"-45.821712493896484375,0,0";
                rotation = {
                  0 = xpoint3:"0.999999701976776123046875,0,0";
                  1 = xpoint3:"0,0.999999701976776123046875,0";
                  2 = xpoint3:"0,0,1";
                }
              }
            }
            #1 = {
              scale = fixp:"1";
              name = str:"Bone28";
              translation = xpoint3:"-10.91389560699462890625,17.22006988525390625,-25.6087493896484375";
              rotation = {
                0 = xpoint3:"-0.865500926971435546875,-0.0582103990018367767333984375,-0.494785130023956298828125";
                1 = xpoint3:"0.0323454774916172027587890625,-0.996181488037109375,0.0606563277542591094970703125";
                2 = xpoint3:"-0.497146427631378173828125,0.0365645922720432281494140625,0.866784393787384033203125";
              }
              #0 = {
                scale = fixp:"1";
                name = str:"Bone29";
                translation = xpoint3:"64.8338165283203125,0,0";
                rotation = {
                  0 = xpoint3:"0.999155223369598388671875,0.02996757440268993377685546875,-0.02809842489659786224365234375";
                  1 = xpoint3:"-0.02995382435619831085205078125,0.999550521373748779296875,0";
                  2 = xpoint3:"0.02811308391392230987548828125,0,0.9996044635772705078125";
                }
              }
            }
            #2 = {
              scale = fixp:"1";
              name = str:"Bone26";
              translation = xpoint3:"-6.5660552978515625,16.6003398895263671875,29.7913150787353515625";
              rotation = {
                0 = xpoint3:"0.87760436534881591796875,0.069466151297092437744140625,0.474138677120208740234375";
                1 = xpoint3:"-0.0581910721957683563232421875,0.997563838958740234375,-0.0384275801479816436767578125";
                2 = xpoint3:"-0.475654125213623046875,0.006110124289989471435546875,0.879511773586273193359375";
              }
              #0 = {
                scale = fixp:"1";
                name = str:"Bone27";
                translation = xpoint3:"-63.951534271240234375,0,0";
                rotation = {
                  0 = xpoint3:"0.999155223369598388671875,0.029967539012432098388671875,-0.0280984155833721160888671875";
                  1 = xpoint3:"-0.0299537889659404754638671875,0.999550521373748779296875,0";
                  2 = xpoint3:"0.028113074600696563720703125,0,0.9996044635772705078125";
                }
              }
            }
          }
        }
        #7 = {
          scale = fixp:"1";
          name = str:"pt_center";
          translation = xpoint3:"0,-1.2609260082244873046875,3.5159924030303955078125";
          rotation = {
            0 = xpoint3:"-1,0,0";
            1 = xpoint3:"0,0,1";
            2 = xpoint3:"0,1,0";
          }
        }
        #8 = {
          scale = fixp:"1";
          name = str:"pt_cast";
          translation = xpoint3:"1.8600356578826904296875,-20.459201812744140625,-71.18035125732421875";
          rotation = {
            0 = xpoint3:"-1,0,0";
            1 = xpoint3:"0,0,1";
            2 = xpoint3:"0,1,0";
          }
        }
      }
    }
  }
  #1 = {
    scale = fixp:"1";
    name = str:"Master";
    translation = xpoint3:"0,0,0.609380185604095458984375";
    rotation = {
      0 = xpoint3:"1,0,0";
      1 = xpoint3:"0,1,0";
      2 = xpoint3:"0,0,1";
    }
  }
  #2 = {
    scale = fixp:"1";
    name = str:"Master_1076";
    translation = xpoint3:"0,0,0";
    rotation = {
      0 = xpoint3:"1,0,0";
      1 = xpoint3:"0,1,0";
      2 = xpoint3:"0,0,1";
    }
  }
  #3 = {
    scale = fixp:"1";
    name = str:"Master_691";
    translation = xpoint3:"0,0,0";
    rotation = {
      0 = xpoint3:"1,0,0";
      1 = xpoint3:"0,1,0";
      2 = xpoint3:"0,0,1";
    }
  }
}