model = {
  file = str:"data\models\units\brute\brute.nif";
  animation = {
    loop = fixp:"0";
    duration = fixp:"17.666667938232421875";
  }
  #0 = {
    scale = fixp:"1";
    name = str:"Brute";
    translation = xpoint3:"0.62919521331787109375,0,-0.45866405963897705078125";
    rotation = {
      0 = xpoint3:"1,0,0";
      1 = xpoint3:"0,1,0";
      2 = xpoint3:"0,0,1";
    }
  }
  #1 = {
    scale = fixp:"1";
    name = str:"ROOT";
    translation = xpoint3:"0,0,0";
    rotation = {
      0 = xpoint3:"1,0,0";
      1 = xpoint3:"0,1,0";
      2 = xpoint3:"0,0,1";
    }
    #7 = {
      scale = fixp:"1";
      name = str:"ROOT NonAccum";
      translation = xpoint3:"0,0,0";
      rotation = {
        0 = xpoint3:"1,0,0";
        1 = xpoint3:"0,1,0";
        2 = xpoint3:"0,0,1";
      }
      #0 = {
        scale = fixp:"1";
        name = str:"Bip01";
        translation = xpoint3:"0.126465499401092529296875,110.32512664794921875,112.8389129638671875";
        rotation = {
          0 = xpoint3:"0,0.999999940395355224609375,0";
          1 = xpoint3:"-0.999999940395355224609375,0,0";
          2 = xpoint3:"0,0,1";
        }
        #0 = {
          scale = fixp:"1";
          name = str:"Box01";
          translation = xpoint3:"-0.08281362056732177734375,-0.433251798152923583984375,0.01777092926204204559326171875";
          rotation = {
            0 = xpoint3:"1,0,0";
            1 = xpoint3:"0,0,-0.999999940395355224609375";
            2 = xpoint3:"0,0.999999940395355224609375,0";
          }
          #0 = {
            scale = fixp:"1";
            name = str:"Box02";
            translation = xpoint3:"4.39368343353271484375,13.76257228851318359375,-0.57714045047760009765625";
            rotation = {
              0 = xpoint3:"0.984807789325714111328125,-0.17364813387393951416015625,0";
              1 = xpoint3:"0.17364813387393951416015625,0.984807789325714111328125,0";
              2 = xpoint3:"0,0,1";
            }
            #0 = {
              scale = fixp:"1";
              name = str:"Box03";
              translation = xpoint3:"45.780925750732421875,37.64150238037109375,0";
              rotation = {
                0 = xpoint3:"0.797779738903045654296875,0.60294902324676513671875,0";
                1 = xpoint3:"-0.60294902324676513671875,0.797779738903045654296875,0";
                2 = xpoint3:"0,0,1";
              }
              #0 = {
                scale = fixp:"1";
                name = str:"Box04";
                translation = xpoint3:"53.3983917236328125,40.85501861572265625,0";
                rotation = {
                  0 = xpoint3:"0.55135738849639892578125,0.834269106388092041015625,0";
                  1 = xpoint3:"-0.834269106388092041015625,0.55135738849639892578125,0";
                  2 = xpoint3:"0,0,1";
                }
                #0 = {
                  scale = fixp:"1";
                  name = str:"Bone34";
                  translation = xpoint3:"61.783657073974609375,29.482563018798828125,-51.70957183837890625";
                  rotation = {
                    0 = xpoint3:"0.44224488735198974609375,-0.72290766239166259765625,0.530108034610748291015625";
                    1 = xpoint3:"0.4519002437591552734375,0.690552651882171630859375,0.5643351078033447265625";
                    2 = xpoint3:"-0.774206817150115966796875,-0.009615838527679443359375,0.63243806362152099609375";
                  }
                  #0 = {
                    scale = fixp:"1";
                    name = str:"Bone35";
                    translation = xpoint3:"68.8713836669921875,0,0";
                    rotation = {
                      0 = xpoint3:"0.2525577843189239501953125,0.96612560749053955078125,0.04160535335540771484375";
                      1 = xpoint3:"-0.80607807636260986328125,0.186700522899627685546875,0.560535967350006103515625";
                      2 = xpoint3:"0.534198284149169921875,-0.1748249530792236328125,0.826932430267333984375";
                    }
                    #0 = {
                      scale = fixp:"1";
                      name = str:"Bone12";
                      translation = xpoint3:"71.30698394775390625,-1.9537677764892578125,10.35779857635498046875";
                      rotation = {
                        0 = xpoint3:"0.745356857776641845703125,-0.07096110284328460693359375,-0.6625995635986328125";
                        1 = xpoint3:"-0.393591463565826416015625,0.75566208362579345703125,-0.52316915988922119140625";
                        2 = xpoint3:"0.537735462188720703125,0.6508338451385498046875,0.535333156585693359375";
                      }
                      #0 = {
                        scale = fixp:"1";
                        name = str:"Bone13";
                        translation = xpoint3:"29.9709377288818359375,0,0";
                        rotation = {
                          0 = xpoint3:"0.81397736072540283203125,-0.454864025115966796875,-0.360928833484649658203125";
                          1 = xpoint3:"0.409464359283447265625,0.890366077423095703125,-0.198564946651458740234375";
                          2 = xpoint3:"0.411715686321258544921875,0.013705752789974212646484375,0.9111385345458984375";
                        }
                        #0 = {
                          scale = fixp:"1";
                          name = str:"Bone14";
                          translation = xpoint3:"30.6029605865478515625,0,0";
                          rotation = {
                            0 = xpoint3:"1,0,0";
                            1 = xpoint3:"0,1,0";
                            2 = xpoint3:"0,0,1";
                          }
                        }
                      }
                    }
                    #1 = {
                      scale = fixp:"1";
                      name = str:"Bone36";
                      translation = xpoint3:"71.99387359619140625,0,0";
                      rotation = {
                        0 = xpoint3:"0.457851886749267578125,-0.09906540811061859130859375,-0.8830463886260986328125";
                        1 = xpoint3:"0.5048344135284423828125,0.8468930721282958984375,0.1664093434810638427734375";
                        2 = xpoint3:"0.73125040531158447265625,-0.52224123477935791015625,0.437859833240509033203125";
                      }
                      #0 = {
                        scale = fixp:"1";
                        name = str:"Bone37";
                        translation = xpoint3:"44.3419036865234375,0,0";
                        rotation = {
                          0 = xpoint3:"0.927508294582366943359375,-0.2557691633701324462890625,-0.2724064886569976806640625";
                          1 = xpoint3:"0.22003819048404693603515625,0.9630768299102783203125,-0.15496027469635009765625";
                          2 = xpoint3:"0.3020038902759552001953125,0.083735443651676177978515625,0.949583530426025390625";
                        }
                        #0 = {
                          scale = fixp:"1";
                          name = str:"Bone38";
                          translation = xpoint3:"31.7954769134521484375,0,0";
                          rotation = {
                            0 = xpoint3:"0.96900653839111328125,-0.219716608524322509765625,-0.112720489501953125";
                            1 = xpoint3:"-0.108662851154804229736328125,0.03122758679091930389404296875,-0.992880344390869140625";
                            2 = xpoint3:"0.221751391887664794921875,0.97434270381927490234375,0.0063891708850860595703125";
                          }
                        }
                      }
                    }
                    #2 = {
                      scale = fixp:"1";
                      name = str:"Bone15";
                      translation = xpoint3:"70.87226104736328125,16.651897430419921875,-2.120283603668212890625";
                      rotation = {
                        0 = xpoint3:"0.5942733287811279296875,-0.004906356334686279296875,-0.803882062435150146484375";
                        1 = xpoint3:"0.754091680049896240234375,0.350379049777984619140625,0.554650843143463134765625";
                        2 = xpoint3:"0.278560936450958251953125,-0.936091721057891845703125,0.2121148407459259033203125";
                      }
                      #0 = {
                        scale = fixp:"1";
                        name = str:"Bone16";
                        translation = xpoint3:"27.2000064849853515625,0,0";
                        rotation = {
                          0 = xpoint3:"0.835166394710540771484375,0.362402021884918212890625,-0.4134279787540435791015625";
                          1 = xpoint3:"-0.31697022914886474609375,0.931828200817108154296875,0.17642879486083984375";
                          2 = xpoint3:"0.4492079913616180419921875,-0.016186773777008056640625,0.89319384098052978515625";
                        }
                        #0 = {
                          scale = fixp:"1";
                          name = str:"Bone17";
                          translation = xpoint3:"31.776309967041015625,0,0";
                          rotation = {
                            0 = xpoint3:"1,0,0";
                            1 = xpoint3:"0,1,0";
                            2 = xpoint3:"0,0,1";
                          }
                        }
                      }
                    }
                  }
                }
                #1 = {
                  scale = fixp:"1";
                  name = str:"Bone01";
                  translation = xpoint3:"61.78365325927734375,29.48258209228515625,52.82464599609375";
                  rotation = {
                    0 = xpoint3:"0.449636280536651611328125,-0.4733589589595794677734375,-0.7569410800933837890625";
                    1 = xpoint3:"0.4065940678119659423828125,0.86340630054473876953125,-0.2983498275279998779296875";
                    2 = xpoint3:"0.7948017120361328125,-0.173961579799652099609375,0.580878078937530517578125";
                  }
                  #0 = {
                    scale = fixp:"1";
                    name = str:"Bone02";
                    translation = xpoint3:"68.21939849853515625,0,0";
                    rotation = {
                      0 = xpoint3:"0.491246402263641357421875,0.7159311771392822265625,0.495359718799591064453125";
                      1 = xpoint3:"-0.569748401641845703125,0.694620609283447265625,-0.438686430454254150390625";
                      2 = xpoint3:"-0.658274590969085693359375,-0.06709425151348114013671875,0.74953949451446533203125";
                    }
                    #0 = {
                      scale = fixp:"1";
                      name = str:"Bone09";
                      translation = xpoint3:"70.62552642822265625,1.881655216217041015625,-15.70233917236328125";
                      rotation = {
                        0 = xpoint3:"0.602781713008880615234375,0.085288755595684051513671875,-0.792971432209014892578125";
                        1 = xpoint3:"-0.02547836489975452423095703125,-0.99025475978851318359375,-0.1259299814701080322265625";
                        2 = xpoint3:"-0.797137796878814697265625,0.096090257167816162109375,-0.594158828258514404296875";
                      }
                      #0 = {
                        scale = fixp:"1";
                        name = str:"Bone10";
                        translation = xpoint3:"27.1581249237060546875,0,0";
                        rotation = {
                          0 = xpoint3:"0.81285250186920166015625,0.4972216188907623291015625,-0.3029355108737945556640625";
                          1 = xpoint3:"-0.4557832777500152587890625,0.86716473102569580078125,0.2002353370189666748046875";
                          2 = xpoint3:"0.3622994124889373779296875,-0.024561367928981781005859375,0.931684911251068115234375";
                        }
                        #0 = {
                          scale = fixp:"1";
                          name = str:"Bone11";
                          translation = xpoint3:"29.21905517578125,0,0";
                          rotation = {
                            0 = xpoint3:"1,0,0";
                            1 = xpoint3:"0,1,0";
                            2 = xpoint3:"0,0,1";
                          }
                        }
                      }
                    }
                    #1 = {
                      scale = fixp:"1";
                      name = str:"Bone06";
                      translation = xpoint3:"70.1481475830078125,11.16755008697509765625,8.54076099395751953125";
                      rotation = {
                        0 = xpoint3:"0.716705262660980224609375,-0.005241870880126953125,-0.69706165790557861328125";
                        1 = xpoint3:"0.68030178546905517578125,0.2239049375057220458984375,0.6970865726470947265625";
                        2 = xpoint3:"0.152025997638702392578125,-0.9740188121795654296875,0.164202153682708740234375";
                      }
                      #0 = {
                        scale = fixp:"1";
                        name = str:"Bone07";
                        translation = xpoint3:"33.500446319580078125,0,0";
                        rotation = {
                          0 = xpoint3:"0.83921527862548828125,-0.357940852642059326171875,-0.4090999066829681396484375";
                          1 = xpoint3:"0.320741951465606689453125,0.933690547943115234375,-0.158903598785400390625";
                          2 = xpoint3:"0.4388724267482757568359375,0.002025000751018524169921875,0.898465096950531005859375";
                        }
                        #0 = {
                          scale = fixp:"1";
                          name = str:"Bone08";
                          translation = xpoint3:"27.233432769775390625,0,0";
                          rotation = {
                            0 = xpoint3:"1,0,0";
                            1 = xpoint3:"0,1,0";
                            2 = xpoint3:"0,0,1";
                          }
                        }
                      }
                    }
                    #2 = {
                      scale = fixp:"1";
                      name = str:"Bone03";
                      translation = xpoint3:"71.948333740234375,0,0";
                      rotation = {
                        0 = xpoint3:"0.50358426570892333984375,0.060350596904754638671875,-0.86141765117645263671875";
                        1 = xpoint3:"0.767224371433258056640625,-0.4879687726497650146484375,0.41363489627838134765625";
                        2 = xpoint3:"-0.39629447460174560546875,-0.8695313930511474609375,-0.291533052921295166015625";
                      }
                      #0 = {
                        scale = fixp:"1";
                        name = str:"Bone04";
                        translation = xpoint3:"44.34110260009765625,0,0";
                        rotation = {
                          0 = xpoint3:"0.9373552799224853515625,-0.23560087382793426513671875,-0.25644958019256591796875";
                          1 = xpoint3:"-0.24383299052715301513671875,0.082436315715312957763671875,-0.96561801433563232421875";
                          2 = xpoint3:"0.2486355304718017578125,0.967659473419189453125,0.01982487738132476806640625";
                        }
                        #0 = {
                          scale = fixp:"1";
                          name = str:"Bone05";
                          translation = xpoint3:"31.4306850433349609375,0,0";
                          rotation = {
                            0 = xpoint3:"0.989127933979034423828125,-0.141860425472259521484375,-0.0385454110801219940185546875";
                            1 = xpoint3:"0.1465196907520294189453125,0.97265183925628662109375,0.1801129281520843505859375";
                            2 = xpoint3:"0.011921045370399951934814453125,-0.1838050782680511474609375,0.982877790927886962890625";
                          }
                        }
                      }
                    }
                  }
                }
                #2 = {
                  scale = fixp:"1";
                  name = str:"pt_chest ";
                  translation = xpoint3:"48.9628448486328125,10.59717559814453125,-0.17884318530559539794921875";
                  rotation = {
                    0 = xpoint3:"0.025738656520843505859375,0.98180663585662841796875,-0.1881307065486907958984375";
                    1 = xpoint3:"-0.0028935968875885009765625,-0.188119113445281982421875,-0.98214185237884521484375";
                    2 = xpoint3:"-0.99966442584991455078125,0.0258233249187469482421875,-0.00200092792510986328125";
                  }
                }
                #3 = {
                  scale = fixp:"1";
                  name = str:"pt_ignite";
                  translation = xpoint3:"0,0,0";
                  rotation = {
                    0 = xpoint3:"1,0,0";
                    1 = xpoint3:"0,1,0";
                    2 = xpoint3:"0,0,1";
                  }
                }
                #4 = {
                  scale = fixp:"1";
                  name = str:"Box05";
                  translation = xpoint3:"30.0606403350830078125,63.47216033935546875,0.030065126717090606689453125";
                  rotation = {
                    0 = xpoint3:"0.7481071949005126953125,-0.634488284587860107421875,0.194320261478424072265625";
                    1 = xpoint3:"0.661425650119781494140625,0.736558258533477783203125,-0.1414145529270172119140625";
                    2 = xpoint3:"-0.053402327001094818115234375,0.2343216240406036376953125,0.970691263675689697265625";
                  }
                  #0 = {
                    scale = fixp:"1";
                    name = str:"Box06";
                    translation = xpoint3:"4.13071441650390625,-34.3652801513671875,0";
                    rotation = {
                      0 = xpoint3:"0.9521296024322509765625,-0.3056947290897369384765625,0";
                      1 = xpoint3:"0.3056947290897369384765625,0.9521296024322509765625,0";
                      2 = xpoint3:"0,0,1";
                    }
                  }
                  #1 = {
                    scale = fixp:"1";
                    name = str:"pt_head";
                    translation = xpoint3:"18.2730197906494140625,8.96648693084716796875,0";
                    rotation = {
                      0 = xpoint3:"1,0,0";
                      1 = xpoint3:"0,1,0";
                      2 = xpoint3:"0,0,1";
                    }
                  }
                  #2 = {
                    scale = fixp:"1";
                    name = str:"pt_ignite@#0";
                    translation = xpoint3:"0,0,0";
                    rotation = {
                      0 = xpoint3:"1,0,0";
                      1 = xpoint3:"0,1,0";
                      2 = xpoint3:"0,0,1";
                    }
                  }
                }
              }
              #1 = {
                scale = fixp:"1";
                name = str:"pt_ignite@#1";
                translation = xpoint3:"0,0,0";
                rotation = {
                  0 = xpoint3:"1,0,0";
                  1 = xpoint3:"0,1,0";
                  2 = xpoint3:"0,0,1";
                }
              }
            }
          }
          #1 = {
            scale = fixp:"1";
            name = str:"Bone27";
            translation = xpoint3:"-0.519939243793487548828125,-4.189061641693115234375,-30.6025905609130859375";
            rotation = {
              0 = xpoint3:"0.69677412509918212890625,0.479306995868682861328125,0.53322660923004150390625";
              1 = xpoint3:"-0.576510846614837646484375,0.81670379638671875,0.01908288896083831787109375";
              2 = xpoint3:"-0.4262640178203582763671875,-0.320926368236541748046875,0.845624744892120361328125";
            }
            #0 = {
              scale = fixp:"1";
              name = str:"Bone28";
              translation = xpoint3:"75.84033203125,0,0";
              rotation = {
                0 = xpoint3:"-0.307876646518707275390625,0.950296223163604736328125,-0.01584078371524810791015625";
                1 = xpoint3:"-0.949679791927337646484375,-0.3082516193389892578125,-0.0345044545829296112060546875";
                2 = xpoint3:"-0.03771126270294189453125,0.004398710094392299652099609375,0.999278485774993896484375";
              }
              #0 = {
                scale = fixp:"1";
                name = str:"Bone29";
                translation = xpoint3:"54.3138885498046875,0,0";
                rotation = {
                  0 = xpoint3:"0.07854600250720977783203125,-0.994870364665985107421875,-0.052213944494724273681640625";
                  1 = xpoint3:"0.996176898479461669921875,0.077846460044384002685546875,0.01527604274451732635498046875";
                  2 = xpoint3:"-0.01117900572717189788818359375,-0.05324174463748931884765625,0.9985179901123046875";
                }
                #0 = {
                  scale = fixp:"1";
                  name = str:"Bone30";
                  translation = xpoint3:"38.5739288330078125,0,0";
                  rotation = {
                    0 = xpoint3:"0.993013203144073486328125,-0.11794982850551605224609375,-0.001580775715410709381103515625";
                    1 = xpoint3:"0.11795341968536376953125,0.99301111698150634765625,0.0024113901890814304351806640625";
                    2 = xpoint3:"0.00128509034402668476104736328125,-0.0025811232626438140869140625,0.99999582767486572265625";
                  }
                }
              }
            }
          }
          #2 = {
            scale = fixp:"1";
            name = str:"Bone23";
            translation = xpoint3:"-0.6756761074066162109375,-4.189051151275634765625,28.617645263671875";
            rotation = {
              0 = xpoint3:"0.684402763843536376953125,0.4952299594879150390625,-0.534679472446441650390625";
              1 = xpoint3:"-0.57653105258941650390625,0.816701114177703857421875,0.0185801088809967041015625";
              2 = xpoint3:"0.4458102285861968994140625,0.2957711517810821533203125,0.8447172641754150390625";
            }
            #0 = {
              scale = fixp:"1";
              name = str:"Bone24";
              translation = xpoint3:"75.84032440185546875,0,0";
              rotation = {
                0 = xpoint3:"-0.307877123355865478515625,0.950296103954315185546875,-0.015840776264667510986328125";
                1 = xpoint3:"-0.949679672718048095703125,-0.3082520961761474609375,-0.0345044471323490142822265625";
                2 = xpoint3:"-0.0377112515270709991455078125,0.004398687742650508880615234375,0.999278485774993896484375";
              }
              #0 = {
                scale = fixp:"1";
                name = str:"Bone25";
                translation = xpoint3:"54.313873291015625,0,0";
                rotation = {
                  0 = xpoint3:"0.07924498617649078369140625,-0.99480068683624267578125,-0.052495993673801422119140625";
                  1 = xpoint3:"0.99611485004425048828125,0.078506290912628173828125,0.01596394740045070648193359375";
                  2 = xpoint3:"-0.01180632971227169036865234375,-0.053584396839141845703125,0.998492419719696044921875";
                }
                #0 = {
                  scale = fixp:"1";
                  name = str:"Bone26";
                  translation = xpoint3:"38.5739288330078125,0,0";
                  rotation = {
                    0 = xpoint3:"0.993013203144073486328125,-0.11794982850551605224609375,-0.0015807817690074443817138671875";
                    1 = xpoint3:"0.11795341968536376953125,0.99301111698150634765625,0.0024114218540489673614501953125";
                    2 = xpoint3:"0.00128509220667183399200439453125,-0.0025811553932726383209228515625,0.99999582767486572265625";
                  }
                }
              }
            }
          }
          #3 = {
            scale = fixp:"1";
            name = str:"Bone31";
            translation = xpoint3:"-7.989005565643310546875,30.864177703857421875,-0.433251857757568359375";
            rotation = {
              0 = xpoint3:"-0.53515923023223876953125,0.844751298427581787109375,0";
              1 = xpoint3:"-0.844751298427581787109375,-0.53515923023223876953125,0";
              2 = xpoint3:"0,0,1";
            }
            #0 = {
              scale = fixp:"1";
              name = str:"Bone32";
              translation = xpoint3:"44.930133819580078125,0,0";
              rotation = {
                0 = xpoint3:"0.932923853397369384765625,-0.354015648365020751953125,0.06577257812023162841796875";
                1 = xpoint3:"0.353139102458953857421875,0.935239493846893310546875,0.0248968489468097686767578125";
                2 = xpoint3:"-0.070326983928680419921875,0,0.997523963451385498046875";
              }
              #0 = {
                scale = fixp:"1";
                name = str:"Bone33";
                translation = xpoint3:"42.986419677734375,0,0";
                rotation = {
                  0 = xpoint3:"0.99893629550933837890625,0.046111322939395904541015625,0";
                  1 = xpoint3:"-0.046111322939395904541015625,0.99893629550933837890625,0";
                  2 = xpoint3:"0,0,1";
                }
              }
            }
          }
        }
        #1 = {
          scale = fixp:"1";
          name = str:"pt_cast";
          translation = xpoint3:"128.1557159423828125,0.4076747000217437744140625,-30.18633270263671875";
          rotation = {
            0 = xpoint3:"0,0,-1";
            1 = xpoint3:"-1,0,0";
            2 = xpoint3:"0,1,0";
          }
        }
        #2 = {
          scale = fixp:"1";
          name = str:"pt_center";
          translation = xpoint3:"88.89247894287109375,-0.0044485297985374927520751953125,29.2318859100341796875";
          rotation = {
            0 = xpoint3:"0,0,-1";
            1 = xpoint3:"-1,0,0";
            2 = xpoint3:"0,1,0";
          }
        }
      }
      #1 = {
        scale = fixp:"1";
        name = str:"Dummy01";
        translation = xpoint3:"239.8305511474609375,-153.0193328857421875,159.475677490234375";
        rotation = {
          0 = xpoint3:"1,0,0";
          1 = xpoint3:"0,1,0";
          2 = xpoint3:"0,0,1";
        }
      }
      #2 = {
        scale = fixp:"1";
        name = str:"Dummy02";
        translation = xpoint3:"-238.400054931640625,-153.0193328857421875,170.10400390625";
        rotation = {
          0 = xpoint3:"1,0,0";
          1 = xpoint3:"0,1,0";
          2 = xpoint3:"0,0,1";
        }
      }
      #3 = {
        scale = fixp:"1";
        name = str:"Dummy04";
        translation = xpoint3:"78.2751617431640625,31.669734954833984375,78.917205810546875";
        rotation = {
          0 = xpoint3:"1,0,0";
          1 = xpoint3:"0,1,0";
          2 = xpoint3:"0,0,1";
        }
      }
      #4 = {
        scale = fixp:"1";
        name = str:"Dummy03";
        translation = xpoint3:"-88.65472412109375,20.85347747802734375,86.37461090087890625";
        rotation = {
          0 = xpoint3:"1,0,0";
          1 = xpoint3:"0,1,0";
          2 = xpoint3:"0,0,1";
        }
      }
      #5 = {
        scale = fixp:"1";
        name = str:"Camera01";
        translation = xpoint3:"-588.379638671875,26.7129878997802734375,104.86351776123046875";
        rotation = {
          0 = xpoint3:"0,0,-1";
          1 = xpoint3:"-1,0,0";
          2 = xpoint3:"0,1,0";
        }
      }
      #6 = {
        scale = fixp:"1";
        name = str:"pt_ground";
        translation = xpoint3:"0,0,0";
        rotation = {
          0 = xpoint3:"1,0,0";
          1 = xpoint3:"0,1,0";
          2 = xpoint3:"0,0,1";
        }
      }
      #7 = {
        scale = fixp:"1";
        name = str:"pt_top";
        translation = xpoint3:"-5.052063465118408203125,-1.1617739200592041015625,313.51055908203125";
        rotation = {
          0 = xpoint3:"0,0,1.00000011920928955078125";
          1 = xpoint3:"0,-1.0000002384185791015625,0";
          2 = xpoint3:"1.00000011920928955078125,0,0";
        }
      }
    }
  }
  #2 = {
    scale = fixp:"1";
    name = str:"IK Chain17";
    translation = xpoint3:"51.4408111572265625,78.0720367431640625,-0.20080150663852691650390625";
    rotation = {
      0 = xpoint3:"1,0,0";
      1 = xpoint3:"0,1,0";
      2 = xpoint3:"0,0,1";
    }
    #0 = {
      scale = fixp:"1";
      name = str:"pt_footprint04";
      translation = xpoint3:"0,0,0";
      rotation = {
        0 = xpoint3:"-1,0,0";
        1 = xpoint3:"0,-1,0";
        2 = xpoint3:"0,0,1";
      }
    }
  }
  #3 = {
    scale = fixp:"1";
    name = str:"IK Chain18";
    translation = xpoint3:"-49.459964752197265625,77.872589111328125,-0.213341534137725830078125";
    rotation = {
      0 = xpoint3:"1,0,0";
      1 = xpoint3:"0,1,0";
      2 = xpoint3:"0,0,1";
    }
    #0 = {
      scale = fixp:"1";
      name = str:"pt_footprint03";
      translation = xpoint3:"0,0,0";
      rotation = {
        0 = xpoint3:"-1,0,0";
        1 = xpoint3:"0,-1,0";
        2 = xpoint3:"0,0,1";
      }
    }
  }
  #4 = {
    scale = fixp:"1";
    name = str:"IK Chain01";
    translation = xpoint3:"-114.5299835205078125,-66.893280029296875,26.6804962158203125";
    rotation = {
      0 = xpoint3:"1,0,0";
      1 = xpoint3:"0,1,0";
      2 = xpoint3:"0,0,1";
    }
    #0 = {
      scale = fixp:"1";
      name = str:"pt_footprint01";
      translation = xpoint3:"-0.2729644775390625,-23.2865142822265625,-14.90949535369873046875";
      rotation = {
        0 = xpoint3:"-0.999992549419403076171875,0,-0.0037753325887024402618408203125";
        1 = xpoint3:"0,-0.9999942779541015625,0.00329595617949962615966796875";
        2 = xpoint3:"-0.0037773200310766696929931640625,0.0032936786301434040069580078125,0.999987423419952392578125";
      }
    }
    #1 = {
      scale = fixp:"1";
      name = str:"pt_foot";
      translation = xpoint3:"-0.4887847900390625,-23.521697998046875,4.68249416351318359375";
      rotation = {
        0 = xpoint3:"0.999999523162841796875,0,0";
        1 = xpoint3:"0,0.999999582767486572265625,0";
        2 = xpoint3:"0,0,0.99999916553497314453125";
      }
    }
  }
  #5 = {
    scale = fixp:"1";
    name = str:"IK Chain02";
    translation = xpoint3:"94.5071563720703125,-66.91555023193359375,27.65938568115234375";
    rotation = {
      0 = xpoint3:"1,0,0";
      1 = xpoint3:"0,1,0";
      2 = xpoint3:"0,0,1";
    }
    #0 = {
      scale = fixp:"1";
      name = str:"pt_footprint02";
      translation = xpoint3:"2.5346221923828125,-23.76705169677734375,-18.3234577178955078125";
      rotation = {
        0 = xpoint3:"-0.993786752223968505859375,-0.05335687100887298583984375,-0.09767694771289825439453125";
        1 = xpoint3:"-0.00557195954024791717529296875,-0.85264766216278076171875,0.522456467151641845703125";
        2 = xpoint3:"-0.11116068065166473388671875,0.519754588603973388671875,0.8470528125762939453125";
      }
    }
    #1 = {
      scale = fixp:"1";
      name = str:"pt_foot";
      translation = xpoint3:"0.64791107177734375,-13.23220062255859375,-1.19506359100341796875";
      rotation = {
        0 = xpoint3:"0.993698537349700927734375,0.0533457510173320770263671875,-0.09857733547687530517578125";
        1 = xpoint3:"0.0061546862125396728515625,0.852183818817138671875,0.523206412792205810546875";
        2 = xpoint3:"0.111916840076446533203125,-0.520516097545623779296875,0.846485435962677001953125";
      }
    }
  }
  #6 = {
    scale = fixp:"1";
    name = str:"Brute_1180";
    translation = xpoint3:"0,0,0";
    rotation = {
      0 = xpoint3:"1,0,0";
      1 = xpoint3:"0,1,0";
      2 = xpoint3:"0,0,1";
    }
  }
  #7 = {
    scale = fixp:"1";
    name = str:"Brute_593";
    translation = xpoint3:"0,0,0";
    rotation = {
      0 = xpoint3:"1,0,0";
      1 = xpoint3:"0,1,0";
      2 = xpoint3:"0,0,1";
    }
  }
}