model = {
  file = str:"data\models\units\heavy_bot\heavy_bot.nif";
  animation = {
    loop = fixp:"0";
    duration = fixp:"10.8333339691162109375";
  }
  #0 = {
    scale = fixp:"1";
    name = str:"ROOT";
    translation = xpoint3:"0,0,0";
    rotation = {
      0 = xpoint3:"1,0,0";
      1 = xpoint3:"0,1,0";
      2 = xpoint3:"0,0,1";
    }
    #3 = {
      scale = fixp:"1";
      name = str:"ROOT NonAccum";
      translation = xpoint3:"0,0,0";
      rotation = {
        0 = xpoint3:"1,0,0";
        1 = xpoint3:"0,1,0";
        2 = xpoint3:"0,0,1";
      }
      #0 = {
        scale = fixp:"1";
        name = str:"Pivot";
        translation = xpoint3:"0,40.674060821533203125,258.556915283203125";
        rotation = {
          0 = xpoint3:"1,0,0";
          1 = xpoint3:"0,1,0";
          2 = xpoint3:"0,0,1";
        }
        #0 = {
          scale = fixp:"1";
          name = str:"D_L_Leg";
          translation = xpoint3:"65.1373748779296875,-0.895687282085418701171875,0.666522920131683349609375";
          rotation = {
            0 = xpoint3:"0,0,0.99999988079071044921875";
            1 = xpoint3:"0.99999988079071044921875,0,0";
            2 = xpoint3:"0,0.99999988079071044921875,0";
          }
          #0 = {
            scale = fixp:"1";
            name = str:"D_L_leg01";
            translation = xpoint3:"0,0,0";
            rotation = {
              0 = xpoint3:"0.989944756031036376953125,-0.1413973271846771240234375,-0.0012723007239401340484619140625";
              1 = xpoint3:"0.1413999497890472412109375,0.989942491054534912109375,0.0022974903695285320281982421875";
              2 = xpoint3:"0,-0.00245440565049648284912109375,0.99999654293060302734375";
            }
            #0 = {
              scale = fixp:"1";
              name = str:"D_L_leg02";
              translation = xpoint3:"-85.1725006103515625,-10.725452423095703125,0";
              rotation = {
                0 = xpoint3:"0.97385942935943603515625,0.22706378996372222900390625,0.0013823094777762889862060546875";
                1 = xpoint3:"-0.22704346477985382080078125,0.973825633525848388671875,-0.00876750610768795013427734375";
                2 = xpoint3:"-0.0033383308909833431243896484375,0.00822407938539981842041015625,0.999960601329803466796875";
              }
              #0 = {
                scale = fixp:"1";
                name = str:"D_L_leg03";
                translation = xpoint3:"83.07108306884765625,-31.7942295074462890625,0.072405397891998291015625";
                rotation = {
                  0 = xpoint3:"0.973139941692352294921875,-0.2301293909549713134765625,0";
                  1 = xpoint3:"0.23012959957122802734375,0.97313868999481201171875,-0.00156250037252902984619140625";
                  2 = xpoint3:"0,0.0015922407619655132293701171875,0.999998748302459716796875";
                }
                #0 = {
                  scale = fixp:"1";
                  name = str:"Bone_Lleg_03";
                  translation = xpoint3:"-2.84098720550537109375,0.4160506725311279296875,-0.00416606105864048004150390625";
                  rotation = {
                    0 = xpoint3:"-0.298888683319091796875,0.953299820423126220703125,0";
                    1 = xpoint3:"-0.953299820423126220703125,-0.298888683319091796875,0";
                    2 = xpoint3:"0,0,1";
                  }
                  #0 = {
                    scale = fixp:"1";
                    name = str:"Bone_Lleg_04";
                    translation = xpoint3:"88.42140960693359375,0.19600699841976165771484375,-0.0375503785908222198486328125";
                    rotation = {
                      0 = xpoint3:"0.872633755207061767578125,-0.4881856441497802734375,0";
                      1 = xpoint3:"0.4881856441497802734375,0.872633874416351318359375,0";
                      2 = xpoint3:"0,0,0.99999988079071044921875";
                    }
                    #0 = {
                      scale = fixp:"1";
                      name = str:"D_L_leg05";
                      translation = xpoint3:"39.426532745361328125,-1.0683023929595947265625,-0.051394782960414886474609375";
                      rotation = {
                        0 = xpoint3:"0.343727171421051025390625,-0.93856108188629150390625,0.00152664887718856334686279296875";
                        1 = xpoint3:"0.93856143951416015625,0.3437286317348480224609375,0";
                        2 = xpoint3:"-0.0013002012856304645538330078125,0.0011502369306981563568115234375,0.999998509883880615234375";
                      }
                      #0 = {
                        scale = fixp:"1";
                        name = str:"D_L_foot_01";
                        translation = xpoint3:"-35.714630126953125,-33.487339019775390625,0.069897122681140899658203125";
                        rotation = {
                          0 = xpoint3:"0.999995708465576171875,-0.00291490252129733562469482421875,0";
                          1 = xpoint3:"0.00291504873894155025482177734375,0.99999558925628662109375,0";
                          2 = xpoint3:"0,0,0.999999821186065673828125";
                        }
                        #0 = {
                          scale = fixp:"1";
                          name = str:"D_L_foot_02";
                          translation = xpoint3:"-1.74614012241363525390625,-27.49176025390625,0.0352699793875217437744140625";
                          rotation = {
                            0 = xpoint3:"0.99999988079071044921875,0,0";
                            1 = xpoint3:"0,0.99999964237213134765625,0";
                            2 = xpoint3:"0,0,0.99999964237213134765625";
                          }
                          #0 = {
                            scale = fixp:"1";
                            name = str:"D_L_foot_04";
                            translation = xpoint3:"27.1645526885986328125,2.2897465229034423828125,-0.010302041657269001007080078125";
                            rotation = {
                              0 = xpoint3:"1,0,0";
                              1 = xpoint3:"0,1,0";
                              2 = xpoint3:"0,0,1";
                            }
                            #0 = {
                              scale = fixp:"1";
                              name = str:"Bone_Lfoot_02";
                              translation = xpoint3:"0,0,0";
                              rotation = {
                                0 = xpoint3:"0.9565608501434326171875,0.2910409271717071533203125,-0.0169261209666728973388671875";
                                1 = xpoint3:"-0.2911564409732818603515625,0.956663608551025390625,-0.00476030446588993072509765625";
                                2 = xpoint3:"0.0148071609437465667724609375,0.009481669403612613677978515625,0.99984538555145263671875";
                              }
                            }
                          }
                          #1 = {
                            scale = fixp:"1";
                            name = str:"D_L_foot_03";
                            translation = xpoint3:"-23.8560199737548828125,5.17652988433837890625,-0.007584682665765285491943359375";
                            rotation = {
                              0 = xpoint3:"1,0,0";
                              1 = xpoint3:"0,1,0";
                              2 = xpoint3:"0,0,1";
                            }
                            #0 = {
                              scale = fixp:"1";
                              name = str:"Bone_Lfoot_05";
                              translation = xpoint3:"0,0,0";
                              rotation = {
                                0 = xpoint3:"-0.97570526599884033203125,0.219087183475494384765625,0";
                                1 = xpoint3:"-0.219087183475494384765625,-0.97570526599884033203125,0";
                                2 = xpoint3:"0,0,1";
                              }
                            }
                          }
                          #2 = {
                            scale = fixp:"1";
                            name = str:"Bone_Lfoot_03";
                            translation = xpoint3:"0,0,0";
                            rotation = {
                              0 = xpoint3:"0,-0.999983370304107666015625,0.00577366352081298828125";
                              1 = xpoint3:"-0.235958755016326904296875,0.00570571422576904296875,0.9717464447021484375";
                              2 = xpoint3:"-0.971763074398040771484375,0,-0.235957205295562744140625";
                            }
                          }
                          #3 = {
                            scale = fixp:"1";
                            name = str:"Bone_Lfoot_04";
                            translation = xpoint3:"0,0,0";
                            rotation = {
                              0 = xpoint3:"0,0.999999821186065673828125,0";
                              1 = xpoint3:"-0.232392489910125732421875,0,0.972621977329254150390625";
                              2 = xpoint3:"0.972622096538543701171875,0,0.23239231109619140625";
                            }
                          }
                        }
                        #1 = {
                          scale = fixp:"1";
                          name = str:"Bone_Lfoot_01";
                          translation = xpoint3:"-0.19058693945407867431640625,0.0333310924470424652099609375,0";
                          rotation = {
                            0 = xpoint3:"0.722774505615234375,-0.691083133220672607421875,0.00106753804720938205718994140625";
                            1 = xpoint3:"-0.691056787967681884765625,-0.72275888919830322265625,-0.007755299098789691925048828125";
                            2 = xpoint3:"0.0061311288736760616302490234375,0.004867603071033954620361328125,-0.99996936321258544921875";
                          }
                        }
                        #2 = {
                          scale = fixp:"1";
                          name = str:"Dummy_Foot01";
                          translation = xpoint3:"-3.7894408702850341796875,-5.913794994354248046875,0.49229466915130615234375";
                          rotation = {
                            0 = xpoint3:"-0.00182926654815673828125,0.99926435947418212890625,0.0037083327770233154296875";
                            1 = xpoint3:"0.0079145729541778564453125,-0.00296247005462646484375,0.9992363452911376953125";
                            2 = xpoint3:"0.99923980236053466796875,0.00258409976959228515625,-0.0071794986724853515625";
                          }
                          #0 = {
                            scale = fixp:"1";
                            name = str:"pt_footprint01";
                            translation = xpoint3:"1.05247747898101806640625,1.3455798625946044921875,-33.4807281494140625";
                            rotation = {
                              0 = xpoint3:"1,0,0";
                              1 = xpoint3:"0,1,0";
                              2 = xpoint3:"0,0,1";
                            }
                          }
                        }
                      }
                      #1 = {
                        scale = fixp:"1";
                        name = str:"Bone_Lleg_05";
                        translation = xpoint3:"-0.086513079702854156494140625,0.26847779750823974609375,-0.0048962715081870555877685546875";
                        rotation = {
                          0 = xpoint3:"-0.71745049953460693359375,0.696608960628509521484375,0";
                          1 = xpoint3:"-0.69660854339599609375,-0.717451035976409912109375,0";
                          2 = xpoint3:"0.00114818173460662364959716796875,0,0.999999344348907470703125";
                        }
                      }
                    }
                  }
                }
              }
              #1 = {
                scale = fixp:"1";
                name = str:"Bone_Lleg_02";
                translation = xpoint3:"-9.94150638580322265625,-12.783031463623046875,0.0369661264121532440185546875";
                rotation = {
                  0 = xpoint3:"0.984881341457366943359375,0.17323029041290283203125,0";
                  1 = xpoint3:"-0.17323029041290283203125,0.984881341457366943359375,0";
                  2 = xpoint3:"0,0,1";
                }
              }
            }
            #1 = {
              scale = fixp:"1";
              name = str:"Bone_Lleg_01";
              translation = xpoint3:"-11.29376125335693359375,-21.8723316192626953125,-0.043184332549571990966796875";
              rotation = {
                0 = xpoint3:"-0.999772965908050537109375,-0.0213064812123775482177734375,0";
                1 = xpoint3:"0.0213064812123775482177734375,-0.999772965908050537109375,0";
                2 = xpoint3:"0,0,1";
              }
            }
          }
        }
        #1 = {
          scale = fixp:"1";
          name = str:"D_R_Leg";
          translation = xpoint3:"-66.38262176513671875,-0.895687282085418701171875,0.666522920131683349609375";
          rotation = {
            0 = xpoint3:"0,0,0.99999988079071044921875";
            1 = xpoint3:"0.99999988079071044921875,0,0";
            2 = xpoint3:"0,0.99999988079071044921875,0";
          }
          #0 = {
            scale = fixp:"1";
            name = str:"D_R_leg01";
            translation = xpoint3:"0,0,0";
            rotation = {
              0 = xpoint3:"0.989939153194427490234375,-0.14144186675548553466796875,0";
              1 = xpoint3:"0.14144192636013031005859375,0.989939153194427490234375,0";
              2 = xpoint3:"0,0,0.999999940395355224609375";
            }
            #0 = {
              scale = fixp:"1";
              name = str:"D_R_leg02";
              translation = xpoint3:"-85.1725006103515625,-10.725429534912109375,0";
              rotation = {
                0 = xpoint3:"0.97448444366455078125,0.2243724763393402099609375,0";
                1 = xpoint3:"-0.2243724763393402099609375,0.97448444366455078125,0";
                2 = xpoint3:"0,0,1";
              }
              #0 = {
                scale = fixp:"1";
                name = str:"D_R_leg03";
                translation = xpoint3:"83.03467559814453125,-31.90354156494140625,0.00129815447144210338592529296875";
                rotation = {
                  0 = xpoint3:"0.9730608463287353515625,-0.23046307265758514404296875,0";
                  1 = xpoint3:"0.23046307265758514404296875,0.97306096553802490234375,0";
                  2 = xpoint3:"0,0,0.99999988079071044921875";
                }
                #0 = {
                  scale = fixp:"1";
                  name = str:"Bone_Rleg_03";
                  translation = xpoint3:"-2.972015380859375,0.24212466180324554443359375,-0.0023489207960665225982666015625";
                  rotation = {
                    0 = xpoint3:"-0.298823833465576171875,0.9533202648162841796875,0";
                    1 = xpoint3:"-0.9533202648162841796875,-0.298823833465576171875,0";
                    2 = xpoint3:"0,0,1";
                  }
                  #0 = {
                    scale = fixp:"1";
                    name = str:"Bone_Rleg_04";
                    translation = xpoint3:"88.32741546630859375,0.03038144670426845550537109375,0.010583616793155670166015625";
                    rotation = {
                      0 = xpoint3:"0.878090560436248779296875,-0.4783095419406890869140625,0";
                      1 = xpoint3:"0.4783094227313995361328125,0.878090560436248779296875,0";
                      2 = xpoint3:"0,0,0.99999988079071044921875";
                    }
                    #0 = {
                      scale = fixp:"1";
                      name = str:"D_R_leg05";
                      translation = xpoint3:"39.382732391357421875,-0.845725238323211669921875,-0.01674375869333744049072265625";
                      rotation = {
                        0 = xpoint3:"0.334998190402984619140625,-0.941706001758575439453125,0";
                        1 = xpoint3:"0.941706478595733642578125,0.3349982202053070068359375,0";
                        2 = xpoint3:"0,0,0.999999523162841796875";
                      }
                      #0 = {
                        scale = fixp:"1";
                        name = str:"D_R_foot_01";
                        translation = xpoint3:"-35.7766265869140625,-33.497631072998046875,-0.037313930690288543701171875";
                        rotation = {
                          0 = xpoint3:"0.00119912624359130859375,0.0027515874244272708892822265625,-0.99927043914794921875";
                          1 = xpoint3:"0,0.999996006488800048828125,0.0027512717060744762420654296875";
                          2 = xpoint3:"0.9992740154266357421875,0,0.00120095792226493358612060546875";
                        }
                        #0 = {
                          scale = fixp:"1";
                          name = str:"D_R_foot_02";
                          translation = xpoint3:"0.1085540950298309326171875,-27.6042003631591796875,1.6708099842071533203125";
                          rotation = {
                            0 = xpoint3:"0,0,0.999274194240570068359375";
                            1 = xpoint3:"0,0.9999997615814208984375,0";
                            2 = xpoint3:"-0.999274432659149169921875,0,0";
                          }
                          #0 = {
                            scale = fixp:"1";
                            name = str:"D_R_foot_03";
                            translation = xpoint3:"-23.9745025634765625,5.28560733795166015625,0.02193079330027103424072265625";
                            rotation = {
                              0 = xpoint3:"1,0,0";
                              1 = xpoint3:"0,1,0";
                              2 = xpoint3:"0,0,1";
                            }
                            #0 = {
                              scale = fixp:"1";
                              name = str:"Bone_Rfoot_05";
                              translation = xpoint3:"0,0,0";
                              rotation = {
                                0 = xpoint3:"-0.975289523601531982421875,0.22093044221401214599609375,0";
                                1 = xpoint3:"-0.2209304273128509521484375,-0.9752895832061767578125,0";
                                2 = xpoint3:"0,0,1";
                              }
                            }
                            #1 = {
                              scale = fixp:"1";
                              name = str:"pt_footprint02";
                              translation = xpoint3:"23.2893352508544921875,-17.0422496795654296875,0.072031863033771514892578125";
                              rotation = {
                                0 = xpoint3:"0,0.99999964237213134765625,0";
                                1 = xpoint3:"-0.00134783308021724224090576171875,0,0.999998867511749267578125";
                                2 = xpoint3:"0.999998986721038818359375,0,0.00134749966673552989959716796875";
                              }
                            }
                          }
                          #1 = {
                            scale = fixp:"1";
                            name = str:"D_R_foot_04";
                            translation = xpoint3:"27.0917835235595703125,2.5252540111541748046875,0.019881926476955413818359375";
                            rotation = {
                              0 = xpoint3:"1,0,0";
                              1 = xpoint3:"0,1,0";
                              2 = xpoint3:"0,0,1";
                            }
                            #0 = {
                              scale = fixp:"1";
                              name = str:"Bone_Rfoot_02";
                              translation = xpoint3:"0,0,0";
                              rotation = {
                                0 = xpoint3:"0.95614635944366455078125,0.2923993766307830810546875,-0.0169328264892101287841796875";
                                1 = xpoint3:"-0.2925147116184234619140625,0.956249296665191650390625,-0.0047361659817397594451904296875";
                                2 = xpoint3:"0.014807150699198246002197265625,0.009481568820774555206298828125,0.99984538555145263671875";
                              }
                            }
                          }
                          #2 = {
                            scale = fixp:"1";
                            name = str:"Bone_Rfoot_03";
                            translation = xpoint3:"0,0,0";
                            rotation = {
                              0 = xpoint3:"0,0,-0.999999821186065673828125";
                              1 = xpoint3:"-0.259645760059356689453125,-0.965703666210174560546875,0";
                              2 = xpoint3:"-0.965703785419464111328125,0.2596458494663238525390625,0";
                            }
                          }
                          #3 = {
                            scale = fixp:"1";
                            name = str:"Bone_Rfoot_04";
                            translation = xpoint3:"0,0,0";
                            rotation = {
                              0 = xpoint3:"0,0,-0.999999940395355224609375";
                              1 = xpoint3:"-0.22039069235324859619140625,0.975411593914031982421875,0";
                              2 = xpoint3:"0.975411713123321533203125,0.22039063274860382080078125,0";
                            }
                          }
                        }
                        #1 = {
                          scale = fixp:"1";
                          name = str:"Bone_Rfoot_01";
                          translation = xpoint3:"0,0.03205727040767669677734375,0.19112019240856170654296875";
                          rotation = {
                            0 = xpoint3:"0.00100180762819945812225341796875,0,-0.99999904632568359375";
                            1 = xpoint3:"-0.687907993793487548828125,-0.725797951221466064453125,0";
                            2 = xpoint3:"-0.725797235965728759765625,0.68790733814239501953125,-0.00137216481380164623260498046875";
                          }
                        }
                        #2 = {
                          scale = fixp:"1";
                          name = str:"Dummy_Foot02";
                          translation = xpoint3:"0.0040390067733824253082275390625,-5.88079357147216796875,3.725646495819091796875";
                          rotation = {
                            0 = xpoint3:"0.999999523162841796875,0,0";
                            1 = xpoint3:"0,0.00142868584953248500823974609375,0.999273955821990966796875";
                            2 = xpoint3:"0,-0.999273955821990966796875,0.00142913986928761005401611328125";
                          }
                        }
                      }
                      #1 = {
                        scale = fixp:"1";
                        name = str:"Bone_Rleg_05";
                        translation = xpoint3:"-0.031645663082599639892578125,0.2703914642333984375,0";
                        rotation = {
                          0 = xpoint3:"-0.71667492389678955078125,0.69740736484527587890625,0";
                          1 = xpoint3:"-0.69740736484527587890625,-0.71667492389678955078125,0";
                          2 = xpoint3:"0,0,1";
                        }
                      }
                    }
                  }
                }
              }
              #1 = {
                scale = fixp:"1";
                name = str:"Bone_Rleg_02";
                translation = xpoint3:"-9.9784374237060546875,-12.7600727081298828125,-0.0024073519743978977203369140625";
                rotation = {
                  0 = xpoint3:"0.984881103038787841796875,0.1732317507266998291015625,0";
                  1 = xpoint3:"-0.1732317507266998291015625,0.984881103038787841796875,0";
                  2 = xpoint3:"0,0,1";
                }
              }
            }
            #1 = {
              scale = fixp:"1";
              name = str:"Bone_Rleg_01";
              translation = xpoint3:"-11.29468822479248046875,-21.87188720703125,0.0018156282603740692138671875";
              rotation = {
                0 = xpoint3:"-0.999772965908050537109375,-0.02130646817386150360107421875,0";
                1 = xpoint3:"0.02130646817386150360107421875,-0.999772965908050537109375,0";
                2 = xpoint3:"0,0,1";
              }
            }
          }
        }
        #2 = {
          scale = fixp:"1";
          name = str:"Bone_body";
          translation = xpoint3:"0,-33.679965972900390625,21.970264434814453125";
          rotation = {
            0 = xpoint3:"0,0,1";
            1 = xpoint3:"-0.7804119586944580078125,0.625265657901763916015625,0";
            2 = xpoint3:"-0.62526571750640869140625,-0.7804119586944580078125,0";
          }
        }
        #3 = {
          scale = fixp:"1";
          name = str:"pt_center";
          translation = xpoint3:"0,-0.3312455713748931884765625,1.330707550048828125";
          rotation = {
            0 = xpoint3:"1,0,0";
            1 = xpoint3:"0,1,0";
            2 = xpoint3:"0,0,1";
          }
        }
        #4 = {
          scale = fixp:"1";
          name = str:"pt_cast";
          translation = xpoint3:"0,-219.1569061279296875,-18.857738494873046875";
          rotation = {
            0 = xpoint3:"1,0,0";
            1 = xpoint3:"0,1,0";
            2 = xpoint3:"0,0,1";
          }
        }
        #5 = {
          scale = fixp:"1";
          name = str:"rot_z1";
          translation = xpoint3:"0.480061054229736328125,-94.5504608154296875,-80.35062408447265625";
          rotation = {
            0 = xpoint3:"1,0,0";
            1 = xpoint3:"0,1,0";
            2 = xpoint3:"0,0,1";
          }
          #0 = {
            scale = fixp:"1";
            name = str:"rot_x1";
            translation = xpoint3:"0,0,0";
            rotation = {
              0 = xpoint3:"1,0,0";
              1 = xpoint3:"0,1,0";
              2 = xpoint3:"0,0,1";
            }
            #0 = {
              scale = fixp:"1";
              name = str:"Bone_gun01";
              translation = xpoint3:"-0.480058193206787109375,-2.28492641448974609375,2.062242984771728515625";
              rotation = {
                0 = xpoint3:"0,0,-1";
                1 = xpoint3:"-0.668503284454345703125,-0.74370920658111572265625,0";
                2 = xpoint3:"-0.74370920658111572265625,0.668503284454345703125,0";
              }
              #0 = {
                scale = fixp:"1";
                name = str:"Bone_gun02";
                translation = xpoint3:"30.996234893798828125,0,0";
                rotation = {
                  0 = xpoint3:"0.825416147708892822265625,-0.56452476978302001953125,0";
                  1 = xpoint3:"0.56452476978302001953125,0.825416147708892822265625,0";
                  2 = xpoint3:"0,0,1";
                }
                #0 = {
                  scale = fixp:"1";
                  name = str:"Bone_weapon02";
                  translation = xpoint3:"46.646297454833984375,0.015484192408621311187744140625,14.762798309326171875";
                  rotation = {
                    0 = xpoint3:"0.971586883068084716796875,0.009740076959133148193359375,-0.23648269474506378173828125";
                    1 = xpoint3:"0.23647081851959228515625,0.0023704469203948974609375,0.971635758876800537109375";
                    2 = xpoint3:"0.01002438366413116455078125,-0.999949753284454345703125,0";
                  }
                  #0 = {
                    scale = fixp:"1";
                    name = str:"pt_shoot_2";
                    translation = xpoint3:"52.194820404052734375,1.10911464691162109375,1.7856495380401611328125";
                    rotation = {
                      0 = xpoint3:"-0.010022175498306751251220703125,-0.999938666820526123046875,-0.004716596566140651702880859375";
                      1 = xpoint3:"0.999949753284454345703125,-0.010022052563726902008056640625,0";
                      2 = xpoint3:"0,-0.004716857336461544036865234375,0.999988853931427001953125";
                    }
                  }
                }
                #1 = {
                  scale = fixp:"1";
                  name = str:"Bone_weapon01";
                  translation = xpoint3:"46.6462860107421875,0.015492291189730167388916015625,-14.380931854248046875";
                  rotation = {
                    0 = xpoint3:"0.971586883068084716796875,0.009740076959133148193359375,-0.23648269474506378173828125";
                    1 = xpoint3:"0.23647081851959228515625,0.0023704469203948974609375,0.971635758876800537109375";
                    2 = xpoint3:"0.01002438366413116455078125,-0.999949753284454345703125,0";
                  }
                  #0 = {
                    scale = fixp:"1";
                    name = str:"pt_shoot_1";
                    translation = xpoint3:"52.172924041748046875,0.279784679412841796875,1.82877123355865478515625";
                    rotation = {
                      0 = xpoint3:"-0.0100235752761363983154296875,-0.999949753284454345703125,0";
                      1 = xpoint3:"0.999949753284454345703125,-0.0100235752761363983154296875,0";
                      2 = xpoint3:"0,0,1";
                    }
                  }
                }
              }
            }
          }
        }
        #6 = {
          scale = fixp:"1";
          name = str:"rot_x2";
          translation = xpoint3:"0,-7.118915557861328125,40.596027374267578125";
          rotation = {
            0 = xpoint3:"1,0,0";
            1 = xpoint3:"0,1,0";
            2 = xpoint3:"0,0,1";
          }
          #0 = {
            scale = fixp:"1";
            name = str:"Bone_rocket_x2";
            translation = xpoint3:"51.658153533935546875,0,0";
            rotation = {
              0 = xpoint3:"0,0,-1";
              1 = xpoint3:"-0.9999735355377197265625,0.0072717186994850635528564453125,0";
              2 = xpoint3:"0.00727174244821071624755859375,0.9999735355377197265625,0";
            }
            #0 = {
              scale = fixp:"1";
              name = str:"pt_shoot_3";
              translation = xpoint3:"51.003902435302734375,43.61667633056640625,-44.21439361572265625";
              rotation = {
                0 = xpoint3:"-0.00296814111061394214630126953125,-0.999943792819976806640625,0.010175541974604129791259765625";
                1 = xpoint3:"-0.279809176921844482421875,0.010599597357213497161865234375,0.959997117519378662109375";
                2 = xpoint3:"-0.960051059722900390625,0,-0.2798249423503875732421875";
              }
            }
            #1 = {
              scale = fixp:"1";
              name = str:"pt_shoot_5";
              translation = xpoint3:"50.832241058349609375,27.4231929779052734375,-49.57122802734375";
              rotation = {
                0 = xpoint3:"-0.00296814111061394214630126953125,-0.999943792819976806640625,0.010175541974604129791259765625";
                1 = xpoint3:"-0.279809176921844482421875,0.010599597357213497161865234375,0.959997117519378662109375";
                2 = xpoint3:"-0.960051059722900390625,0,-0.2798249423503875732421875";
              }
            }
            #2 = {
              scale = fixp:"1";
              name = str:"pt_shoot_4";
              translation = xpoint3:"50.88712310791015625,32.5998077392578125,-31.3922748565673828125";
              rotation = {
                0 = xpoint3:"-0.00296814111061394214630126953125,-0.999943792819976806640625,0.010175541974604129791259765625";
                1 = xpoint3:"-0.279809176921844482421875,0.010599597357213497161865234375,0.959997117519378662109375";
                2 = xpoint3:"-0.960051059722900390625,0,-0.2798249423503875732421875";
              }
            }
            #3 = {
              scale = fixp:"1";
              name = str:"pt_shoot_6";
              translation = xpoint3:"48.92644500732421875,-25.5348300933837890625,-49.544841766357421875";
              rotation = {
                0 = xpoint3:"-0.0014100219123065471649169921875,0.99998724460601806640625,0.0048452927730977535247802734375";
                1 = xpoint3:"-0.2798207700252532958984375,-0.0050462768413126468658447265625,0.960038959980010986328125";
                2 = xpoint3:"0.960051238536834716796875,0,0.279824316501617431640625";
              }
            }
            #4 = {
              scale = fixp:"1";
              name = str:"pt_shoot_7";
              translation = xpoint3:"48.90032196044921875,-30.711597442626953125,-31.36588287353515625";
              rotation = {
                0 = xpoint3:"-0.0014100219123065471649169921875,0.99998724460601806640625,0.0048452927730977535247802734375";
                1 = xpoint3:"-0.2798207700252532958984375,-0.0050462768413126468658447265625,0.960038959980010986328125";
                2 = xpoint3:"0.960051238536834716796875,0,0.279824316501617431640625";
              }
            }
            #5 = {
              scale = fixp:"1";
              name = str:"pt_shoot_8";
              translation = xpoint3:"48.844715118408203125,-41.72896575927734375,-44.18801116943359375";
              rotation = {
                0 = xpoint3:"-0.0014100219123065471649169921875,0.99998724460601806640625,0.0048452927730977535247802734375";
                1 = xpoint3:"-0.2798207700252532958984375,-0.0050462768413126468658447265625,0.960038959980010986328125";
                2 = xpoint3:"0.960051238536834716796875,0,0.279824316501617431640625";
              }
            }
          }
          #1 = {
            scale = fixp:"1";
            name = str:"Bone_rocket_x1";
            translation = xpoint3:"-51.104755401611328125,0,0";
            rotation = {
              0 = xpoint3:"0,0,-1";
              1 = xpoint3:"-0.99996006488800048828125,0.0089381635189056396484375,0";
              2 = xpoint3:"0.00893817842006683349609375,0.99996006488800048828125,0";
            }
            #0 = {
              scale = fixp:"1";
              name = str:"pt_shoot_9";
              translation = xpoint3:"51.174892425537109375,43.005931854248046875,45.16361236572265625";
              rotation = {
                0 = xpoint3:"0.00296762003563344478607177734375,0.99994385242462158203125,-0.0101759470999240875244140625";
                1 = xpoint3:"0.27980792522430419921875,-0.01059984229505062103271484375,-0.959997475147247314453125";
                2 = xpoint3:"-0.96005141735076904296875,0,-0.27982366085052490234375";
              }
            }
            #1 = {
              scale = fixp:"1";
              name = str:"pt_shoot_10";
              translation = xpoint3:"51.058109283447265625,31.989086151123046875,32.341510772705078125";
              rotation = {
                0 = xpoint3:"0.00296762003563344478607177734375,0.99994385242462158203125,-0.0101759470999240875244140625";
                1 = xpoint3:"0.27980792522430419921875,-0.01059984229505062103271484375,-0.959997475147247314453125";
                2 = xpoint3:"-0.96005141735076904296875,0,-0.27982366085052490234375";
              }
            }
            #2 = {
              scale = fixp:"1";
              name = str:"pt_shoot_11";
              translation = xpoint3:"51.003238677978515625,26.812427520751953125,50.520450592041015625";
              rotation = {
                0 = xpoint3:"0.00296762003563344478607177734375,0.99994385242462158203125,-0.0101759470999240875244140625";
                1 = xpoint3:"0.27980792522430419921875,-0.01059984229505062103271484375,-0.959997475147247314453125";
                2 = xpoint3:"-0.96005141735076904296875,0,-0.27982366085052490234375";
              }
            }
            #3 = {
              scale = fixp:"1";
              name = str:"pt_shoot_14";
              translation = xpoint3:"49.016143798828125,-42.31134033203125,45.268085479736328125";
              rotation = {
                0 = xpoint3:"0.0014106011949479579925537109375,-0.99998724460601806640625,-0.00484578311443328857421875";
                1 = xpoint3:"0.2798198759555816650390625,0.0050469092093408107757568359375,-0.96003925800323486328125";
                2 = xpoint3:"0.960051476955413818359375,0,0.27982342243194580078125";
              }
            }
            #4 = {
              scale = fixp:"1";
              name = str:"pt_shoot_13";
              translation = xpoint3:"48.727306365966796875,-26.1138629913330078125,50.624912261962890625";
              rotation = {
                0 = xpoint3:"0.0014106011949479579925537109375,-0.99998724460601806640625,-0.00484578311443328857421875";
                1 = xpoint3:"0.2798198759555816650390625,0.0050469092093408107757568359375,-0.96003925800323486328125";
                2 = xpoint3:"0.960051476955413818359375,0,0.27982342243194580078125";
              }
            }
            #5 = {
              scale = fixp:"1";
              name = str:"pt_shoot_12";
              translation = xpoint3:"48.79273223876953125,-31.2914714813232421875,32.446010589599609375";
              rotation = {
                0 = xpoint3:"0.0014106011949479579925537109375,-0.99998724460601806640625,-0.00484578311443328857421875";
                1 = xpoint3:"0.2798198759555816650390625,0.0050469092093408107757568359375,-0.96003925800323486328125";
                2 = xpoint3:"0.960051476955413818359375,0,0.27982342243194580078125";
              }
            }
          }
        }
      }
      #1 = {
        scale = fixp:"1";
        name = str:"pt_ground";
        translation = xpoint3:"0,0,0";
        rotation = {
          0 = xpoint3:"1,0,0";
          1 = xpoint3:"0,1,0";
          2 = xpoint3:"0,0,1";
        }
      }
      #2 = {
        scale = fixp:"1";
        name = str:"pt_top";
        translation = xpoint3:"0,37.633697509765625,449.389373779296875";
        rotation = {
          0 = xpoint3:"1,0,0";
          1 = xpoint3:"0,1,0";
          2 = xpoint3:"0,0,1";
        }
      }
    }
  }
  #1 = {
    scale = fixp:"1";
    name = str:"pt_head";
    translation = xpoint3:"0,33.983917236328125,298.57611083984375";
    rotation = {
      0 = xpoint3:"1,0,0";
      1 = xpoint3:"0,1,0";
      2 = xpoint3:"0,0,1";
    }
  }
}