model = {
  file = str:"data\terrain\embelishments\mutated\wormplague_female_child.nif";
  animation = {
    loop = fixp:"0";
    duration = fixp:"0";
  }
  #1 = {
    scale = fixp:"1";
    name = str:"ROOT";
    translation = xpoint3:"0,11.9416751861572265625,39.91916656494140625";
    rotation = {
      0 = xpoint3:"1,0,0";
      1 = xpoint3:"0,1,0";
      2 = xpoint3:"0,0,1";
    }
    #0 = {
      scale = fixp:"1";
      name = str:"ROOT NonAccum";
      translation = xpoint3:"0,0,0";
      rotation = {
        0 = xpoint3:"1,0,0";
        1 = xpoint3:"0,1,0";
        2 = xpoint3:"0,0,1";
      }
      #0 = {
        scale = fixp:"1";
        name = str:"Bone01";
        translation = xpoint3:"0,-40.57141876220703125,-15.62909412384033203125";
        rotation = {
          0 = xpoint3:"-0.0446520932018756866455078125,-0.03481759130954742431640625,-0.998395740985870361328125";
          1 = xpoint3:"-0.290677249431610107421875,0.956604540348052978515625,-0.0203600227832794189453125";
          2 = xpoint3:"0.955778777599334716796875,0.289301812648773193359375,-0.0528350807726383209228515625";
        }
        #0 = {
          scale = fixp:"1";
          name = str:"Bone02";
          translation = xpoint3:"42.10576629638671875,0,0";
          rotation = {
            0 = xpoint3:"0.901908338069915771484375,-0.4319274723529815673828125,0";
            1 = xpoint3:"0.4319274723529815673828125,0.901908338069915771484375,0";
            2 = xpoint3:"0,0,1";
          }
          #0 = {
            scale = fixp:"1";
            name = str:"Bone03";
            translation = xpoint3:"68.3626251220703125,0,0";
            rotation = {
              0 = xpoint3:"0.6208550930023193359375,0.783925354480743408203125,0";
              1 = xpoint3:"-0.783925354480743408203125,0.6208550930023193359375,0";
              2 = xpoint3:"0,0,1";
            }
            #0 = {
              scale = fixp:"1";
              name = str:"Bone04";
              translation = xpoint3:"74.6782684326171875,0,0";
              rotation = {
                0 = xpoint3:"0.064482510089874267578125,0.997918903827667236328125,0";
                1 = xpoint3:"-0.997918903827667236328125,0.064482510089874267578125,0";
                2 = xpoint3:"0,0,1";
              }
              #0 = {
                scale = fixp:"1";
                name = str:"Bone05";
                translation = xpoint3:"67.61299896240234375,0,0";
                rotation = {
                  0 = xpoint3:"-0.035980701446533203125,0.99935245513916015625,0";
                  1 = xpoint3:"-0.99935245513916015625,-0.035980701446533203125,0";
                  2 = xpoint3:"0,0,1";
                }
                #0 = {
                  scale = fixp:"1";
                  name = str:"Bone06";
                  translation = xpoint3:"64.02079010009765625,0,0";
                  rotation = {
                    0 = xpoint3:"1,0,0";
                    1 = xpoint3:"0,1,0";
                    2 = xpoint3:"0,0,1";
                  }
                }
              }
            }
            #1 = {
              scale = fixp:"1";
              name = str:"Bone11";
              translation = xpoint3:"38.862651824951171875,41.306156158447265625,0";
              rotation = {
                0 = xpoint3:"0.99663722515106201171875,0.081940703094005584716796875,0";
                1 = xpoint3:"-0.081940703094005584716796875,0.99663722515106201171875,0";
                2 = xpoint3:"0,0,1";
              }
            }
            #2 = {
              scale = fixp:"1";
              name = str:"Bone09";
              translation = xpoint3:"-8.328891754150390625,31.6584415435791015625,0";
              rotation = {
                0 = xpoint3:"0.88354408740997314453125,-0.468347966670989990234375,0";
                1 = xpoint3:"0.468347966670989990234375,0.88354408740997314453125,0";
                2 = xpoint3:"0,0,1";
              }
            }
          }
          #1 = {
            scale = fixp:"1";
            name = str:"Bone07";
            translation = xpoint3:"30.4068622589111328125,48.0318756103515625,0";
            rotation = {
              0 = xpoint3:"0.999652326107025146484375,0.02636755816638469696044921875,0";
              1 = xpoint3:"-0.02636755816638469696044921875,0.999652326107025146484375,0";
              2 = xpoint3:"0,0,1";
            }
          }
        }
      }
    }
  }
}