model = {
  file = str:"data\terrain\embelishments\mutated\wormplague_female.nif";
  animation = {
    loop = fixp:"0";
    duration = fixp:"0";
  }
  #0 = {
    scale = fixp:"1";
    name = str:"ROOT";
    translation = xpoint3:"-0.0210807323455810546875,-1.42253875732421875,0";
    rotation = {
      0 = xpoint3:"1,0,0";
      1 = xpoint3:"0,1,0";
      2 = xpoint3:"0,0,1";
    }
    #0 = {
      scale = fixp:"1";
      name = str:"ROOT NonAccum";
      translation = xpoint3:"0,0,0";
      rotation = {
        0 = xpoint3:"1,0,0";
        1 = xpoint3:"0,1,0";
        2 = xpoint3:"0,0,1";
      }
      #0 = {
        scale = fixp:"1";
        name = str:"Bone01";
        translation = xpoint3:"0.021087847650051116943359375,164.221038818359375,128.760833740234375";
        rotation = {
          0 = xpoint3:"0,0,-0.99999988079071044921875";
          1 = xpoint3:"-0.654720127582550048828125,0.75587141513824462890625,0";
          2 = xpoint3:"0.755871295928955078125,0.654720127582550048828125,0";
        }
        #0 = {
          scale = fixp:"1";
          name = str:"Bone02";
          translation = xpoint3:"164.80364990234375,0,0";
          rotation = {
            0 = xpoint3:"0.950706064701080322265625,0.31009352207183837890625,0";
            1 = xpoint3:"-0.31009352207183837890625,0.950706064701080322265625,0";
            2 = xpoint3:"0,0,1";
          }
          #0 = {
            scale = fixp:"1";
            name = str:"Bone03";
            translation = xpoint3:"155.9815521240234375,0,0";
            rotation = {
              0 = xpoint3:"0.81387031078338623046875,0.581046581268310546875,0";
              1 = xpoint3:"-0.581046581268310546875,0.81387031078338623046875,0";
              2 = xpoint3:"0,0,1";
            }
            #0 = {
              scale = fixp:"1";
              name = str:"Bone04";
              translation = xpoint3:"142.276519775390625,0,0";
              rotation = {
                0 = xpoint3:"0.763550221920013427734375,0.645748436450958251953125,0";
                1 = xpoint3:"-0.645748436450958251953125,0.763550221920013427734375,0";
                2 = xpoint3:"0,0,1";
              }
              #0 = {
                scale = fixp:"1";
                name = str:"Bone05";
                translation = xpoint3:"134.5038299560546875,0,0";
                rotation = {
                  0 = xpoint3:"0.996817052364349365234375,0.079722978174686431884765625,0";
                  1 = xpoint3:"-0.079722978174686431884765625,0.996817052364349365234375,0";
                  2 = xpoint3:"0,0,1";
                }
                #0 = {
                  scale = fixp:"1";
                  name = str:"Bone06";
                  translation = xpoint3:"120.661895751953125,0,0";
                  rotation = {
                    0 = xpoint3:"0.8475019931793212890625,-0.530792176723480224609375,0";
                    1 = xpoint3:"0.530792176723480224609375,0.8475019931793212890625,0";
                    2 = xpoint3:"0,0,1";
                  }
                  #0 = {
                    scale = fixp:"1";
                    name = str:"Bone07";
                    translation = xpoint3:"124.304779052734375,0,0";
                    rotation = {
                      0 = xpoint3:"0.9313259124755859375,-0.364186763763427734375,0";
                      1 = xpoint3:"0.364186763763427734375,0.9313259124755859375,0";
                      2 = xpoint3:"0,0,1";
                    }
                    #0 = {
                      scale = fixp:"1";
                      name = str:"Bone08";
                      translation = xpoint3:"90.774627685546875,0,0";
                      rotation = {
                        0 = xpoint3:"0.986670315265655517578125,-0.16273184120655059814453125,0";
                        1 = xpoint3:"0.16273184120655059814453125,0.986670315265655517578125,0";
                        2 = xpoint3:"0,0,1";
                      }
                    }
                  }
                }
              }
              #1 = {
                scale = fixp:"1";
                name = str:"Bone19";
                translation = xpoint3:"-6.05276584625244140625,59.910755157470703125,0";
                rotation = {
                  0 = xpoint3:"0.08103358745574951171875,-0.996711432933807373046875,0";
                  1 = xpoint3:"0.996711432933807373046875,0.08103358745574951171875,0";
                  2 = xpoint3:"0,0,1";
                }
                #0 = {
                  scale = fixp:"1";
                  name = str:"Bone20";
                  translation = xpoint3:"35.438495635986328125,0,0";
                  rotation = {
                    0 = xpoint3:"0.996971547603607177734375,0.07776744663715362548828125,0";
                    1 = xpoint3:"-0.07776744663715362548828125,0.996971547603607177734375,0";
                    2 = xpoint3:"0,0,1";
                  }
                }
              }
              #2 = {
                scale = fixp:"1";
                name = str:"Bone22";
                translation = xpoint3:"104.68182373046875,-11.27262115478515625,27.5900726318359375";
                rotation = {
                  0 = xpoint3:"0.89993107318878173828125,0.4360322058200836181640625,0";
                  1 = xpoint3:"-0.4360322058200836181640625,0.89993107318878173828125,0";
                  2 = xpoint3:"0,0,1";
                }
                #0 = {
                  scale = fixp:"1";
                  name = str:"Bone23";
                  translation = xpoint3:"81.65384674072265625,0,0";
                  rotation = {
                    0 = xpoint3:"0.88520586490631103515625,-0.4651995003223419189453125,0";
                    1 = xpoint3:"0.4651995003223419189453125,0.88520586490631103515625,0";
                    2 = xpoint3:"0,0,1";
                  }
                  #0 = {
                    scale = fixp:"1";
                    name = str:"Bone24";
                    translation = xpoint3:"81.19673919677734375,0,0";
                    rotation = {
                      0 = xpoint3:"0.927317321300506591796875,-0.374276101589202880859375,0";
                      1 = xpoint3:"0.374276101589202880859375,0.927317321300506591796875,0";
                      2 = xpoint3:"0,0,1";
                    }
                    #0 = {
                      scale = fixp:"1";
                      name = str:"Bone25";
                      translation = xpoint3:"87.4921112060546875,0,0";
                      rotation = {
                        0 = xpoint3:"0.95814239978790283203125,-0.2862921059131622314453125,0";
                        1 = xpoint3:"0.2862921059131622314453125,0.95814239978790283203125,0";
                        2 = xpoint3:"0,0,1";
                      }
                    }
                  }
                }
              }
              #3 = {
                scale = fixp:"1";
                name = str:"Bone27";
                translation = xpoint3:"104.68181610107421875,-11.27262020111083984375,-29.725189208984375";
                rotation = {
                  0 = xpoint3:"0.89879739284515380859375,0.4383642971515655517578125,0";
                  1 = xpoint3:"-0.4383642971515655517578125,0.89879739284515380859375,0";
                  2 = xpoint3:"0,0,1";
                }
                #0 = {
                  scale = fixp:"1";
                  name = str:"Bone28";
                  translation = xpoint3:"81.65384674072265625,0,0";
                  rotation = {
                    0 = xpoint3:"0.88520586490631103515625,-0.4651995003223419189453125,0";
                    1 = xpoint3:"0.4651995003223419189453125,0.88520586490631103515625,0";
                    2 = xpoint3:"0,0,1";
                  }
                  #0 = {
                    scale = fixp:"1";
                    name = str:"Bone29";
                    translation = xpoint3:"81.196746826171875,0,0";
                    rotation = {
                      0 = xpoint3:"0.927317321300506591796875,-0.374276101589202880859375,0";
                      1 = xpoint3:"0.374276101589202880859375,0.927317321300506591796875,0";
                      2 = xpoint3:"0,0,1";
                    }
                    #0 = {
                      scale = fixp:"1";
                      name = str:"Bone30";
                      translation = xpoint3:"87.4921112060546875,0,0";
                      rotation = {
                        0 = xpoint3:"0.95814239978790283203125,-0.2862921059131622314453125,0";
                        1 = xpoint3:"0.2862921059131622314453125,0.95814239978790283203125,0";
                        2 = xpoint3:"0,0,1";
                      }
                    }
                  }
                }
              }
            }
            #1 = {
              scale = fixp:"1";
              name = str:"Bone36";
              translation = xpoint3:"85.7493743896484375,-12.408283233642578125,-61.915924072265625";
              rotation = {
                0 = xpoint3:"0.0952839553356170654296875,-0.995338857173919677734375,0.014879405498504638671875";
                1 = xpoint3:"-0.294101059436798095703125,-0.0138678848743438720703125,0.955673635005950927734375";
                2 = xpoint3:"-0.9510128498077392578125,-0.095436394214630126953125,-0.294051647186279296875";
              }
            }
            #2 = {
              scale = fixp:"1";
              name = str:"Bone32";
              translation = xpoint3:"84.64847564697265625,-12.42587757110595703125,60.851715087890625";
              rotation = {
                0 = xpoint3:"0.1208343207836151123046875,0.99252212047576904296875,-0.0172936618328094482421875";
                1 = xpoint3:"-0.2347365915775299072265625,0.045496463775634765625,0.970993816852569580078125";
                2 = xpoint3:"0.964519500732421875,-0.113269984722137451171875,0.2384787499904632568359375";
              }
            }
            #3 = {
              scale = fixp:"1";
              name = str:"Bone16";
              translation = xpoint3:"61.436557769775390625,84.2059173583984375,0";
              rotation = {
                0 = xpoint3:"0.128615200519561767578125,-0.99169456958770751953125,0";
                1 = xpoint3:"0.99169456958770751953125,0.128615200519561767578125,0";
                2 = xpoint3:"0,0,1";
              }
              #0 = {
                scale = fixp:"1";
                name = str:"Bone17";
                translation = xpoint3:"77.15227508544921875,0,0";
                rotation = {
                  0 = xpoint3:"0.999774754047393798828125,0.02122242748737335205078125,0";
                  1 = xpoint3:"-0.02122242748737335205078125,0.999774754047393798828125,0";
                  2 = xpoint3:"0,0,1";
                }
              }
            }
          }
          #1 = {
            scale = fixp:"1";
            name = str:"Bone38";
            translation = xpoint3:"125.73712158203125,-18.4753665924072265625,-71.825408935546875";
            rotation = {
              0 = xpoint3:"-0.245467960834503173828125,-0.85754215717315673828125,0.45206940174102783203125";
              1 = xpoint3:"-0.2213766574859619140625,0.50360214710235595703125,0.835091114044189453125";
              2 = xpoint3:"-0.943789005279541015625,0.1049105226993560791015625,-0.313458025455474853515625";
            }
          }
          #2 = {
            scale = fixp:"1";
            name = str:"Bone34";
            translation = xpoint3:"122.47553253173828125,-16.422832489013671875,71.3117218017578125";
            rotation = {
              0 = xpoint3:"-0.1852822601795196533203125,0.860176563262939453125,0.4751491844654083251953125";
              1 = xpoint3:"-0.2738089263439178466796875,-0.50956237316131591796875,0.81570518016815185546875";
              2 = xpoint3:"0.94376862049102783203125,0.02103555202484130859375,0.329936802387237548828125";
            }
          }
          #3 = {
            scale = fixp:"1";
            name = str:"Bone10";
            translation = xpoint3:"12.94894313812255859375,95.59694671630859375,0";
            rotation = {
              0 = xpoint3:"0.031899869441986083984375,-0.99949109554290771484375,0";
              1 = xpoint3:"0.99949109554290771484375,0.031899869441986083984375,0";
              2 = xpoint3:"0,0,1";
            }
            #0 = {
              scale = fixp:"1";
              name = str:"Bone11";
              translation = xpoint3:"57.03155517578125,0,0";
              rotation = {
                0 = xpoint3:"0.994477212429046630859375,0.104952909052371978759765625,0";
                1 = xpoint3:"-0.104952909052371978759765625,0.994477212429046630859375,0";
                2 = xpoint3:"0,0,1";
              }
            }
          }
          #4 = {
            scale = fixp:"1";
            name = str:"Bone13";
            translation = xpoint3:"134.43670654296875,93.497283935546875,0";
            rotation = {
              0 = xpoint3:"0.177239358425140380859375,-0.9841678142547607421875,0";
              1 = xpoint3:"0.9841678142547607421875,0.177239358425140380859375,0";
              2 = xpoint3:"0,0,1";
            }
            #0 = {
              scale = fixp:"1";
              name = str:"Bone14";
              translation = xpoint3:"68.64456939697265625,0,0";
              rotation = {
                0 = xpoint3:"0.999247610569000244140625,-0.0387836284935474395751953125,0";
                1 = xpoint3:"0.0387836284935474395751953125,0.999247610569000244140625,0";
                2 = xpoint3:"0,0,1";
              }
            }
          }
        }
        #1 = {
          scale = fixp:"1";
          name = str:"Dummy07";
          translation = xpoint3:"143.4981689453125,-98.63944244384765625,0";
          rotation = {
            0 = xpoint3:"0.64221990108489990234375,0.76652038097381591796875,0";
            1 = xpoint3:"-0.76652038097381591796875,0.64221990108489990234375,0";
            2 = xpoint3:"0,0,1";
          }
        }
        #2 = {
          scale = fixp:"1";
          name = str:"Dummy08";
          translation = xpoint3:"87.83831024169921875,-117.2256927490234375,0";
          rotation = {
            0 = xpoint3:"0.64221990108489990234375,0.76652038097381591796875,0";
            1 = xpoint3:"-0.76652038097381591796875,0.64221990108489990234375,0";
            2 = xpoint3:"0,0,1";
          }
        }
        #3 = {
          scale = fixp:"1";
          name = str:"Dummy09";
          translation = xpoint3:"41.176300048828125,-138.473388671875,0";
          rotation = {
            0 = xpoint3:"0.64221990108489990234375,0.76652038097381591796875,0";
            1 = xpoint3:"-0.76652038097381591796875,0.64221990108489990234375,0";
            2 = xpoint3:"0,0,1";
          }
        }
      }
    }
  }
}