model = {
  file = str:"data\terrain\embelishments\mutated\wormplague_male.nif";
  animation = {
    loop = fixp:"0";
    duration = fixp:"0";
  }
  #1 = {
    scale = fixp:"1";
    name = str:"ROOT";
    translation = xpoint3:"0.282756805419921875,-0.16432952880859375,0";
    rotation = {
      0 = xpoint3:"1,0,0";
      1 = xpoint3:"0,1,0";
      2 = xpoint3:"0,0,1";
    }
    #0 = {
      scale = fixp:"1";
      name = str:"ROOT NonAccum";
      translation = xpoint3:"0,0,0";
      rotation = {
        0 = xpoint3:"1,0,0";
        1 = xpoint3:"0,1,0";
        2 = xpoint3:"0,0,1";
      }
      #0 = {
        scale = fixp:"1";
        name = str:"Bone01";
        translation = xpoint3:"-0.28275203704833984375,162.962799072265625,128.760833740234375";
        rotation = {
          0 = xpoint3:"0,0,-1";
          1 = xpoint3:"-0.654719829559326171875,0.75587165355682373046875,0";
          2 = xpoint3:"0.75587165355682373046875,0.654719829559326171875,0";
        }
        #0 = {
          scale = fixp:"1";
          name = str:"Bone02";
          translation = xpoint3:"164.803680419921875,0,0";
          rotation = {
            0 = xpoint3:"0.950706064701080322265625,0.31009352207183837890625,0";
            1 = xpoint3:"-0.31009352207183837890625,0.950706064701080322265625,0";
            2 = xpoint3:"0,0,1";
          }
          #0 = {
            scale = fixp:"1";
            name = str:"Bone03";
            translation = xpoint3:"155.9815521240234375,0,0";
            rotation = {
              0 = xpoint3:"0.81387031078338623046875,0.581046581268310546875,0";
              1 = xpoint3:"-0.581046581268310546875,0.81387031078338623046875,0";
              2 = xpoint3:"0,0,1";
            }
            #0 = {
              scale = fixp:"1";
              name = str:"Bone04";
              translation = xpoint3:"142.2765045166015625,0,0";
              rotation = {
                0 = xpoint3:"0.763550221920013427734375,0.645748436450958251953125,0";
                1 = xpoint3:"-0.645748436450958251953125,0.763550221920013427734375,0";
                2 = xpoint3:"0,0,1";
              }
              #0 = {
                scale = fixp:"1";
                name = str:"Bone05";
                translation = xpoint3:"134.5038604736328125,0,0";
                rotation = {
                  0 = xpoint3:"0.996817052364349365234375,0.079722978174686431884765625,0";
                  1 = xpoint3:"-0.079722978174686431884765625,0.996817052364349365234375,0";
                  2 = xpoint3:"0,0,1";
                }
                #0 = {
                  scale = fixp:"1";
                  name = str:"Bone06";
                  translation = xpoint3:"120.66190338134765625,0,0";
                  rotation = {
                    0 = xpoint3:"0.8475019931793212890625,-0.530792176723480224609375,0";
                    1 = xpoint3:"0.530792176723480224609375,0.8475019931793212890625,0";
                    2 = xpoint3:"0,0,1";
                  }
                  #0 = {
                    scale = fixp:"1";
                    name = str:"Bone07";
                    translation = xpoint3:"124.30481719970703125,0,0";
                    rotation = {
                      0 = xpoint3:"0.9313259124755859375,-0.364186763763427734375,0";
                      1 = xpoint3:"0.364186763763427734375,0.9313259124755859375,0";
                      2 = xpoint3:"0,0,1";
                    }
                    #0 = {
                      scale = fixp:"1";
                      name = str:"Bone08";
                      translation = xpoint3:"90.774627685546875,0,0";
                      rotation = {
                        0 = xpoint3:"0.986670315265655517578125,-0.16273184120655059814453125,0";
                        1 = xpoint3:"0.16273184120655059814453125,0.986670315265655517578125,0";
                        2 = xpoint3:"0,0,1";
                      }
                    }
                  }
                }
              }
              #1 = {
                scale = fixp:"1";
                name = str:"Bone19";
                translation = xpoint3:"-6.052771091461181640625,59.910793304443359375,0";
                rotation = {
                  0 = xpoint3:"0.08103358745574951171875,-0.996711432933807373046875,0";
                  1 = xpoint3:"0.996711432933807373046875,0.08103358745574951171875,0";
                  2 = xpoint3:"0,0,1";
                }
                #0 = {
                  scale = fixp:"1";
                  name = str:"Bone20";
                  translation = xpoint3:"35.43851470947265625,0,0";
                  rotation = {
                    0 = xpoint3:"0.996971547603607177734375,0.07776744663715362548828125,0";
                    1 = xpoint3:"-0.07776744663715362548828125,0.996971547603607177734375,0";
                    2 = xpoint3:"0,0,1";
                  }
                }
              }
              #2 = {
                scale = fixp:"1";
                name = str:"Bone22";
                translation = xpoint3:"104.68182373046875,-11.27260684967041015625,27.5900669097900390625";
                rotation = {
                  0 = xpoint3:"0.89993107318878173828125,0.4360322058200836181640625,0";
                  1 = xpoint3:"-0.4360322058200836181640625,0.89993107318878173828125,0";
                  2 = xpoint3:"0,0,1";
                }
                #0 = {
                  scale = fixp:"1";
                  name = str:"Bone23";
                  translation = xpoint3:"81.65386962890625,0,0";
                  rotation = {
                    0 = xpoint3:"0.88520586490631103515625,-0.4651995003223419189453125,0";
                    1 = xpoint3:"0.4651995003223419189453125,0.88520586490631103515625,0";
                    2 = xpoint3:"0,0,1";
                  }
                  #0 = {
                    scale = fixp:"1";
                    name = str:"Bone24";
                    translation = xpoint3:"81.19676971435546875,0,0";
                    rotation = {
                      0 = xpoint3:"0.927317321300506591796875,-0.374276101589202880859375,0";
                      1 = xpoint3:"0.374276101589202880859375,0.927317321300506591796875,0";
                      2 = xpoint3:"0,0,1";
                    }
                    #0 = {
                      scale = fixp:"1";
                      name = str:"Bone25";
                      translation = xpoint3:"87.492095947265625,0,0";
                      rotation = {
                        0 = xpoint3:"0.95814239978790283203125,-0.2862921059131622314453125,0";
                        1 = xpoint3:"0.2862921059131622314453125,0.95814239978790283203125,0";
                        2 = xpoint3:"0,0,1";
                      }
                    }
                  }
                }
              }
              #3 = {
                scale = fixp:"1";
                name = str:"Bone27";
                translation = xpoint3:"104.68182373046875,-11.27260589599609375,-29.7251796722412109375";
                rotation = {
                  0 = xpoint3:"0.89879739284515380859375,0.4383642971515655517578125,0";
                  1 = xpoint3:"-0.4383642971515655517578125,0.89879739284515380859375,0";
                  2 = xpoint3:"0,0,1";
                }
                #0 = {
                  scale = fixp:"1";
                  name = str:"Bone28";
                  translation = xpoint3:"81.65386962890625,0,0";
                  rotation = {
                    0 = xpoint3:"0.88520586490631103515625,-0.4651995003223419189453125,0";
                    1 = xpoint3:"0.4651995003223419189453125,0.88520586490631103515625,0";
                    2 = xpoint3:"0,0,1";
                  }
                  #0 = {
                    scale = fixp:"1";
                    name = str:"Bone29";
                    translation = xpoint3:"81.19677734375,0,0";
                    rotation = {
                      0 = xpoint3:"0.927317321300506591796875,-0.374276101589202880859375,0";
                      1 = xpoint3:"0.374276101589202880859375,0.927317321300506591796875,0";
                      2 = xpoint3:"0,0,1";
                    }
                    #0 = {
                      scale = fixp:"1";
                      name = str:"Bone30";
                      translation = xpoint3:"87.4920654296875,0,0";
                      rotation = {
                        0 = xpoint3:"0.95814239978790283203125,-0.2862921059131622314453125,0";
                        1 = xpoint3:"0.2862921059131622314453125,0.95814239978790283203125,0";
                        2 = xpoint3:"0,0,1";
                      }
                    }
                  }
                }
              }
            }
            #1 = {
              scale = fixp:"1";
              name = str:"Bone36";
              translation = xpoint3:"85.7493743896484375,-12.4082775115966796875,-61.9159088134765625";
              rotation = {
                0 = xpoint3:"0.11136750876903533935546875,-0.9935371875762939453125,0.0219327509403228759765625";
                1 = xpoint3:"-0.4990341663360595703125,-0.03682477772235870361328125,0.865799486637115478515625";
                2 = xpoint3:"-0.85939633846282958984375,-0.107367098331451416015625,-0.4999101161956787109375";
              }
            }
            #2 = {
              scale = fixp:"1";
              name = str:"Bone32";
              translation = xpoint3:"84.64847564697265625,-12.42589282989501953125,60.851703643798828125";
              rotation = {
                0 = xpoint3:"0.138196885585784912109375,0.9903469085693359375,-0.01070034503936767578125";
                1 = xpoint3:"-0.4559675157070159912109375,0.0732109844684600830078125,0.8869800567626953125";
                2 = xpoint3:"0.879201471805572509765625,-0.1176988780498504638671875,0.4616836011409759521484375";
              }
            }
            #3 = {
              scale = fixp:"1";
              name = str:"Dummy05";
              translation = xpoint3:"78.064544677734375,-120.6205902099609375,65.40103912353515625";
              rotation = {
                0 = xpoint3:"0.999872028827667236328125,-0.015998147428035736083984375,0";
                1 = xpoint3:"0.015998147428035736083984375,0.999872028827667236328125,0";
                2 = xpoint3:"0,0,1";
              }
            }
            #4 = {
              scale = fixp:"1";
              name = str:"Dummy06";
              translation = xpoint3:"76.05060577392578125,-118.9302825927734375,-65.17444610595703125";
              rotation = {
                0 = xpoint3:"0.999872028827667236328125,-0.015998147428035736083984375,0";
                1 = xpoint3:"0.015998147428035736083984375,0.999872028827667236328125,0";
                2 = xpoint3:"0,0,1";
              }
            }
            #5 = {
              scale = fixp:"1";
              name = str:"Dummy04";
              translation = xpoint3:"129.3520050048828125,-167.465545654296875,0";
              rotation = {
                0 = xpoint3:"0.999872028827667236328125,-0.01599816977977752685546875,0";
                1 = xpoint3:"0.01599816977977752685546875,0.999872028827667236328125,0";
                2 = xpoint3:"0,0,1";
              }
            }
            #6 = {
              scale = fixp:"1";
              name = str:"Dummy03";
              translation = xpoint3:"56.1976470947265625,-170.23370361328125,0";
              rotation = {
                0 = xpoint3:"0.999872028827667236328125,-0.015998147428035736083984375,0";
                1 = xpoint3:"0.015998147428035736083984375,0.999872028827667236328125,0";
                2 = xpoint3:"0,0,1";
              }
            }
            #7 = {
              scale = fixp:"1";
              name = str:"Dummy02";
              translation = xpoint3:"1.66640365123748779296875,-144.0284881591796875,0";
              rotation = {
                0 = xpoint3:"0.999872028827667236328125,-0.015998147428035736083984375,0";
                1 = xpoint3:"0.015998147428035736083984375,0.999872028827667236328125,0";
                2 = xpoint3:"0,0,1";
              }
            }
            #8 = {
              scale = fixp:"1";
              name = str:"Bone16";
              translation = xpoint3:"61.436553955078125,84.20590972900390625,0";
              rotation = {
                0 = xpoint3:"0.128615200519561767578125,-0.99169456958770751953125,0";
                1 = xpoint3:"0.99169456958770751953125,0.128615200519561767578125,0";
                2 = xpoint3:"0,0,1";
              }
              #0 = {
                scale = fixp:"1";
                name = str:"Bone17";
                translation = xpoint3:"77.15227508544921875,0,0";
                rotation = {
                  0 = xpoint3:"0.999774754047393798828125,0.02122242748737335205078125,0";
                  1 = xpoint3:"-0.02122242748737335205078125,0.999774754047393798828125,0";
                  2 = xpoint3:"0,0,1";
                }
              }
            }
          }
          #1 = {
            scale = fixp:"1";
            name = str:"Bone38";
            translation = xpoint3:"125.73712158203125,-18.475337982177734375,-71.82540130615234375";
            rotation = {
              0 = xpoint3:"-0.245467960834503173828125,-0.85754215717315673828125,0.45206940174102783203125";
              1 = xpoint3:"-0.2213766574859619140625,0.50360214710235595703125,0.835091114044189453125";
              2 = xpoint3:"-0.943789005279541015625,0.1049105226993560791015625,-0.313458025455474853515625";
            }
          }
          #2 = {
            scale = fixp:"1";
            name = str:"Bone34";
            translation = xpoint3:"122.4755401611328125,-16.422821044921875,71.31171417236328125";
            rotation = {
              0 = xpoint3:"-0.1852822601795196533203125,0.860176563262939453125,0.4751491844654083251953125";
              1 = xpoint3:"-0.2738089263439178466796875,-0.50956237316131591796875,0.81570518016815185546875";
              2 = xpoint3:"0.94376862049102783203125,0.02103555202484130859375,0.329936802387237548828125";
            }
          }
          #3 = {
            scale = fixp:"1";
            name = str:"Bone10";
            translation = xpoint3:"12.9489498138427734375,95.5969696044921875,0";
            rotation = {
              0 = xpoint3:"0.031899869441986083984375,-0.99949109554290771484375,0";
              1 = xpoint3:"0.99949109554290771484375,0.031899869441986083984375,0";
              2 = xpoint3:"0,0,1";
            }
            #0 = {
              scale = fixp:"1";
              name = str:"Bone11";
              translation = xpoint3:"57.031551361083984375,0,0";
              rotation = {
                0 = xpoint3:"0.994477212429046630859375,0.104952909052371978759765625,0";
                1 = xpoint3:"-0.104952909052371978759765625,0.994477212429046630859375,0";
                2 = xpoint3:"0,0,1";
              }
            }
          }
          #4 = {
            scale = fixp:"1";
            name = str:"Bone13";
            translation = xpoint3:"134.43670654296875,93.49729156494140625,0";
            rotation = {
              0 = xpoint3:"0.177239358425140380859375,-0.9841678142547607421875,0";
              1 = xpoint3:"0.9841678142547607421875,0.177239358425140380859375,0";
              2 = xpoint3:"0,0,1";
            }
            #0 = {
              scale = fixp:"1";
              name = str:"Bone14";
              translation = xpoint3:"68.64459991455078125,0,0";
              rotation = {
                0 = xpoint3:"0.999247610569000244140625,-0.0387836284935474395751953125,0";
                1 = xpoint3:"0.0387836284935474395751953125,0.999247610569000244140625,0";
                2 = xpoint3:"0,0,1";
              }
            }
          }
        }
        #1 = {
          scale = fixp:"1";
          name = str:"Dummy07";
          translation = xpoint3:"143.4981842041015625,-98.63941192626953125,0";
          rotation = {
            0 = xpoint3:"0.64221990108489990234375,0.76652038097381591796875,0";
            1 = xpoint3:"-0.76652038097381591796875,0.64221990108489990234375,0";
            2 = xpoint3:"0,0,1";
          }
        }
        #2 = {
          scale = fixp:"1";
          name = str:"Dummy08";
          translation = xpoint3:"87.83831024169921875,-117.22566986083984375,0";
          rotation = {
            0 = xpoint3:"0.64221990108489990234375,0.76652038097381591796875,0";
            1 = xpoint3:"-0.76652038097381591796875,0.64221990108489990234375,0";
            2 = xpoint3:"0,0,1";
          }
        }
        #3 = {
          scale = fixp:"1";
          name = str:"Dummy09";
          translation = xpoint3:"41.17630767822265625,-138.4733734130859375,0";
          rotation = {
            0 = xpoint3:"0.64221990108489990234375,0.76652038097381591796875,0";
            1 = xpoint3:"-0.76652038097381591796875,0.64221990108489990234375,0";
            2 = xpoint3:"0,0,1";
          }
        }
      }
    }
  }
}