model = {
  file = str:"data\models\units\judge\judge.nif";
  animation = {
    loop = fixp:"0";
    duration = fixp:"13";
  }
  #0 = {
    scale = fixp:"1";
    name = str:"ROOT";
    translation = xpoint3:"0,0,0";
    rotation = {
      0 = xpoint3:"1,0,0";
      1 = xpoint3:"0,1,0";
      2 = xpoint3:"0,0,1";
    }
    #2 = {
      scale = fixp:"1";
      name = str:"ROOT NonAccum";
      translation = xpoint3:"0,0,0";
      rotation = {
        0 = xpoint3:"1,0,0";
        1 = xpoint3:"0,1,0";
        2 = xpoint3:"0,0,1";
      }
      #0 = {
        scale = fixp:"1";
        name = str:"Bip01";
        translation = xpoint3:"0,-6.269459247589111328125,99.31136322021484375";
        rotation = {
          0 = xpoint3:"0,0.999999940395355224609375,0";
          1 = xpoint3:"-0.999999940395355224609375,0,0";
          2 = xpoint3:"0,0,1";
        }
        #0 = {
          scale = fixp:"1";
          name = str:"Bip01 Pelvis01";
          translation = xpoint3:"0,0,0";
          rotation = {
            0 = xpoint3:"0.0647626221179962158203125,0.9979007244110107421875,0";
            1 = xpoint3:"0,0,1";
            2 = xpoint3:"0.997900664806365966796875,-0.064762592315673828125,0";
          }
          #0 = {
            scale = fixp:"1";
            name = str:"Bip01 R Thigh01";
            translation = xpoint3:"0,0,-9.8070545196533203125";
            rotation = {
              0 = xpoint3:"-0.97723805904388427734375,0.14991469681262969970703125,0.14022232592105865478515625";
              1 = xpoint3:"0.11754737794399261474609375,0.969328105449676513671875,-0.21573390066623687744140625";
              2 = xpoint3:"-0.16828347742557525634765625,-0.19463835656642913818359375,-0.964855134487152099609375";
            }
            #0 = {
              scale = fixp:"1";
              name = str:"Bip01 R Calf01";
              translation = xpoint3:"46.77264404296875,0,0";
              rotation = {
                0 = xpoint3:"0.930926382541656494140625,0.3650695383548736572265625,0";
                1 = xpoint3:"-0.3650695383548736572265625,0.930926382541656494140625,0";
                2 = xpoint3:"0,0,1";
              }
              #0 = {
                scale = fixp:"1";
                name = str:"Bip01 R Foot01";
                translation = xpoint3:"34.94608306884765625,0,0";
                rotation = {
                  0 = xpoint3:"0.9531071186065673828125,-0.28751146793365478515625,0.094105727970600128173828125";
                  1 = xpoint3:"0.27128207683563232421875,0.949959456920623779296875,0.15463016927242279052734375";
                  2 = xpoint3:"-0.1338834464550018310546875,-0.121826119720935821533203125,0.98346817493438720703125";
                }
                #0 = {
                  scale = fixp:"1";
                  name = str:"Bip01 R Toe03";
                  translation = xpoint3:"22.4850521087646484375,28.937282562255859375,0";
                  rotation = {
                    0 = xpoint3:"0,-0.9992744922637939453125,0";
                    1 = xpoint3:"0.9992744922637939453125,0,0";
                    2 = xpoint3:"0,0,1";
                  }
                  #0 = {
                    scale = fixp:"1";
                    name = str:"Bip01 R Toe04";
                    translation = xpoint3:"1.47105515003204345703125,0,0";
                    rotation = {
                      0 = xpoint3:"1,0,0";
                      1 = xpoint3:"0,1,0";
                      2 = xpoint3:"0,0,1";
                    }
                    #0 = {
                      scale = fixp:"1";
                      name = str:"Bip01 R Toe05";
                      translation = xpoint3:"1.4710581302642822265625,0,0";
                      rotation = {
                        0 = xpoint3:"1,0,0";
                        1 = xpoint3:"0,1,0";
                        2 = xpoint3:"0,0,1";
                      }
                    }
                  }
                }
                #1 = {
                  scale = fixp:"1";
                  name = str:"pt_foot";
                  translation = xpoint3:"15.273555755615234375,10.10852336883544921875,0.3080585002899169921875";
                  rotation = {
                    0 = xpoint3:"0,0,-1";
                    1 = xpoint3:"0,-1,0";
                    2 = xpoint3:"-1,0,0";
                  }
                }
                #2 = {
                  scale = fixp:"1";
                  name = str:"pt_footprint02";
                  translation = xpoint3:"22.3494739532470703125,10.188129425048828125,0.01811674796044826507568359375";
                  rotation = {
                    0 = xpoint3:"-0.0408905856311321258544921875,0.01141254417598247528076171875,-0.999098479747772216796875";
                    1 = xpoint3:"-0.00450029782950878143310546875,-0.999926745891571044921875,-0.011237819679081439971923828125";
                    2 = xpoint3:"-0.99915349483489990234375,0.004036719910800457000732421875,0.0409389473497867584228515625";
                  }
                }
              }
            }
          }
          #1 = {
            scale = fixp:"1";
            name = str:"Bip01 L Thigh01";
            translation = xpoint3:"0,0,9.80704975128173828125";
            rotation = {
              0 = xpoint3:"-0.97696244716644287109375,0.1465580463409423828125,-0.14558945596218109130859375";
              1 = xpoint3:"0.114516846835613250732421875,0.9713649749755859375,0.20807325839996337890625";
              2 = xpoint3:"0.17193441092967987060546875,0.186893880367279052734375,-0.96574151515960693359375";
            }
            #0 = {
              scale = fixp:"1";
              name = str:"Bip01 L Calf01";
              translation = xpoint3:"46.77265167236328125,0,0";
              rotation = {
                0 = xpoint3:"0.93383872509002685546875,0.35756015777587890625,0";
                1 = xpoint3:"-0.35756015777587890625,0.93383872509002685546875,0";
                2 = xpoint3:"0,0,1";
              }
              #0 = {
                scale = fixp:"1";
                name = str:"Bip01 L Foot01";
                translation = xpoint3:"34.946102142333984375,0,0";
                rotation = {
                  0 = xpoint3:"0.95521700382232666015625,-0.2816564142704010009765625,-0.090361416339874267578125";
                  1 = xpoint3:"0.2659427225589752197265625,0.951504528522491455078125,-0.15441249310970306396484375";
                  2 = xpoint3:"0.129498958587646484375,0.12344400584697723388671875,0.983853757381439208984375";
                }
                #0 = {
                  scale = fixp:"1";
                  name = str:"Bip01 L Toe03";
                  translation = xpoint3:"22.4850673675537109375,28.9372959136962890625,0";
                  rotation = {
                    0 = xpoint3:"0,-0.9992744922637939453125,0";
                    1 = xpoint3:"0.9992744922637939453125,0,0";
                    2 = xpoint3:"0,0,1";
                  }
                  #0 = {
                    scale = fixp:"1";
                    name = str:"Bip01 L Toe04";
                    translation = xpoint3:"1.47106111049652099609375,0,0";
                    rotation = {
                      0 = xpoint3:"1,0,0";
                      1 = xpoint3:"0,1,0";
                      2 = xpoint3:"0,0,1";
                    }
                    #0 = {
                      scale = fixp:"1";
                      name = str:"Bip01 L Toe05";
                      translation = xpoint3:"1.47105586528778076171875,0,0";
                      rotation = {
                        0 = xpoint3:"1,0,0";
                        1 = xpoint3:"0,1,0";
                        2 = xpoint3:"0,0,1";
                      }
                    }
                  }
                }
                #1 = {
                  scale = fixp:"1";
                  name = str:"pt_foot@#0";
                  translation = xpoint3:"15.3070735931396484375,10.10049152374267578125,-0.2158396244049072265625";
                  rotation = {
                    0 = xpoint3:"0,0,-1";
                    1 = xpoint3:"0,-1,0";
                    2 = xpoint3:"-1,0,0";
                  }
                }
                #2 = {
                  scale = fixp:"1";
                  name = str:"pt_footprint01";
                  translation = xpoint3:"22.3331508636474609375,10.2007846832275390625,0.16778551042079925537109375";
                  rotation = {
                    0 = xpoint3:"0.05222521722316741943359375,0,-0.998635351657867431640625";
                    1 = xpoint3:"0,-1,0";
                    2 = xpoint3:"-0.998635351657867431640625,0,-0.05222521722316741943359375";
                  }
                }
              }
            }
          }
          #2 = {
            scale = fixp:"1";
            name = str:"Bip01 Spine02";
            translation = xpoint3:"11.25312900543212890625,-0.750669062137603759765625,0";
            rotation = {
              0 = xpoint3:"0.99786388874053955078125,0.065325357019901275634765625,0";
              1 = xpoint3:"-0.065325342118740081787109375,0.9978640079498291015625,0";
              2 = xpoint3:"0,0,0.999999821186065673828125";
            }
            #0 = {
              scale = fixp:"1";
              name = str:"Bip01 Spine03";
              translation = xpoint3:"25.4967594146728515625,0.014417552389204502105712890625,-0.0143536813557147979736328125";
              rotation = {
                0 = xpoint3:"0.997070729732513427734375,0.07648284733295440673828125,0";
                1 = xpoint3:"-0.0764828622341156005859375,0.99707090854644775390625,0";
                2 = xpoint3:"0,0,0.999999821186065673828125";
              }
              #0 = {
                scale = fixp:"1";
                name = str:"Bip01 R Clavicle01";
                translation = xpoint3:"25.4983425140380859375,0,-3.43245697021484375";
                rotation = {
                  0 = xpoint3:"-0.1946265995502471923828125,0,-0.980877220630645751953125";
                  1 = xpoint3:"-0.161889255046844482421875,-0.9862601757049560546875,0.0329115092754364013671875";
                  2 = xpoint3:"-0.967425763607025146484375,0.16519890725612640380859375,0.1918251216411590576171875";
                }
                #0 = {
                  scale = fixp:"1";
                  name = str:"Bip01 R UpperArm01";
                  translation = xpoint3:"24.15253448486328125,0,0";
                  rotation = {
                    0 = xpoint3:"0.675347626209259033203125,0.288949489593505859375,-0.678190708160400390625";
                    1 = xpoint3:"-0.20744518935680389404296875,0.957299172878265380859375,0.2012034952640533447265625";
                    2 = xpoint3:"0.70739018917083740234375,0.004954688251018524169921875,0.706504523754119873046875";
                  }
                  #0 = {
                    scale = fixp:"1";
                    name = str:"Bip01 R Forearm01";
                    translation = xpoint3:"23.540752410888671875,0,0";
                    rotation = {
                      0 = xpoint3:"0.138364732265472412109375,0.989749908447265625,0";
                      1 = xpoint3:"-0.989749908447265625,0.138364732265472412109375,0";
                      2 = xpoint3:"0,0,1";
                    }
                    #0 = {
                      scale = fixp:"1";
                      name = str:"Bip01 R Hand01";
                      translation = xpoint3:"29.4211292266845703125,0,0";
                      rotation = {
                        0 = xpoint3:"0.4972581565380096435546875,-0.858447551727294921875,-0.12277019023895263671875";
                        1 = xpoint3:"-0.1395846307277679443359375,0.0612333714962005615234375,-0.98762547969818115234375";
                        2 = xpoint3:"0.8558743000030517578125,0.50789356231689453125,-0.0891215801239013671875";
                      }
                      #0 = {
                        scale = fixp:"1";
                        name = str:"Bip01 R Finger03";
                        translation = xpoint3:"1.8600177764892578125,2.904770374298095703125,5.97843456268310546875";
                        rotation = {
                          0 = xpoint3:"0.225573956966400146484375,0.87646543979644775390625,-0.425352573394775390625";
                          1 = xpoint3:"0.1996333301067352294921875,0.385755598545074462890625,0.9007437229156494140625";
                          2 = xpoint3:"0.95355284214019775390625,-0.28809893131256103515625,-0.08795535564422607421875";
                        }
                        #0 = {
                          scale = fixp:"1";
                          name = str:"Bip01 R Finger04";
                          translation = xpoint3:"5.248243808746337890625,0,0";
                          rotation = {
                            0 = xpoint3:"0.6897122859954833984375,-0.72408354282379150390625,0";
                            1 = xpoint3:"0.72408354282379150390625,0.6897122859954833984375,0";
                            2 = xpoint3:"0,0,1";
                          }
                        }
                      }
                      #1 = {
                        scale = fixp:"1";
                        name = str:"Bip01 R Finger05";
                        translation = xpoint3:"8.511798858642578125,0.822768628597259521484375,6.11260986328125";
                        rotation = {
                          0 = xpoint3:"0.722155392169952392578125,0.0534460246562957763671875,-0.689662992954254150390625";
                          1 = xpoint3:"0.18681432306766510009765625,0.9448940753936767578125,0.26884114742279052734375";
                          2 = xpoint3:"0.666027009487152099609375,-0.322984039783477783203125,0.6723759174346923828125";
                        }
                        #0 = {
                          scale = fixp:"1";
                          name = str:"Bip01 R Finger06";
                          translation = xpoint3:"5.52564907073974609375,0,0";
                          rotation = {
                            0 = xpoint3:"0.783448040485382080078125,-0.621457278728485107421875,0";
                            1 = xpoint3:"0.621457278728485107421875,0.783448040485382080078125,0";
                            2 = xpoint3:"0,0,1";
                          }
                        }
                      }
                      #2 = {
                        scale = fixp:"1";
                        name = str:"Bip01 R Finger07";
                        translation = xpoint3:"12.92024517059326171875,0.688899815082550048828125,0.230825901031494140625";
                        rotation = {
                          0 = xpoint3:"0.978353559970855712890625,-0.19709217548370361328125,0.063079357147216796875";
                          1 = xpoint3:"0.19596064090728759765625,0.98032510280609130859375,0.0237100124359130859375";
                          2 = xpoint3:"-0.066511332988739013671875,-0.010835707187652587890625,0.997726857662200927734375";
                        }
                        #0 = {
                          scale = fixp:"1";
                          name = str:"Bip01 R Finger08";
                          translation = xpoint3:"4.5175933837890625,0,0";
                          rotation = {
                            0 = xpoint3:"0.8583405017852783203125,-0.51308047771453857421875,0";
                            1 = xpoint3:"0.51308047771453857421875,0.8583405017852783203125,0";
                            2 = xpoint3:"0,0,1";
                          }
                        }
                      }
                      #3 = {
                        scale = fixp:"1";
                        name = str:"Bone_Gun";
                        translation = xpoint3:"17.0921535491943359375,9.65342044830322265625,15.62359619140625";
                        rotation = {
                          0 = xpoint3:"0.98427021503448486328125,-0.1640413105487823486328125,-0.0654201209545135498046875";
                          1 = xpoint3:"0.1588075459003448486328125,0.984176218509674072265625,-0.07845000922679901123046875";
                          2 = xpoint3:"0.07726256549358367919921875,0.06681835651397705078125,0.99476540088653564453125";
                        }
                        #0 = {
                          scale = fixp:"1";
                          name = str:"Bone_gun02";
                          translation = xpoint3:"104.369140625,0,0";
                          rotation = {
                            0 = xpoint3:"1,0,0";
                            1 = xpoint3:"0,1,0";
                            2 = xpoint3:"0,0,1";
                          }
                          #0 = {
                            scale = fixp:"1";
                            name = str:"pt_shoot_1";
                            translation = xpoint3:"-3.1295108795166015625,-1.53311789035797119140625,4.32094097137451171875";
                            rotation = {
                              0 = xpoint3:"0,-1,0";
                              1 = xpoint3:"1,0,0";
                              2 = xpoint3:"0,0,1";
                            }
                          }
                        }
                      }
                      #4 = {
                        scale = fixp:"1";
                        name = str:"pt_hand";
                        translation = xpoint3:"6.222053050994873046875,0.716067492961883544921875,-0.2723143994808197021484375";
                        rotation = {
                          0 = xpoint3:"1,0,0";
                          1 = xpoint3:"0,1,0";
                          2 = xpoint3:"0,0,1";
                        }
                      }
                    }
                  }
                }
              }
              #1 = {
                scale = fixp:"1";
                name = str:"Bip01 L Clavicle01";
                translation = xpoint3:"25.4983367919921875,0,3.4324743747711181640625";
                rotation = {
                  0 = xpoint3:"-0.19462628662586212158203125,0,0.98087704181671142578125";
                  1 = xpoint3:"-0.1618941724300384521484375,-0.986258924007415771484375,-0.0329127013683319091796875";
                  2 = xpoint3:"0.96742475032806396484375,-0.1652039587497711181640625,0.19182501733303070068359375";
                }
                #0 = {
                  scale = fixp:"1";
                  name = str:"Bip01 L UpperArm01";
                  translation = xpoint3:"24.152530670166015625,0,0";
                  rotation = {
                    0 = xpoint3:"0.440266311168670654296875,0.59494876861572265625,0.67185509204864501953125";
                    1 = xpoint3:"-0.18125821650028228759765625,0.79227578639984130859375,-0.58235991001129150390625";
                    2 = xpoint3:"-0.878919124603271484375,0.13428904116153717041015625,0.4568144381046295166015625";
                  }
                  #0 = {
                    scale = fixp:"1";
                    name = str:"Bip01 L Forearm01";
                    translation = xpoint3:"23.540771484375,0,0";
                    rotation = {
                      0 = xpoint3:"0.439752876758575439453125,0.897666037082672119140625,0";
                      1 = xpoint3:"-0.897666037082672119140625,0.439752876758575439453125,0";
                      2 = xpoint3:"0,0,1";
                    }
                    #0 = {
                      scale = fixp:"1";
                      name = str:"Bip01 L Hand01";
                      translation = xpoint3:"29.421154022216796875,0,0";
                      rotation = {
                        0 = xpoint3:"0.98757731914520263671875,0.1491533219814300537109375,-0.049257226288318634033203125";
                        1 = xpoint3:"0.1112942993640899658203125,-0.8843557834625244140625,-0.450326621532440185546875";
                        2 = xpoint3:"-0.110844783484935760498046875,0.43924224376678466796875,-0.88996469974517822265625";
                      }
                      #0 = {
                        scale = fixp:"1";
                        name = str:"Bip01 L Finger03";
                        translation = xpoint3:"12.92024135589599609375,0.688908398151397705078125,-0.23081924021244049072265625";
                        rotation = {
                          0 = xpoint3:"0.978353559970855712890625,-0.19709224998950958251953125,-0.06307925283908843994140625";
                          1 = xpoint3:"0.19596074521541595458984375,0.980325043201446533203125,-0.0237095355987548828125";
                          2 = xpoint3:"0.06651113927364349365234375,0.010835252702236175537109375,0.997726857662200927734375";
                        }
                        #0 = {
                          scale = fixp:"1";
                          name = str:"Bip01 L Finger08";
                          translation = xpoint3:"4.517604351043701171875,0,0";
                          rotation = {
                            0 = xpoint3:"0.858340561389923095703125,-0.5130803585052490234375,0";
                            1 = xpoint3:"0.5130803585052490234375,0.858340561389923095703125,0";
                            2 = xpoint3:"0,0,1";
                          }
                        }
                      }
                      #1 = {
                        scale = fixp:"1";
                        name = str:"Bip01 L Finger04";
                        translation = xpoint3:"1.86002337932586669921875,2.904778003692626953125,-5.978443145751953125";
                        rotation = {
                          0 = xpoint3:"0.22557424008846282958984375,0.876465320587158203125,0.4253523051738739013671875";
                          1 = xpoint3:"0.1996328830718994140625,0.38575565814971923828125,-0.9007437229156494140625";
                          2 = xpoint3:"-0.953552722930908203125,0.2880988419055938720703125,-0.0879547595977783203125";
                        }
                        #0 = {
                          scale = fixp:"1";
                          name = str:"Bip01 L Finger05";
                          translation = xpoint3:"5.248241424560546875,0,0";
                          rotation = {
                            0 = xpoint3:"0.689712226390838623046875,-0.72408354282379150390625,0";
                            1 = xpoint3:"0.72408354282379150390625,0.689712226390838623046875,0";
                            2 = xpoint3:"0,0,1";
                          }
                        }
                      }
                      #2 = {
                        scale = fixp:"1";
                        name = str:"Bip01 L Finger06";
                        translation = xpoint3:"8.51179599761962890625,0.822776973247528076171875,-6.1126155853271484375";
                        rotation = {
                          0 = xpoint3:"0.72215557098388671875,0.053446710109710693359375,0.68966281414031982421875";
                          1 = xpoint3:"0.18681393563747406005859375,0.94489395618438720703125,-0.268841803073883056640625";
                          2 = xpoint3:"-0.66602694988250732421875,0.322984218597412109375,0.672375857830047607421875";
                        }
                        #0 = {
                          scale = fixp:"1";
                          name = str:"Bip01 L Finger07";
                          translation = xpoint3:"5.5256557464599609375,0,0";
                          rotation = {
                            0 = xpoint3:"0.783447921276092529296875,-0.621457397937774658203125,0";
                            1 = xpoint3:"0.621457397937774658203125,0.783447921276092529296875,0";
                            2 = xpoint3:"0,0,1";
                          }
                        }
                      }
                      #3 = {
                        scale = fixp:"1";
                        name = str:"pt_hand@#1";
                        translation = xpoint3:"6.09017848968505859375,0.61480605602264404296875,0.179023921489715576171875";
                        rotation = {
                          0 = xpoint3:"1,0,0";
                          1 = xpoint3:"0,1,0";
                          2 = xpoint3:"0,0,1";
                        }
                      }
                    }
                  }
                }
              }
              #2 = {
                scale = fixp:"1";
                name = str:"Bip01 Neck01";
                translation = xpoint3:"25.498348236083984375,-0.0058577596209943294525146484375,0";
                rotation = {
                  0 = xpoint3:"1,0,0";
                  1 = xpoint3:"0,1,0";
                  2 = xpoint3:"0,0,1";
                }
              }
              #3 = {
                scale = fixp:"1";
                name = str:"Bip01 Head01";
                translation = xpoint3:"32.853626251220703125,-0.005858025513589382171630859375,0";
                rotation = {
                  0 = xpoint3:"0.99702775478363037109375,-0.0770433247089385986328125,0";
                  1 = xpoint3:"0.0770433247089385986328125,0.99702775478363037109375,0";
                  2 = xpoint3:"0,0,1";
                }
                #0 = {
                  scale = fixp:"1";
                  name = str:"Dummy01";
                  translation = xpoint3:"10.68989658355712890625,1.2786579132080078125,0";
                  rotation = {
                    0 = xpoint3:"0,0,1";
                    1 = xpoint3:"0,-1,0";
                    2 = xpoint3:"1,0,0";
                  }
                }
                #1 = {
                  scale = fixp:"1";
                  name = str:"pt_top";
                  translation = xpoint3:"49.9117279052734375,1.2786715030670166015625,0";
                  rotation = {
                    0 = xpoint3:"0,0,1";
                    1 = xpoint3:"0,-1,0";
                    2 = xpoint3:"1,0,0";
                  }
                }
                #2 = {
                  scale = fixp:"1";
                  name = str:"Bone01";
                  translation = xpoint3:"33.904605865478515625,5.256900787353515625,0";
                  rotation = {
                    0 = xpoint3:"-0.1625156402587890625,-0.98670589923858642578125,0";
                    1 = xpoint3:"-0.98670589923858642578125,0.162515699863433837890625,0";
                    2 = xpoint3:"0,0,-0.999999940395355224609375";
                  }
                  #0 = {
                    scale = fixp:"1";
                    name = str:"Bone02";
                    translation = xpoint3:"26.4436244964599609375,0,0";
                    rotation = {
                      0 = xpoint3:"0.7334387302398681640625,-0.679755508899688720703125,0";
                      1 = xpoint3:"0.679755508899688720703125,0.7334387302398681640625,0";
                      2 = xpoint3:"0,0,1";
                    }
                    #0 = {
                      scale = fixp:"1";
                      name = str:"Bone03";
                      translation = xpoint3:"14.76699066162109375,0,0";
                      rotation = {
                        0 = xpoint3:"0.921246051788330078125,-0.388980388641357421875,0";
                        1 = xpoint3:"0.388980388641357421875,0.921246051788330078125,0";
                        2 = xpoint3:"0,0,1";
                      }
                      #0 = {
                        scale = fixp:"1";
                        name = str:"Bone04";
                        translation = xpoint3:"11.91358280181884765625,0,0";
                        rotation = {
                          0 = xpoint3:"0.993927001953125,-0.1100415289402008056640625,0";
                          1 = xpoint3:"0.1100415289402008056640625,0.993927001953125,0";
                          2 = xpoint3:"0,0,1";
                        }
                        #0 = {
                          scale = fixp:"1";
                          name = str:"Bone05";
                          translation = xpoint3:"15.3680877685546875,0,0";
                          rotation = {
                            0 = xpoint3:"0.9877889156341552734375,-0.15579800307750701904296875,0";
                            1 = xpoint3:"0.15579800307750701904296875,0.9877889156341552734375,0";
                            2 = xpoint3:"0,0,1";
                          }
                          #0 = {
                            scale = fixp:"1";
                            name = str:"Bone06";
                            translation = xpoint3:"25.171539306640625,0,0";
                            rotation = {
                              0 = xpoint3:"1,0,0";
                              1 = xpoint3:"0,1,0";
                              2 = xpoint3:"0,0,1";
                            }
                          }
                        }
                      }
                    }
                  }
                }
                #3 = {
                  scale = fixp:"1";
                  name = str:"Bone19";
                  translation = xpoint3:"37.073680877685546875,4.931768894195556640625,0.00997436977922916412353515625";
                  rotation = {
                    0 = xpoint3:"-0.18546640872955322265625,-0.98265063762664794921875,0";
                    1 = xpoint3:"-0.98265063762664794921875,0.185466349124908447265625,0";
                    2 = xpoint3:"0,0,-1";
                  }
                }
              }
              #4 = {
                scale = fixp:"1";
                name = str:"IK Chain03";
                translation = xpoint3:"-14.18519306182861328125,24.3847408294677734375,24.810337066650390625";
                rotation = {
                  0 = xpoint3:"0,0.0264429934322834014892578125,0.998924553394317626953125";
                  1 = xpoint3:"0,-0.998198926448822021484375,0.0264429934322834014892578125";
                  2 = xpoint3:"0.999274432659149169921875,0,0";
                }
                #0 = {
                  scale = fixp:"1";
                  name = str:"IK Chain07";
                  translation = xpoint3:"44.875202178955078125,-28.660106658935546875,-15.335887908935546875";
                  rotation = {
                    0 = xpoint3:"1,0,0";
                    1 = xpoint3:"0,1,0";
                    2 = xpoint3:"0,0,1";
                  }
                }
              }
              #5 = {
                scale = fixp:"1";
                name = str:"IK Chain04";
                translation = xpoint3:"-0.17984430491924285888671875,28.238414764404296875,-38.50350189208984375";
                rotation = {
                  0 = xpoint3:"0,0.0264429934322834014892578125,0.998924553394317626953125";
                  1 = xpoint3:"0,-0.998198926448822021484375,0.0264429934322834014892578125";
                  2 = xpoint3:"0.999274432659149169921875,0,0";
                }
              }
              #6 = {
                scale = fixp:"1";
                name = str:"Point02";
                translation = xpoint3:"10.11796855926513671875,-38.341655731201171875,-36.78679656982421875";
                rotation = {
                  0 = xpoint3:"0,0.0265451185405254364013671875,0.999647676944732666015625";
                  1 = xpoint3:"0,-0.999647796154022216796875,0.0265451185405254364013671875";
                  2 = xpoint3:"1.00000011920928955078125,0,0";
                }
              }
              #7 = {
                scale = fixp:"1";
                name = str:"Point01";
                translation = xpoint3:"12.1876983642578125,-43.354724884033203125,51.391147613525390625";
                rotation = {
                  0 = xpoint3:"0,0.0265451185405254364013671875,0.999647676944732666015625";
                  1 = xpoint3:"0,-0.999647796154022216796875,0.0265451185405254364013671875";
                  2 = xpoint3:"1.00000011920928955078125,0,0";
                }
              }
              #8 = {
                scale = fixp:"1";
                name = str:"Line01";
                translation = xpoint3:"26.8633899688720703125,-0.56171309947967529296875,0.20271964371204376220703125";
                rotation = {
                  0 = xpoint3:"0,0.02643125317990779876708984375,0.999650657176971435546875";
                  1 = xpoint3:"0,-0.999650657176971435546875,0.02643125317990779876708984375";
                  2 = xpoint3:"1,0,0";
                }
              }
              #9 = {
                scale = fixp:"1";
                name = str:"pt_chest ";
                translation = xpoint3:"9.64498138427734375,11.63591861724853515625,0";
                rotation = {
                  0 = xpoint3:"0,0.077043794095516204833984375,0.997027695178985595703125";
                  1 = xpoint3:"0,-0.997027695178985595703125,0.077043794095516204833984375";
                  2 = xpoint3:"1,0,0";
                }
              }
              #10 = {
                scale = fixp:"1";
                name = str:"Bone13";
                translation = xpoint3:"46.23664093017578125,-14.232379913330078125,-12.55897808074951171875";
                rotation = {
                  0 = xpoint3:"-0.8520748615264892578125,-0.5232279300689697265625,0.0141778402030467987060546875";
                  1 = xpoint3:"-0.5231554508209228515625,0.852192819118499755859375,0.008705445565283298492431640625";
                  2 = xpoint3:"-0.01663718558847904205322265625,0,-0.99986159801483154296875";
                }
                #0 = {
                  scale = fixp:"1";
                  name = str:"Bone14";
                  translation = xpoint3:"35.42504119873046875,0,0";
                  rotation = {
                    0 = xpoint3:"0.844728946685791015625,-0.525209128856658935546875,-0.1028997004032135009765625";
                    1 = xpoint3:"0.521539747714996337890625,0.85097217559814453125,-0.061989128589630126953125";
                    2 = xpoint3:"0.1201220452785491943359375,-0.001302279531955718994140625,0.992758274078369140625";
                  }
                  #0 = {
                    scale = fixp:"1";
                    name = str:"Bone15";
                    translation = xpoint3:"34.551723480224609375,0,0";
                    rotation = {
                      0 = xpoint3:"0.998202502727508544921875,0.0595219768583774566650390625,-0.0069891433231532573699951171875";
                      1 = xpoint3:"-0.0596483163535594940185546875,0.998028457164764404296875,-0.01952682249248027801513671875";
                      2 = xpoint3:"0.0058130887337028980255126953125,0.01990861259400844573974609375,0.999784886837005615234375";
                    }
                    #0 = {
                      scale = fixp:"1";
                      name = str:"Bone16";
                      translation = xpoint3:"37.870574951171875,0,0";
                      rotation = {
                        0 = xpoint3:"0.997917234897613525390625,-0.0319245792925357818603515625,0.056053675711154937744140625";
                        1 = xpoint3:"0.0323411040008068084716796875,0.999455511569976806640625,-0.006539293564856052398681640625";
                        2 = xpoint3:"-0.055814392864704132080078125,0.008338510990142822265625,0.998406350612640380859375";
                      }
                      #0 = {
                        scale = fixp:"1";
                        name = str:"Bone17";
                        translation = xpoint3:"29.067295074462890625,0,0";
                        rotation = {
                          0 = xpoint3:"0.98980200290679931640625,0.1424444019794464111328125,-0.0012619756162166595458984375";
                          1 = xpoint3:"-0.1424350738525390625,0.98978769779205322265625,0.0057024178095161914825439453125";
                          2 = xpoint3:"0.00206136540509760379791259765625,-0.0054645151831209659576416015625,0.99998295307159423828125";
                        }
                        #0 = {
                          scale = fixp:"1";
                          name = str:"Bone18";
                          translation = xpoint3:"26.0947895050048828125,0,0";
                          rotation = {
                            0 = xpoint3:"1,0,0";
                            1 = xpoint3:"0,1,0";
                            2 = xpoint3:"0,0,1";
                          }
                        }
                      }
                    }
                  }
                }
              }
              #11 = {
                scale = fixp:"1";
                name = str:"Bone07";
                translation = xpoint3:"46.23662567138671875,-14.23240184783935546875,11.98916339874267578125";
                rotation = {
                  0 = xpoint3:"-0.84624087810516357421875,-0.520968914031982421875,-0.111659206449985504150390625";
                  1 = xpoint3:"-0.51649188995361328125,0.853575646877288818359375,-0.068151950836181640625";
                  2 = xpoint3:"0.13081462681293487548828125,0,-0.991406857967376708984375";
                }
                #0 = {
                  scale = fixp:"1";
                  name = str:"Bone08";
                  translation = xpoint3:"35.425048828125,0,0";
                  rotation = {
                    0 = xpoint3:"0.839477062225341796875,-0.542269885540008544921875,-0.034952394664287567138671875";
                    1 = xpoint3:"0.541418492794036865234375,0.840172708034515380859375,-0.0312394537031650543212890625";
                    2 = xpoint3:"0.046306259930133819580078125,0.007300932891666889190673828125,0.998900592327117919921875";
                  }
                  #0 = {
                    scale = fixp:"1";
                    name = str:"Bone09";
                    translation = xpoint3:"34.551727294921875,0,0";
                    rotation = {
                      0 = xpoint3:"0.997101724147796630859375,0.07555975019931793212890625,0.008878034539520740509033203125";
                      1 = xpoint3:"-0.0756454765796661376953125,0.997087061405181884765625,0.00975263305008411407470703125";
                      2 = xpoint3:"-0.008115266449749469757080078125,-0.010395951569080352783203125,0.999913036823272705078125";
                    }
                    #0 = {
                      scale = fixp:"1";
                      name = str:"Bone10";
                      translation = xpoint3:"37.8705902099609375,0,0";
                      rotation = {
                        0 = xpoint3:"0.998558819293975830078125,0.0536361150443553924560546875,-0.00186276785098016262054443359375";
                        1 = xpoint3:"-0.0536398030817508697509765625,0.998558342456817626953125,-0.00199031946249306201934814453125";
                        2 = xpoint3:"0.00175332953222095966339111328125,0.00208736932836472988128662109375,0.99999630451202392578125";
                      }
                      #0 = {
                        scale = fixp:"1";
                        name = str:"Bone11";
                        translation = xpoint3:"29.0673007965087890625,0,0";
                        rotation = {
                          0 = xpoint3:"0.998095452785491943359375,0.0616796873509883880615234375,0.00103206769563257694244384765625";
                          1 = xpoint3:"-0.0616811625659465789794921875,0.998094856739044189453125,0.001465964131057262420654296875";
                          2 = xpoint3:"0,-0.00152683141641318798065185546875,0.999998390674591064453125";
                        }
                        #0 = {
                          scale = fixp:"1";
                          name = str:"Bone12";
                          translation = xpoint3:"26.0947971343994140625,0,0";
                          rotation = {
                            0 = xpoint3:"1,0,0";
                            1 = xpoint3:"0,1,0";
                            2 = xpoint3:"0,0,1";
                          }
                        }
                      }
