model = {
  file = str:"data\models\units\assassin\assassin.nif";
  animation = {
    loop = fixp:"0";
    duration = fixp:"16.666667938232421875";
  }
  #0 = {
    scale = fixp:"1";
    name = str:"default";
    translation = xpoint3:"0,-0.00921535491943359375,8.1690673828125";
    rotation = {
      0 = xpoint3:"1,0,0";
      1 = xpoint3:"0,1,0";
      2 = xpoint3:"0,0,1";
    }
  }
  #1 = {
    scale = fixp:"1";
    name = str:"ROOT";
    translation = xpoint3:"0,0,0";
    rotation = {
      0 = xpoint3:"1,0,0";
      1 = xpoint3:"0,0,-0.999999940395355224609375";
      2 = xpoint3:"0,0.999999940395355224609375,0";
    }
    #7 = {
      scale = fixp:"1";
      name = str:"ROOT NonAccum";
      translation = xpoint3:"0,0,0";
      rotation = {
        0 = xpoint3:"1,0,0";
        1 = xpoint3:"0,1,0";
        2 = xpoint3:"0,0,1";
      }
      #0 = {
        scale = fixp:"1";
        name = str:"Bip01";
        translation = xpoint3:"13.25066375732421875,97.7161865234375,-7.80532932281494140625";
        rotation = {
          0 = xpoint3:"-0.64278781414031982421875,0.76604425907135009765625,0";
          1 = xpoint3:"0,0,1";
          2 = xpoint3:"0.76604425907135009765625,0.64278781414031982421875,0";
        }
        #0 = {
          scale = fixp:"1";
          name = str:"Bip01 Pelvis";
          translation = xpoint3:"0,0,0";
          rotation = {
            0 = xpoint3:"0,1,0";
            1 = xpoint3:"0,0,0.999999940395355224609375";
            2 = xpoint3:"1,0,0";
          }
          #0 = {
            scale = fixp:"1";
            name = str:"Bip01 R Thigh";
            translation = xpoint3:"0,0,-9.18681430816650390625";
            rotation = {
              0 = xpoint3:"-0.95463001728057861328125,0.17737038433551788330078125,0.233204782009124755859375";
              1 = xpoint3:"0.10675658285617828369140625,0.952142536640167236328125,-0.286283433437347412109375";
              2 = xpoint3:"-0.272851169109344482421875,-0.24878691136837005615234375,-0.92782509326934814453125";
            }
            #0 = {
              scale = fixp:"1";
              name = str:"Bip01 R Calf";
              translation = xpoint3:"45.934116363525390625,0,0";
              rotation = {
                0 = xpoint3:"0.90005314350128173828125,0.4356136620044708251953125,0";
                1 = xpoint3:"-0.4356136620044708251953125,0.90005314350128173828125,0";
                2 = xpoint3:"0,0,1";
              }
              #0 = {
                scale = fixp:"1";
                name = str:"Bip01 R Foot";
                translation = xpoint3:"39.28202056884765625,0,0";
                rotation = {
                  0 = xpoint3:"0.971184194087982177734375,-0.23824210464954376220703125,0";
                  1 = xpoint3:"0.23809154331684112548828125,0.970511734485626220703125,0.03710259497165679931640625";
                  2 = xpoint3:"-0.00847716815769672393798828125,-0.0361231863498687744140625,0.999310910701751708984375";
                }
                #0 = {
                  scale = fixp:"1";
                  name = str:"Bip01 R Toe";
                  translation = xpoint3:"15.0835056304931640625,19.6761951446533203125,-0.76695346832275390625";
                  rotation = {
                    0 = xpoint3:"0,-0.9992744922637939453125,0";
                    1 = xpoint3:"0.9992744922637939453125,0,0";
                    2 = xpoint3:"0,0,1";
                  }
                }
                #1 = {
                  scale = fixp:"1";
                  name = str:"pt_foot";
                  translation = xpoint3:"11.17416286468505859375,5.3551006317138671875,0.123082734644412994384765625";
                  rotation = {
                    0 = xpoint3:"0.999988615512847900390625,0,-0.0047371708787977695465087890625";
                    1 = xpoint3:"0,0.99999105930328369140625,0.0041794464923441410064697265625";
                    2 = xpoint3:"0.0047346581704914569854736328125,-0.0041822926141321659088134765625,0.999980032444000244140625";
                  }
                }
                #2 = {
                  scale = fixp:"1";
                  name = str:"pt_footprint02";
                  translation = xpoint3:"16.3383846282958984375,5.378612041473388671875,0.0564974732697010040283203125";
                  rotation = {
                    0 = xpoint3:"0.99999272823333740234375,0,-0.00378359295427799224853515625";
                    1 = xpoint3:"0,0.999994456768035888671875,0.00329350284300744533538818359375";
                    2 = xpoint3:"0.00378193892538547515869140625,-0.00329540227539837360382080078125,0.999987423419952392578125";
                  }
                }
              }
            }
          }
          #1 = {
            scale = fixp:"1";
            name = str:"Bip01 L Thigh";
            translation = xpoint3:"0,0,9.186817169189453125";
            rotation = {
              0 = xpoint3:"-0.875927865505218505859375,0.4626363813877105712890625,-0.126473486423492431640625";
              1 = xpoint3:"0.2425686419010162353515625,0.655730068683624267578125,0.714618027210235595703125";
              2 = xpoint3:"0.413749217987060546875,0.596226513385772705078125,-0.68620586395263671875";
            }
            #0 = {
              scale = fixp:"1";
              name = str:"Bip01 L Calf";
              translation = xpoint3:"45.934108734130859375,0,0";
              rotation = {
                0 = xpoint3:"0.87704765796661376953125,0.48021757602691650390625,0";
                1 = xpoint3:"-0.48021757602691650390625,0.87704765796661376953125,0";
                2 = xpoint3:"0,0,1";
              }
              #0 = {
                scale = fixp:"1";
                name = str:"Bip01 L Foot";
                translation = xpoint3:"39.282016754150390625,0,0";
                rotation = {
                  0 = xpoint3:"0.999073565006256103515625,0.013226064853370189666748046875,-0.040935821831226348876953125";
                  1 = xpoint3:"-0.016536615788936614990234375,0.996528685092926025390625,-0.081560380756855010986328125";
                  2 = xpoint3:"0.03971411287784576416015625,0.082162193953990936279296875,0.995824337005615234375";
                }
                #0 = {
                  scale = fixp:"1";
                  name = str:"Bip01 L Toe";
                  translation = xpoint3:"15.08350658416748046875,19.676197052001953125,0.7669441699981689453125";
                  rotation = {
                    0 = xpoint3:"0,-0.9992744922637939453125,0";
                    1 = xpoint3:"0.9992744922637939453125,0,0";
                    2 = xpoint3:"0,0,1";
                  }
                }
                #1 = {
                  scale = fixp:"1";
                  name = str:"pt_foot@#0";
                  translation = xpoint3:"11.18533611297607421875,5.4538974761962890625,-0.02950766868889331817626953125";
                  rotation = {
                    0 = xpoint3:"0.999999523162841796875,0,0";
                    1 = xpoint3:"0,0.999999582767486572265625,0";
                    2 = xpoint3:"0,0,0.99999916553497314453125";
                  }
                }
                #2 = {
                  scale = fixp:"1";
                  name = str:"pt_footprint01";
                  translation = xpoint3:"16.287769317626953125,5.409614086151123046875,-0.05720615386962890625";
                  rotation = {
                    0 = xpoint3:"0.999992668628692626953125,0,0.0037753325887024402618408203125";
                    1 = xpoint3:"0,0.99999439716339111328125,-0.0032959594391286373138427734375";
                    2 = xpoint3:"-0.0037773200310766696929931640625,0.0032936814241111278533935546875,0.999987423419952392578125";
                  }
                }
              }
            }
          }
          #2 = {
            scale = fixp:"1";
            name = str:"Bip01 Spine";
            translation = xpoint3:"10.5648479461669921875,-0.01902415417134761810302734375,0";
            rotation = {
              0 = xpoint3:"0.999142706394195556640625,-0.041398651897907257080078125,0";
              1 = xpoint3:"0.041398651897907257080078125,0.999142706394195556640625,0";
              2 = xpoint3:"0,0,1";
            }
            #0 = {
              scale = fixp:"1";
              name = str:"Bip01 Spine@#1";
              translation = xpoint3:"23.8857059478759765625,-0.0190182738006114959716796875,0";
              rotation = {
                0 = xpoint3:"0.9959027767181396484375,0.09043014049530029296875,0";
                1 = xpoint3:"-0.09043014049530029296875,0.9959027767181396484375,0";
                2 = xpoint3:"0,0,1";
              }
              #0 = {
                scale = fixp:"1";
                name = str:"Bip01 R Clavicle";
                translation = xpoint3:"23.885730743408203125,0,-3.2153918743133544921875";
                rotation = {
                  0 = xpoint3:"-0.3735754787921905517578125,0,-0.927599489688873291015625";
                  1 = xpoint3:"-0.2748424112796783447265625,-0.95500576496124267578125,0.111470393836498260498046875";
                  2 = xpoint3:"-0.885947525501251220703125,0.2965862751007080078125,0.3565579354763031005859375";
                }
                #0 = {
                  scale = fixp:"1";
                  name = str:"Bip01 R UpperArm";
                  translation = xpoint3:"20.0629901885986328125,0,0";
                  rotation = {
                    0 = xpoint3:"0.769575893878936767578125,0.3317593634128570556640625,-0.54530203342437744140625";
                    1 = xpoint3:"-0.520175993442535400390625,0.82113707065582275390625,-0.23428903520107269287109375";
                    2 = xpoint3:"0.3699128627777099609375,0.464122951030731201171875,0.804655730724334716796875";
                  }
                  #0 = {
                    scale = fixp:"1";
                    name = str:"Bip01 R Forearm";
                    translation = xpoint3:"25.3528499603271484375,0,0";
                    rotation = {
                      0 = xpoint3:"0.0314209461212158203125,0.9988029003143310546875,0";
                      1 = xpoint3:"-0.9988029003143310546875,0.0314209461212158203125,0";
                      2 = xpoint3:"0,0,1";
                    }
                    #0 = {
                      scale = fixp:"1";
                      name = str:"Bip01 R Hand";
                      translation = xpoint3:"23.531528472900390625,0,0";
                      rotation = {
                        0 = xpoint3:"0.597857773303985595703125,-0.801020562648773193359375,0.0186674296855926513671875";
                        1 = xpoint3:"-0.471188366413116455078125,-0.369167804718017578125,-0.799818456172943115234375";
                        2 = xpoint3:"0.6480462551116943359375,0.469141900539398193359375,-0.59801566600799560546875";
                      }
                      #0 = {
                        scale = fixp:"1";
                        name = str:"Bip01 R Finger";
                        translation = xpoint3:"4.275989532470703125,2.10685443878173828125,5.11443328857421875";
                        rotation = {
                          0 = xpoint3:"0.607824742794036865234375,0.77246296405792236328125,-0.1839835345745086669921875";
                          1 = xpoint3:"0.2012833654880523681640625,0.074248902499675750732421875,0.976714909076690673828125";
                          2 = xpoint3:"0.7681367397308349609375,-0.630704343318939208984375,-0.1103536188602447509765625";
                        }
                        #0 = {
                          scale = fixp:"1";
                          name = str:"Bip01 R Finger@#2";
                          translation = xpoint3:"2.870882511138916015625,0,0";
                          rotation = {
                            0 = xpoint3:"0.877371609210968017578125,-0.4798115193843841552734375,0";
                            1 = xpoint3:"0.4798115193843841552734375,0.877371609210968017578125,0";
                            2 = xpoint3:"0,0,1";
                          }
                          #0 = {
                            scale = fixp:"1";
                            name = str:"Bip01 R Finger@#3";
                            translation = xpoint3:"2.870885372161865234375,0,0";
                            rotation = {
                              0 = xpoint3:"1,0,0";
                              1 = xpoint3:"0,1,0";
                              2 = xpoint3:"0,0,1";
                            }
                          }
                        }
                      }
                      #1 = {
                        scale = fixp:"1";
                        name = str:"Bip01 R Finger06";
                        translation = xpoint3:"9.86550617218017578125,0.3714338243007659912109375,4.724584102630615234375";
                        rotation = {
                          0 = xpoint3:"0.97511136531829833984375,-0.18125438690185546875,-0.12768961489200592041015625";
                          1 = xpoint3:"0.1841371953487396240234375,0.982838451862335205078125,0.011046134866774082183837890625";
                          2 = xpoint3:"0.12349610030651092529296875,-0.0342836193740367889404296875,0.991752684116363525390625";
                        }
                        #0 = {
                          scale = fixp:"1";
                          name = str:"Bip01 R Finger07";
                          translation = xpoint3:"3.445058345794677734375,0,0";
                          rotation = {
                            0 = xpoint3:"1,0,0";
                            1 = xpoint3:"0,1,0";
                            2 = xpoint3:"0,0,1";
                          }
                          #0 = {
                            scale = fixp:"1";
                            name = str:"Bip01 R Finger08";
                            translation = xpoint3:"3.44505786895751953125,0,0";
                            rotation = {
                              0 = xpoint3:"0.70710670948028564453125,-0.7071068286895751953125,0";
                              1 = xpoint3:"0.7071068286895751953125,0.70710670948028564453125,0";
                              2 = xpoint3:"0,0,1";
                            }
                          }
                        }
                      }
                      #2 = {
                        scale = fixp:"1";
                        name = str:"Bip01 R Finger09";
                        translation = xpoint3:"11.49540424346923828125,0.2333724796772003173828125,-0.3885721862316131591796875";
                        rotation = {
                          0 = xpoint3:"0.968935906887054443359375,-0.24731202423572540283203125,0";
                          1 = xpoint3:"0.24731193482875823974609375,0.96893560886383056640625,0";
                          2 = xpoint3:"0,0,0.999999701976776123046875";
                        }
                        #0 = {
                          scale = fixp:"1";
                          name = str:"Bip01 R Finger10";
                          translation = xpoint3:"2.8708865642547607421875,0,0";
                          rotation = {
                            0 = xpoint3:"0.342020094394683837890625,-0.939692676067352294921875,0";
                            1 = xpoint3:"0.939692676067352294921875,0.342020094394683837890625,0";
                            2 = xpoint3:"0,0,1";
                          }
                          #0 = {
                            scale = fixp:"1";
                            name = str:"Bip01 R Finger13";
                            translation = xpoint3:"2.870880603790283203125,0,0";
                            rotation = {
                              0 = xpoint3:"0.70710670948028564453125,-0.7071068286895751953125,0";
                              1 = xpoint3:"0.7071068286895751953125,0.70710670948028564453125,0";
                              2 = xpoint3:"0,0,1";
                            }
                          }
                        }
                      }
                      #3 = {
                        scale = fixp:"1";
                        name = str:"Bone_Gun";
                        translation = xpoint3:"11.1647167205810546875,7.967314243316650390625,8.54398345947265625";
                        rotation = {
                          0 = xpoint3:"0.4129436314105987548828125,-0.18102417886257171630859375,-0.892584860324859619140625";
                          1 = xpoint3:"-0.626347720623016357421875,0.655042231082916259765625,-0.42262065410614013671875";
                          2 = xpoint3:"0.661185324192047119140625,0.7335870265960693359375,0.1571114361286163330078125";
                        }
                        #0 = {
                          scale = fixp:"1";
                          name = str:"Bone07";
                          translation = xpoint3:"93.0286712646484375,0,0";
                          rotation = {
                            0 = xpoint3:"1,0,0";
                            1 = xpoint3:"0,1,0";
                            2 = xpoint3:"0,0,1";
                          }
                        }
                        #1 = {
                          scale = fixp:"1";
                          name = str:"pt_shoot_1";
                          translation = xpoint3:"93.02867889404296875,0,0";
                          rotation = {
                            0 = xpoint3:"0.0103058852255344390869140625,-0.99909412860870361328125,0.0412873961031436920166015625";
                            1 = xpoint3:"0,0.04128657281398773193359375,0.99914729595184326171875";
                            2 = xpoint3:"-0.9999468326568603515625,-0.010309114120900630950927734375,0";
                          }
                        }
                      }
                      #4 = {
                        scale = fixp:"1";
                        name = str:"pt_hand";
                        translation = xpoint3:"0,0,0";
                        rotation = {
                          0 = xpoint3:"-0.734790146350860595703125,0.101708829402923583984375,-0.670625627040863037109375";
                          1 = xpoint3:"0.676313459873199462890625,0.18536777794361114501953125,-0.71290874481201171875";
                          2 = xpoint3:"0.051803268492221832275390625,-0.9773914813995361328125,-0.20499347150325775146484375";
                        }
                      }
                    }
                    #1 = {
                      scale = fixp:"1";
                      name = str:"Dummy09";
                      translation = xpoint3:"15.29728984832763671875,-3.0186827182769775390625,-6.66180706024169921875";
                      rotation = {
                        0 = xpoint3:"-0.978584349155426025390625,0.09555326402187347412109375,-0.182324469089508056640625";
                        1 = xpoint3:"-0.16086690127849578857421875,0.19762556254863739013671875,0.966988086700439453125";
                        2 = xpoint3:"0.128430843353271484375,0.97560942173004150390625,-0.17802192270755767822265625";
                      }
                    }
                    #2 = {
                      scale = fixp:"1";
                      name = str:"Dummy08";
                      translation = xpoint3:"16.479351043701171875,-2.8346745967864990234375,-6.872882843017578125";
                      rotation = {
                        0 = xpoint3:"-0.978584110736846923828125,0.0955537259578704833984375,-0.1823245584964752197265625";
                        1 = xpoint3:"-0.1608668863773345947265625,0.197625696659088134765625,0.96698796749114990234375";
                        2 = xpoint3:"0.1284313201904296875,0.97560918331146240234375,-0.17802178859710693359375";
                      }
                    }
                    #3 = {
                      scale = fixp:"1";
                      name = str:"Dummy07";
                      translation = xpoint3:"18.1247005462646484375,-2.536225795745849609375,-6.9369354248046875";
                      rotation = {
                        0 = xpoint3:"-0.978584110736846923828125,0.0955537259578704833984375,-0.1823245584964752197265625";
                        1 = xpoint3:"-0.1608668863773345947265625,0.197625696659088134765625,0.96698796749114990234375";
                        2 = xpoint3:"0.1284313201904296875,0.97560918331146240234375,-0.17802178859710693359375";
                      }
                    }
                    #4 = {
                      scale = fixp:"1";
                      name = str:"Dummy06";
                      translation = xpoint3:"19.478710174560546875,-2.1551949977874755859375,-6.253983974456787109375";
                      rotation = {
                        0 = xpoint3:"-0.978584110736846923828125,0.0955537259578704833984375,-0.1823245584964752197265625";
                        1 = xpoint3:"-0.1608668863773345947265625,0.197625696659088134765625,0.96698796749114990234375";
                        2 = xpoint3:"0.1284313201904296875,0.97560918331146240234375,-0.17802178859710693359375";
                      }
                    }
                  }
                }
              }
              #1 = {
                scale = fixp:"1";
                name = str:"Bip01 L Clavicle";
                translation = xpoint3:"23.8857135772705078125,0,3.21539211273193359375";
                rotation = {
                  0 = xpoint3:"-0.37357532978057861328125,0,0.92759954929351806640625";
                  1 = xpoint3:"-0.2748470008373260498046875,-0.955004155635833740234375,-0.1114728450775146484375";
                  2 = xpoint3:"0.88594615459442138671875,-0.296591460704803466796875,0.35655701160430908203125";
                }
                #0 = {
                  scale = fixp:"1";
                  name = str:"Bip01 L UpperArm";
                  translation = xpoint3:"20.06298065185546875,0,0";
                  rotation = {
                    0 = xpoint3:"0.71646702289581298828125,0.466934144496917724609375,0.51791512966156005859375";
                    1 = xpoint3:"0.02491344511508941650390625,0.725305974483489990234375,-0.687685906887054443359375";
                    2 = xpoint3:"-0.696880817413330078125,0.505475103855133056640625,0.50807297229766845703125";
                  }
                  #0 = {
                    scale = fixp:"1";
                    name = str:"Bip01 L Forearm";
                    translation = xpoint3:"25.3528461456298828125,0,0";
                    rotation = {
                      0 = xpoint3:"0.62838184833526611328125,0.77755832672119140625,0";
                      1 = xpoint3:"-0.77755832672119140625,0.62838184833526611328125,0";
                      2 = xpoint3:"0,0,1";
                    }
                    #0 = {
                      scale = fixp:"1";
                      name = str:"Bip01 L Hand";
                      translation = xpoint3:"23.531524658203125,0,0";
                      rotation = {
                        0 = xpoint3:"0.996975243091583251953125,-0.07710732519626617431640625,0.00951035320758819580078125";
                        1 = xpoint3:"0.0121542625129222869873046875,0.2762257754802703857421875,0.960469305515289306640625";
                        2 = xpoint3:"-0.076734997332096099853515625,-0.957446277141571044921875,0.2763297259807586669921875";
                      }
                      #0 = {
                        scale = fixp:"1";
                        name = str:"Bip01 L Finger03";
                        translation = xpoint3:"4.27599430084228515625,2.1068782806396484375,-5.114430904388427734375";
                        rotation = {
                          0 = xpoint3:"0.6078250408172607421875,0.772462785243988037109375,0.1839837133884429931640625";
                          1 = xpoint3:"0.201283752918243408203125,0.07424862682819366455078125,-0.976714909076690673828125";
                          2 = xpoint3:"-0.768136501312255859375,0.630704700946807861328125,-0.1103540360927581787109375";
                        }
                        #0 = {
                          scale = fixp:"1";
                          name = str:"Bip01 L Finger04";
                          translation = xpoint3:"2.8708784580230712890625,0,0";
                          rotation = {
                            0 = xpoint3:"0.786191046237945556640625,-0.617983520030975341796875,0";
                            1 = xpoint3:"0.617983520030975341796875,0.786191046237945556640625,0";
                            2 = xpoint3:"0,0,1";
                          }
                          #0 = {
                            scale = fixp:"1";
                            name = str:"Bip01 L Finger05";
                            translation = xpoint3:"2.8708841800689697265625,0,0";
                            rotation = {
                              0 = xpoint3:"1,0,0";
                              1 = xpoint3:"0,1,0";
                              2 = xpoint3:"0,0,1";
                            }
                          }
                        }
                      }
                      #1 = {
                        scale = fixp:"1";
                        name = str:"Bip01 L Finger06";
                        translation = xpoint3:"9.865505218505859375,0.3714388906955718994140625,-4.724584102630615234375";
                        rotation = {
                          0 = xpoint3:"0.8855550289154052734375,-0.4466404020786285400390625,0.12768952548503875732421875";
                          1 = xpoint3:"0.4515685737133026123046875,0.8921680450439453125,-0.01104676723480224609375";
                          2 = xpoint3:"-0.10898657143115997314453125,0.0674431025981903076171875,0.991752684116363525390625";
                        }
                        #0 = {
                          scale = fixp:"1";
                          name = str:"Bip01 L Finger07";
                          translation = xpoint3:"3.4450538158416748046875,0,0";
                          rotation = {
                            0 = xpoint3:"0.8933732509613037109375,-0.4493153095245361328125,0";
                            1 = xpoint3:"0.4493153095245361328125,0.8933732509613037109375,0";
                            2 = xpoint3:"0,0,1";
                          }
                          #0 = {
                            scale = fixp:"1";
                            name = str:"Bip01 L Finger08";
                            translation = xpoint3:"3.445068836212158203125,0,0";
                            rotation = {
                              0 = xpoint3:"0.60252034664154052734375,-0.798103511333465576171875,0";
                              1 = xpoint3:"0.798103511333465576171875,0.60252034664154052734375,0";
                              2 = xpoint3:"0,0,1";
                            }
                          }
                        }
                      }
                      #2 = {
                        scale = fixp:"1";
                        name = str:"Bip01 L Finger09";
                        translation = xpoint3:"11.49541187286376953125,0.2333798110485076904296875,0.3885733187198638916015625";
                        rotation = {
                          0 = xpoint3:"0.794101297855377197265625,-0.607785403728485107421875,0";
                          1 = xpoint3:"0.607785403728485107421875,0.794100940227508544921875,0";
                          2 = xpoint3:"0,0,0.999999701976776123046875";
                        }
                        #0 = {
                          scale = fixp:"1";
                          name = str:"Bip01 L Finger10";
                          translation = xpoint3:"2.87088775634765625,0,0";
                          rotation = {
                            0 = xpoint3:"0.938218891620635986328125,-0.3460423648357391357421875,0";
                            1 = xpoint3:"0.3460423648357391357421875,0.938218891620635986328125,0";
                            2 = xpoint3:"0,0,1";
                          }
                          #0 = {
                            scale = fixp:"1";
                            name = str:"Bip01 L Finger13";
                            translation = xpoint3:"2.8708808422088623046875,0,0";
                            rotation = {
                              0 = xpoint3:"0.89729058742523193359375,-0.4414403438568115234375,0";
                              1 = xpoint3:"0.4414403438568115234375,0.89729058742523193359375,0";
                              2 = xpoint3:"0,0,1";
                            }
                          }
                        }
                      }
                      #3 = {
                        scale = fixp:"1";
                        name = str:"pt_hand@#4";
                        translation = xpoint3:"0,0,0";
                        rotation = {
                          0 = xpoint3:"0.77456188201904296875,0.101046569645404815673828125,-0.624374449253082275390625";
                          1 = xpoint3:"-0.630853354930877685546875,0.19456420838832855224609375,-0.751111686229705810546875";
                          2 = xpoint3:"0.0455836690962314605712890625,0.975671231746673583984375,0.2144475877285003662109375";
                        }
                      }
                    }
                    #1 = {
                      scale = fixp:"1";
                      name = str:"Dummy02";
                      translation = xpoint3:"13.89898777008056640625,-1.195938587188720703125,6.6813716888427734375";
                      rotation = {
                        0 = xpoint3:"0.9959545135498046875,-0.086003623902797698974609375,0.0260388962924480438232421875";
                        1 = xpoint3:"0,-0.285862386226654052734375,-0.958270728588104248046875";
                        2 = xpoint3:"0.08985827863216400146484375,0.954403579235076904296875,-0.284674227237701416015625";
                      }
                      #0 = {
                        scale = fixp:"1";
                        name = str:"Dummy03";
                        translation = xpoint3:"1.05142676830291748046875,-0.113611988723278045654296875,0";
                        rotation = {
                          0 = xpoint3:"1,0,0";
                          1 = xpoint3:"0,1,0";
                          2 = xpoint3:"0,0,1";
                        }
                        #0 = {
                          scale = fixp:"1";
                          name = str:"Dummy04";
                          translation = xpoint3:"1.34527981281280517578125,-0.18549732863903045654296875,0";
                          rotation = {
                            0 = xpoint3:"1,0,0";
                            1 = xpoint3:"0,1,0";
                            2 = xpoint3:"0,0,1";
                          }
                          #0 = {
                            scale = fixp:"1";
                            name = str:"Dummy05";
                            translation = xpoint3:"2.2387831211090087890625,-0.15353991091251373291015625,0";
                            rotation = {
                              0 = xpoint3:"1,0,0";
                              1 = xpoint3:"0,1,0";
                              2 = xpoint3:"0,0,1";
                            }
                          }
                        }
                      }
                    }
                  }
                }
              }
              #2 = {
                scale = fixp:"1";
                name = str:"Bip01 Neck";
                translation = xpoint3:"23.8895664215087890625,-0.0051122116856276988983154296875,0";
                rotation = {
                  0 = xpoint3:"0.800215065479278564453125,-0.599713146686553955078125,0";
                  1 = xpoint3:"0.599713146686553955078125,0.800215065479278564453125,0";
                  2 = xpoint3:"0,0,1";
                }
                #0 = {
                  scale = fixp:"1";
                  name = str:"Bip01 Head";
                  translation = xpoint3:"8.02336215972900390625,0,0";
                  rotation = {
                    0 = xpoint3:"0.783719956874847412109375,0.602352678775787353515625,-0.15150637924671173095703125";
                    1 = xpoint3:"-0.615690648555755615234375,0.72124469280242919921875,-0.317381680011749267578125";
                    2 = xpoint3:"-0.08190254867076873779296875,0.34201943874359130859375,0.93611681461334228515625";
                  }
                  #0 = {
                    scale = fixp:"1";
                    name = str:"pt_head";
                    translation = xpoint3:"10.2630596160888671875,0.94989299774169921875,-0.0381580181419849395751953125";
                    rotation = {
                      0 = xpoint3:"1,0,0";
                      1 = xpoint3:"0,1,0";
                      2 = xpoint3:"0,0,1";
                    }
                  }
                }
              }
              #3 = {
                scale = fixp:"1";
                name = str:"Bone04";
                translation = xpoint3:"31.122165679931640625,-0.0058800876140594482421875,14.5511112213134765625";
                rotation = {
                  0 = xpoint3:"-0.652800977230072021484375,0.7575290203094482421875,0";
                  1 = xpoint3:"0,0,0.999999701976776123046875";
                  2 = xpoint3:"0.75752925872802734375,0.652801215648651123046875,0";
                }
              }
              #4 = {
                scale = fixp:"1";
                name = str:"Bone06";
                translation = xpoint3:"32.363010406494140625,-0.006795813329517841339111328125,-13.98823070526123046875";
                rotation = {
                  0 = xpoint3:"-0.63722646236419677734375,-0.77067625522613525390625,0";
                  1 = xpoint3:"0,0,0.999999701976776123046875";
                  2 = xpoint3:"-0.770676553249359130859375,0.637226641178131103515625,0";
                }
              }
              #5 = {
                scale = fixp:"1";
                name = str:"Bone01";
                translation = xpoint3:"31.0339412689208984375,-12.9501781463623046875,0.00373895303346216678619384765625";
                rotation = {
                  0 = xpoint3:"-0.821763515472412109375,-0.567503988742828369140625,0";
                  1 = xpoint3:"-0.567503988742828369140625,0.823214828968048095703125,0";
                  2 = xpoint3:"0,0,-0.998548686504364013671875";
                }
                #0 = {
                  scale = fixp:"1";
                  name = str:"Bone02";
                  translation = xpoint3:"17.45810699462890625,0,0";
                  rotation = {
                    0 = xpoint3:"0.8025875091552734375,-0.5962941646575927734375,0";
                    1 = xpoint3:"0.5962941646575927734375,0.8025875091552734375,0";
                    2 = xpoint3:"0,0,1";
                  }
                  #0 = {
                    scale = fixp:"1";
                    name = str:"Bone03";
                    translation = xpoint3:"27.881633758544921875,0,0";
                    rotation = {
                      0 = xpoint3:"1,0,0";
                      1 = xpoint3:"0,1,0";
                      2 = xpoint3:"0,0,1";
                    }
                  }
                }
              }
              #6 = {
                scale = fixp:"1";
                name = str:"IK Chain02";
                translation = xpoint3:"13.01735782623291015625,22.3808650970458984375,-42.05303955078125";
                rotation = {
                  0 = xpoint3:"0,-0.038066565990447998046875,0.9985492229461669921875";
                  1 = xpoint3:"0,-0.9978237152099609375,-0.038066565990447998046875";
                  2 = xpoint3:"0.9992744922637939453125,0,0";
                }
              }
              #7 = {
                scale = fixp:"1";
                name = str:"IK Chain01";
                translation = xpoint3:"-25.696086883544921875,4.813060283660888671875,29.236446380615234375";
                rotation = {
                  0 = xpoint3:"0,-0.038066565990447998046875,0.9985492229461669921875";
                  1 = xpoint3:"0,-0.9978237152099609375,-0.038066565990447998046875";
                  2 = xpoint3:"0.9992744922637939453125,0,0";
                }
              }
              #8 = {
                scale = fixp:"1";
                name = str:"IK Chain03";
                translation = xpoint3:"-11.19951915740966796875,-21.8771610260009765625,0.00373068428598344326019287109375";
                rotation = {
                  0 = xpoint3:"0,-0.038066565990447998046875,0.9985492229461669921875";
                  1 = xpoint3:"0,-0.9978237152099609375,-0.038066565990447998046875";
                  2 = xpoint3:"0.9992744922637939453125,0,0";
                }
              }
            }
            #1 = {
              scale = fixp:"1";
              name = str:"pt_chest ";
              translation = xpoint3:"22.55877685546875,0.07342694699764251708984375,0.0221710093319416046142578125";
              rotation = {
                0 = xpoint3:"0.999999701976776123046875,0,0";
                1 = xpoint3:"0,0.997027456760406494140625,-0.07704465091228485107421875";
                2 = xpoint3:"0,0.077044963836669921875,0.997027456760406494140625";
              }
            }
          }
        }
        #1 = {
          scale = fixp:"1";
          name = str:"pt_cast";
          translation = xpoint3:"30.5143413543701171875,-2.990346431732177734375,20.4861087799072265625";
          rotation = {
            0 = xpoint3:"-0.10029964148998260498046875,0.994957268238067626953125,0";
            1 = xpoint3:"-0.994957268238067626953125,-0.10029964148998260498046875,0";
            2 = xpoint3:"0,0,1";
          }
        }
        #2 = {
          scale = fixp:"1";
          name = str:"pt_center";
          translation = xpoint3:"1.2345225811004638671875,0.1515297591686248779296875,11.4937915802001953125";
          rotation = {
            0 = xpoint3:"-0.100299812853336334228515625,0.994957268238067626953125,0";
            1 = xpoint3:"-0.994957268238067626953125,-0.100299812853336334228515625,0";
            2 = xpoint3:"0,0,1";
          }
        }
      }
      #1 = {
        scale = fixp:"1";
        name = str:"Point02";
        translation = xpoint3:"29.72435760498046875,110.25244140625,100.910888671875";
        rotation = {
          0 = xpoint3:"1,0,0";
          1 = xpoint3:"0,1,0";
          2 = xpoint3:"0,0,1";
        }
      }
      #2 = {
        scale = fixp:"1";
        name = str:"Point01";
        translation = xpoint3:"-95.1886138916015625,109.1831207275390625,55.077709197998046875";
        rotation = {
          0 = xpoint3:"1,0,0";
          1 = xpoint3:"0,1,0";
          2 = xpoint3:"0,0,1";
        }
      }
      #3 = {
        scale = fixp:"1";
        name = str:"Point04";
        translation = xpoint3:"-61.691043853759765625,130.7456817626953125,-19.6411495208740234375";
        rotation = {
          0 = xpoint3:"1,0,0";
          1 = xpoint3:"0,1,0";
          2 = xpoint3:"0,0,1";
        }
      }
      #4 = {
        scale = fixp:"1";
        name = str:"Point03";
        translation = xpoint3:"83.71477508544921875,90.39418792724609375,0.388603508472442626953125";
        rotation = {
          0 = xpoint3:"1,0,0";
          1 = xpoint3:"0,1,0";
          2 = xpoint3:"0,0,1";
        }
      }
      #5 = {
        scale = fixp:"1";
        name = str:"pt_ground";
        translation = xpoint3:"0,0,0";
        rotation = {
          0 = xpoint3:"1,0,0";
          1 = xpoint3:"0,0,1";
          2 = xpoint3:"0,-1,0";
        }
      }
      #6 = {
        scale = fixp:"1";
        name = str:"pt_aim";
        translation = xpoint3:"-18.0303974151611328125,156.032958984375,-6.86158466339111328125";
        rotation = {
          0 = xpoint3:"1,0,0";
