model = {
  file = str:"data\models\units\greenskinwild\greenskin.nif";
  animation = {
    loop = fixp:"0";
    duration = fixp:"9.16666698455810546875";
  }
  #0 = {
    scale = fixp:"1";
    name = str:"green_skin";
    translation = xpoint3:"0,-10.8768768310546875,111.69454193115234375";
    rotation = {
      0 = xpoint3:"1,0,0";
      1 = xpoint3:"0,1,0";
      2 = xpoint3:"0,0,1";
    }
  }
  #1 = {
    scale = fixp:"1";
    name = str:"ROOT";
    translation = xpoint3:"0,0,0";
    rotation = {
      0 = xpoint3:"1,0,0";
      1 = xpoint3:"0,1,0";
      2 = xpoint3:"0,0,1";
    }
    #2 = {
      scale = fixp:"1";
      name = str:"ROOT NonAccum";
      translation = xpoint3:"0,0,0";
      rotation = {
        0 = xpoint3:"1,0,0";
        1 = xpoint3:"0,1,0";
        2 = xpoint3:"0,0,1";
      }
      #0 = {
        scale = fixp:"1";
        name = str:"Bip01";
        translation = xpoint3:"0,4.40194606781005859375,66.4392547607421875";
        rotation = {
          0 = xpoint3:"0,1,0";
          1 = xpoint3:"-1,0,0";
          2 = xpoint3:"0,0,1";
        }
        #0 = {
          scale = fixp:"1";
          name = str:"Bip02 Pelvis01";
          translation = xpoint3:"0,0,0";
          rotation = {
            0 = xpoint3:"0.538232266902923583984375,0.807438373565673828125,0.241555869579315185546875";
            1 = xpoint3:"0,-0.2866123616695404052734375,0.95804655551910400390625";
            2 = xpoint3:"0.842796504497528076171875,-0.5156514644622802734375,-0.1542641818523406982421875";
          }
          #0 = {
            scale = fixp:"1";
            name = str:"Bip02 Spine03";
            translation = xpoint3:"11.45826244354248046875,-0.0144600458443164825439453125,0";
            rotation = {
              0 = xpoint3:"0.938968479633331298828125,-0.2212871611118316650390625,-0.2633822858333587646484375";
              1 = xpoint3:"0.251214087009429931640625,0.964144527912139892578125,0.0855384767055511474609375";
              2 = xpoint3:"0.23501002788543701171875,-0.1464832723140716552734375,0.9608917236328125";
            }
            #0 = {
              scale = fixp:"1";
              name = str:"Bip02 Spine04";
              translation = xpoint3:"18.4423122406005859375,-0.014660875312983989715576171875,0";
              rotation = {
                0 = xpoint3:"0.904017031192779541015625,-0.4273917376995086669921875,0.009464674629271030426025390625";
                1 = xpoint3:"0.4259895980358123779296875,0.902466833591461181640625,0.063925333321094512939453125";
                2 = xpoint3:"-0.0358627140522003173828125,-0.0537577383220195770263671875,0.9979097843170166015625";
              }
              #0 = {
                scale = fixp:"1";
                name = str:"Bip02 Spine05";
                translation = xpoint3:"18.7037029266357421875,-0.0187036879360675811767578125,0";
                rotation = {
                  0 = xpoint3:"0.9680268764495849609375,-0.22733576595783233642578125,0.106029987335205078125";
                  1 = xpoint3:"0.22598405182361602783203125,0.973816454410552978515625,0.02475397102534770965576171875";
                  2 = xpoint3:"-0.1088812053203582763671875,0,0.9940547943115234375";
                }
                #0 = {
                  scale = fixp:"1";
                  name = str:"Bip02 Neck02";
                  translation = xpoint3:"25.5856952667236328125,2.572498321533203125,0";
                  rotation = {
                    0 = xpoint3:"0.9776647090911865234375,0.210170805454254150390625,0";
                    1 = xpoint3:"-0.210170805454254150390625,0.9776647090911865234375,0";
                    2 = xpoint3:"0,0,1";
                  }
                  #0 = {
                    scale = fixp:"1";
                    name = str:"Bip02 Neck03";
                    translation = xpoint3:"6.627902507781982421875,-0.0065143890678882598876953125,0";
                    rotation = {
                      0 = xpoint3:"0.9040591716766357421875,0.4274073541164398193359375,0";
                      1 = xpoint3:"-0.4274073541164398193359375,0.9040591716766357421875,0";
                      2 = xpoint3:"0,0,1";
                    }
                    #0 = {
                      scale = fixp:"1";
                      name = str:"Bip02 Head01";
                      translation = xpoint3:"8.17218017578125,0,0";
                      rotation = {
                        0 = xpoint3:"0.937103450298309326171875,0.332649767398834228515625,0.1057412624359130859375";
                        1 = xpoint3:"-0.293763101100921630859375,0.915225982666015625,-0.275798261165618896484375";
                        2 = xpoint3:"-0.18852138519287109375,0.2273886203765869140625,0.9553816318511962890625";
                      }
                      #0 = {
                        scale = fixp:"1";
                        name = str:"pt_head";
                        translation = xpoint3:"13.8873748779296875,1.3258800506591796875,0.63168942928314208984375";
                        rotation = {
                          0 = xpoint3:"0.878560543060302734375,0.477581024169921875,-0.0069091492332518100738525390625";
                          1 = xpoint3:"-0.443317592144012451171875,0.8099749088287353515625,-0.383940279483795166015625";
                          2 = xpoint3:"-0.17776636779308319091796875,0.340377748012542724609375,0.92333209514617919921875";
                        }
                      }
                    }
                  }
                  #1 = {
                    scale = fixp:"1";
                    name = str:"Bip02 R Clavicle01";
                    translation = xpoint3:"-1.79839456081390380859375,-3.8657271862030029296875,-14.62087535858154296875";
                    rotation = {
                      0 = xpoint3:"-0.1874046623706817626953125,0.01019513048231601715087890625,-0.981352329254150390625";
                      1 = xpoint3:"-0.058143436908721923828125,-0.9968554973602294921875,0";
                      2 = xpoint3:"-0.97968137264251708984375,0.057247973978519439697265625,0.1891302764415740966796875";
                    }
                    #0 = {
                      scale = fixp:"1";
                      name = str:"Bip02 R UpperArm01";
                      translation = xpoint3:"26.2405681610107421875,0,0";
                      rotation = {
                        0 = xpoint3:"0.70407009124755859375,0.0028837681747972965240478515625,-0.709822237491607666015625";
                        1 = xpoint3:"0.0123946331441402435302734375,0.999789535999298095703125,0.01634038053452968597412109375";
                        2 = xpoint3:"0.709719836711883544921875,-0.02030563540756702423095703125,0.70388615131378173828125";
                      }
                      #0 = {
                        scale = fixp:"1";
                        name = str:"Bip02 R Forearm01";
                        translation = xpoint3:"24.6072235107421875,0,0";
                        rotation = {
                          0 = xpoint3:"-0.06957232952117919921875,0.996798694133758544921875,0";
                          1 = xpoint3:"-0.996798694133758544921875,-0.06957232952117919921875,0";
                          2 = xpoint3:"0,0,1";
                        }
                        #0 = {
                          scale = fixp:"1";
                          name = str:"Bip02 R Hand01";
                          translation = xpoint3:"38.09401702880859375,0,0";
                          rotation = {
                            0 = xpoint3:"0.9929187297821044921875,-0.1175174713134765625,0.017080962657928466796875";
                            1 = xpoint3:"0.0507772751152515411376953125,0.2906353175640106201171875,-0.9549467563629150390625";
                            2 = xpoint3:"0.1073488891124725341796875,0.949047565460205078125,0.2945524752140045166015625";
                          }
                          #0 = {
                            scale = fixp:"1";
                            name = str:"Bip02 R Finger03";
                            translation = xpoint3:"9.63919162750244140625,3.20748233795166015625,4.569179534912109375";
                            rotation = {
                              0 = xpoint3:"0.744511187076568603515625,0.523172855377197265625,-0.414720714092254638671875";
                              1 = xpoint3:"0.3838473260402679443359375,0.17280597984790802001953125,0.907082855701446533203125";
                              2 = xpoint3:"0.54622733592987060546875,-0.834522783756256103515625,-0.07216250896453857421875";
                            }
                            #0 = {
                              scale = fixp:"1";
                              name = str:"Bip02 R Finger04";
                              translation = xpoint3:"8.66750240325927734375,0,0";
                              rotation = {
                                0 = xpoint3:"0.7187163829803466796875,-0.69530332088470458984375,0";
                                1 = xpoint3:"0.69530332088470458984375,0.7187163829803466796875,0";
                                2 = xpoint3:"0,0,1";
                              }
                            }
                          }
                          #1 = {
                            scale = fixp:"1";
                            name = str:"Bip02 R Finger05";
                            translation = xpoint3:"18.3877429962158203125,-0.049734890460968017578125,3.9238879680633544921875";
                            rotation = {
                              0 = xpoint3:"0.975280225276947021484375,-0.1992728412151336669921875,-0.095492668449878692626953125";
                              1 = xpoint3:"0.2001130878925323486328125,0.979772508144378662109375,0";
                              2 = xpoint3:"0.093719057738780975341796875,-0.018336214125156402587890625,0.995429813861846923828125";
                            }
                            #0 = {
                              scale = fixp:"1";
                              name = str:"Bip02 R Finger06";
                              translation = xpoint3:"6.475399494171142578125,0,0";
                              rotation = {
                                0 = xpoint3:"0.69726479053497314453125,-0.716813623905181884765625,0";
                                1 = xpoint3:"0.716813623905181884765625,0.69726479053497314453125,0";
                                2 = xpoint3:"0,0,1";
                              }
                            }
                          }
                          #2 = {
                            scale = fixp:"1";
                            name = str:"Bip02 R Finger07";
                            translation = xpoint3:"17.6108112335205078125,0.074261017143726348876953125,-4.2501850128173828125";
                            rotation = {
                              0 = xpoint3:"0.867672502994537353515625,-0.3761391341686248779296875,0.3250596821308135986328125";
                              1 = xpoint3:"0.3979762494564056396484375,0.917395412921905517578125,0";
                              2 = xpoint3:"-0.2979250848293304443359375,0.1300193369388580322265625,0.945693194866180419921875";
                            }
                            #0 = {
                              scale = fixp:"1";
                              name = str:"Bip02 R Finger08";
                              translation = xpoint3:"4.989350795745849609375,0,0";
                              rotation = {
                                0 = xpoint3:"0.775497972965240478515625,-0.631350040435791015625,0";
                                1 = xpoint3:"0.631350040435791015625,0.775497972965240478515625,0";
                                2 = xpoint3:"0,0,1";
                              }
                            }
                          }
                          #3 = {
                            scale = fixp:"1";
                            name = str:"pt_hand01";
                            translation = xpoint3:"7.83665180206298828125,0.1177914142608642578125,0.2191598117351531982421875";
                            rotation = {
                              0 = xpoint3:"-0.4403708875179290771484375,-0.1469450891017913818359375,-0.885709106922149658203125";
                              1 = xpoint3:"0.712309420108795166015625,0.5433347225189208984375,-0.444300174713134765625";
                              2 = xpoint3:"0.546524226665496826171875,-0.82655584812164306640625,-0.1345984041690826416015625";
                            }
                          }
                        }
                      }
                    }
                  }
                  #2 = {
                    scale = fixp:"1";
                    name = str:"Bip02 L Clavicle01";
                    translation = xpoint3:"-1.79839670658111572265625,-3.865810394287109375,14.620845794677734375";
                    rotation = {
                      0 = xpoint3:"-0.133293569087982177734375,-0.0378490388393402099609375,0.9895229339599609375";
                      1 = xpoint3:"0.266351401805877685546875,-0.96239721775054931640625,0";
                      2 = xpoint3:"0.95375311374664306640625,0.26364958286285400390625,0.139984786510467529296875";
                    }
                    #0 = {
                      scale = fixp:"1";
                      name = str:"Bip02 L UpperArm01";
                      translation = xpoint3:"26.240543365478515625,0,0";
                      rotation = {
                        0 = xpoint3:"0.98053824901580810546875,-0.07953567802906036376953125,0.17941732704639434814453125";
                        1 = xpoint3:"0.073399722576141357421875,0.99647438526153564453125,0.040573425590991973876953125";
                        2 = xpoint3:"-0.18201367557048797607421875,-0.026604481041431427001953125,0.98292338848114013671875";
                      }
                      #0 = {
                        scale = fixp:"1";
                        name = str:"Bip02 L Forearm01";
                        translation = xpoint3:"24.6072406768798828125,0,0";
                        rotation = {
                          0 = xpoint3:"0.369008719921112060546875,0.928933203220367431640625,0";
                          1 = xpoint3:"-0.928933203220367431640625,0.369008719921112060546875,0";
                          2 = xpoint3:"0,0,1";
                        }
                        #0 = {
                          scale = fixp:"1";
                          name = str:"Bip02 L Hand01";
                          translation = xpoint3:"38.094005584716796875,0,0";
                          rotation = {
                            0 = xpoint3:"0.99857056140899658203125,-0.052318565547466278076171875,0.01084236800670623779296875";
                            1 = xpoint3:"0.00655016861855983734130859375,0.3217581212520599365234375,0.9462792873382568359375";
                            2 = xpoint3:"-0.053027205169200897216796875,-0.94485461711883544921875,0.3216418325901031494140625";
                          }
                          #0 = {
                            scale = fixp:"1";
                            name = str:"Bip02 L Finger03";
                            translation = xpoint3:"9.63917636871337890625,3.2074496746063232421875,-4.569198131561279296875";
                            rotation = {
                              0 = xpoint3:"0.585201919078826904296875,0.69681060314178466796875,0.414721190929412841796875";
                              1 = xpoint3:"0.3266017436981201171875,0.265579283237457275390625,-0.90708267688751220703125";
                              2 = xpoint3:"-0.742206156253814697265625,0.66627514362335205078125,-0.07216203212738037109375";
                            }
                            #0 = {
                              scale = fixp:"1";
                              name = str:"Bip02 L Finger04";
                              translation = xpoint3:"8.66749477386474609375,0,0";
                              rotation = {
                                0 = xpoint3:"0.996011257171630859375,-0.0892275273799896240234375,0";
                                1 = xpoint3:"0.0892275273799896240234375,0.996011257171630859375,0";
                                2 = xpoint3:"0,0,1";
                              }
                            }
                          }
                          #1 = {
                            scale = fixp:"1";
                            name = str:"Bip02 L Finger05";
                            translation = xpoint3:"18.38774871826171875,-0.0497219227254390716552734375,-3.9239060878753662109375";
                            rotation = {
                              0 = xpoint3:"0.95204889774322509765625,0.2906613051891326904296875,0.09549318253993988037109375";
                              1 = xpoint3:"-0.2920683324337005615234375,0.956397116184234619140625,0";
                              2 = xpoint3:"-0.0910989344120025634765625,-0.0286454372107982635498046875,0.9954297542572021484375";
                            }
                            #0 = {
                              scale = fixp:"1";
                              name = str:"Bip02 L Finger06";
                              translation = xpoint3:"6.4753665924072265625,0,0";
                              rotation = {
                                0 = xpoint3:"0.855842053890228271484375,-0.51723730564117431640625,0";
                                1 = xpoint3:"0.51723730564117431640625,0.855842053890228271484375,0";
                                2 = xpoint3:"0,0,1";
                              }
                            }
                          }
                          #2 = {
                            scale = fixp:"1";
                            name = str:"Bip02 L Finger07";
                            translation = xpoint3:"17.6108074188232421875,0.0742929279804229736328125,4.250178813934326171875";
                            rotation = {
                              0 = xpoint3:"0.932967007160186767578125,0.15462608635425567626953125,-0.32505893707275390625";
                              1 = xpoint3:"-0.16325064003467559814453125,0.986584365367889404296875,0";
                              2 = xpoint3:"0.32081425189971923828125,0.0523651540279388427734375,0.945693433284759521484375";
                            }
                            #0 = {
                              scale = fixp:"1";
                              name = str:"Bip02 L Finger08";
                              translation = xpoint3:"4.989333629608154296875,0,0";
                              rotation = {
                                0 = xpoint3:"0.9378969669342041015625,-0.34691393375396728515625,0";
                                1 = xpoint3:"0.34691393375396728515625,0.9378969669342041015625,0";
                                2 = xpoint3:"0,0,1";
                              }
                            }
                          }
                          #3 = {
                            scale = fixp:"1";
                            name = str:"pt_hand";
                            translation = xpoint3:"10.20214080810546875,1.6775343418121337890625,-1.40091884136199951171875";
                            rotation = {
                              0 = xpoint3:"-0.075371198356151580810546875,-0.4185228049755096435546875,-0.9050734043121337890625";
                              1 = xpoint3:"0.1172355711460113525390625,0.8976409435272216796875,-0.424848854541778564453125";
                              2 = xpoint3:"0.9902398586273193359375,-0.13812816143035888671875,-0.01859051175415515899658203125";
                            }
                          }
                        }
                      }
                    }
                  }
                }
                #1 = {
                  scale = fixp:"1";
                  name = str:"Dummy02";
                  translation = xpoint3:"-7.1425380706787109375,-40.8079376220703125,93.140472412109375";
                  rotation = {
                    0 = xpoint3:"0,-0.5015494823455810546875,0.865128993988037109375";
                    1 = xpoint3:"0,-0.865128993988037109375,-0.5015494823455810546875";
                    2 = xpoint3:"1,0,0";
                  }
                }
                #2 = {
                  scale = fixp:"1";
                  name = str:"Dummy01";
                  translation = xpoint3:"-53.766567230224609375,9.89648914337158203125,-88.80541229248046875";
                  rotation = {
                    0 = xpoint3:"0,-0.5015494823455810546875,0.865128993988037109375";
                    1 = xpoint3:"0,-0.865128993988037109375,-0.5015494823455810546875";
                    2 = xpoint3:"1,0,0";
                  }
                }
              }
              #1 = {
                scale = fixp:"1";
                name = str:"pt_chest ";
                translation = xpoint3:"12.240291595458984375,6.241762638092041015625,4.87963104248046875";
                rotation = {
                  0 = xpoint3:"0.2995384037494659423828125,0.953774154186248779296875,0.02432085573673248291015625";
                  1 = xpoint3:"-0.841462671756744384765625,0.27610933780670166015625,-0.4644396305084228515625";
                  2 = xpoint3:"-0.449685752391815185546875,0.118652403354644775390625,0.885270774364471435546875";
                }
              }
            }
            #1 = {
              scale = fixp:"1";
              name = str:"Bip02 L Thigh01";
              translation = xpoint3:"-11.280078887939453125,2.0128753185272216796875,19.9271488189697265625";
              rotation = {
                0 = xpoint3:"-0.815941154956817626953125,0.42185306549072265625,-0.3919754922389984130859375";
                1 = xpoint3:"0.30548584461212158203125,0.894696533679962158203125,0.3256434500217437744140625";
                2 = xpoint3:"0.4881425797939300537109375,0.146305382251739501953125,-0.85884463787078857421875";
              }
              #0 = {
                scale = fixp:"1";
                name = str:"Bip02 L Calf01";
                translation = xpoint3:"45.960407257080078125,0,0";
                rotation = {
                  0 = xpoint3:"-0.20370399951934814453125,0.978139936923980712890625,0";
                  1 = xpoint3:"-0.978139936923980712890625,-0.20370399951934814453125,0";
                  2 = xpoint3:"0,0,1";
                }
                #0 = {
                  scale = fixp:"1";
                  name = str:"Bip02 L HorseLink01";
                  translation = xpoint3:"46.245391845703125,0,0";
                  rotation = {
                    0 = xpoint3:"-0.792371451854705810546875,-0.533325850963592529296875,-0.2917366921901702880859375";
                    1 = xpoint3:"0.500535786151885986328125,-0.84432661533355712890625,0.1841204464435577392578125";
                    2 = xpoint3:"-0.3449791967868804931640625,0,0.938562870025634765625";
                  }
                  #0 = {
                    scale = fixp:"1";
                    name = str:"Bip02 L Foot01";
                    translation = xpoint3:"36.656383514404296875,0,0";
                    rotation = {
                      0 = xpoint3:"0.845479071140289306640625,0.51906883716583251953125,-0.124533124268054962158203125";
                      1 = xpoint3:"-0.421564042568206787109375,0.79246366024017333984375,0.4404360949993133544921875";
                      2 = xpoint3:"0.3274518549442291259765625,-0.3197932541370391845703125,0.88901436328887939453125";
                    }
                    #0 = {
                      scale = fixp:"1";
                      name = str:"Bip02 L Toe01";
                      translation = xpoint3:"11.45569896697998046875,9.89487934112548828125,0";
                      rotation = {
                        0 = xpoint3:"0,-0.9992744922637939453125,0";
                        1 = xpoint3:"0.9992744922637939453125,0,0";
                        2 = xpoint3:"0,0,1";
                      }
                    }
                    #1 = {
                      scale = fixp:"1";
                      name = str:"pt_foot";
                      translation = xpoint3:"5.49504852294921875,7.92911243438720703125,0.563104331493377685546875";
                      rotation = {
                        0 = xpoint3:"0.07441399991512298583984375,0,-0.997227132320404052734375";
                        1 = xpoint3:"0.2630714476108551025390625,-0.964591562747955322265625,0.0188814140856266021728515625";
                        2 = xpoint3:"-0.96190226078033447265625,-0.263747036457061767578125,-0.071982882916927337646484375";
                      }
                    }
                    #2 = {
                      scale = fixp:"1";
                      name = str:"pt_footprint01";
                      translation = xpoint3:"13.448383331298828125,7.975520610809326171875,1.45861709117889404296875";
                      rotation = {
                        0 = xpoint3:"0.08715499937534332275390625,-0.03476499021053314208984375,-0.99558794498443603515625";
                        1 = xpoint3:"0.2626676261425018310546875,-0.963223159313201904296875,0.0566290877759456634521484375";
                        2 = xpoint3:"-0.960942089557647705078125,-0.2664442360401153564453125,-0.074818074703216552734375";
                      }
                    }
                    #3 = {
                      scale = fixp:"1";
                      name = str:"Bip02 L Toe02";
                      translation = xpoint3:"11.4557056427001953125,24.539173126220703125,0";
                      rotation = {
                        0 = xpoint3:"0,-0.9992744922637939453125,0";
                        1 = xpoint3:"0.9992744922637939453125,0,0";
                        2 = xpoint3:"0,0,1";
                      }
                    }
                  }
                }
              }
            }
            #2 = {
              scale = fixp:"1";
              name = str:"Bip02 R Thigh01";
              translation = xpoint3:"-11.2800750732421875,2.01297760009765625,-19.9271564483642578125";
              rotation = {
                0 = xpoint3:"0.2135222852230072021484375,0.968943119049072265625,-0.1200674474239349365234375";
                1 = xpoint3:"0.97626507282257080078125,-0.2120940387248992919921875,0.01279224455356597900390625";
                2 = xpoint3:"-0.0131673030555248260498046875,-0.12002690136432647705078125,-0.991226851940155029296875";
              }
              #0 = {
                scale = fixp:"1";
                name = str:"Bip02 R Calf01";
                translation = xpoint3:"45.96038818359375,0,0";
                rotation = {
                  0 = xpoint3:"-0.69410097599029541015625,0.7181680202484130859375,0";
                  1 = xpoint3:"-0.7181680202484130859375,-0.69410097599029541015625,0";
                  2 = xpoint3:"0,0,1";
                }
                #0 = {
                  scale = fixp:"1";
                  name = str:"Bip02 R HorseLink01";
                  translation = xpoint3:"46.245388031005859375,0,0";
                  rotation = {
                    0 = xpoint3:"-0.3161887824535369873046875,-0.947395265102386474609375,-0.023595668375492095947265625";
                    1 = xpoint3:"0.944777667522430419921875,-0.3170659542083740234375,0.07037641108036041259765625";
                    2 = xpoint3:"-0.0742266476154327392578125,0,0.997239410877227783203125";
                  }
                  #0 = {
                    scale = fixp:"1";
                    name = str:"Bip02 R Foot01";
                    translation = xpoint3:"36.656391143798828125,0,0";
                    rotation = {
                      0 = xpoint3:"0.837398231029510498046875,0.516861021518707275390625,0.17715217173099517822265625";
                      1 = xpoint3:"-0.403577744960784912109375,0.803746402263641357421875,-0.4368431568145751953125";
                      2 = xpoint3:"-0.368311345577239990234375,0.2942135334014892578125,0.881824076175689697265625";
                    }
                    #0 = {
                      scale = fixp:"1";
                      name = str:"Bip02 R Toe01";
                      translation = xpoint3:"11.455684661865234375,9.894878387451171875,0";
                      rotation = {
                        0 = xpoint3:"0,-0.9992744922637939453125,0";
                        1 = xpoint3:"0.9992744922637939453125,0,0";
                        2 = xpoint3:"0,0,1";
                      }
                    }
                    #1 = {
                      scale = fixp:"1";
                      name = str:"pt_foot@#0";
                      translation = xpoint3:"5.978139400482177734375,7.0939159393310546875,-2.322125911712646484375";
                      rotation = {
                        0 = xpoint3:"0.082145236432552337646484375,-0.008573196828365325927734375,-0.996583521366119384765625";
                        1 = xpoint3:"-0.4130440652370452880859375,-0.910333693027496337890625,-0.02621469832956790924072265625";
                        2 = xpoint3:"-0.90699875354766845703125,0.4137863218784332275390625,-0.078320682048797607421875";
                      }
                    }
                    #2 = {
                      scale = fixp:"1";
                      name = str:"pt_footprint02";
                      translation = xpoint3:"13.001018524169921875,6.74197864532470703125,-1.52793216705322265625";
                      rotation = {
                        0 = xpoint3:"0.04719896614551544189453125,-0.1608868539333343505859375,-0.985843658447265625";
                        1 = xpoint3:"-0.4955330193042755126953125,-0.8607082366943359375,0.1167406141757965087890625";
                        2 = xpoint3:"-0.867305755615234375,0.48300802707672119140625,-0.12034928798675537109375";
                      }
                    }
                    #3 = {
                      scale = fixp:"1";
                      name = str:"Bip02 R Toe02";
                      translation = xpoint3:"11.4556865692138671875,24.6093044281005859375,0";
                      rotation = {
                        0 = xpoint3:"0,-0.9992744922637939453125,0";
                        1 = xpoint3:"0.9992744922637939453125,0,0";
                        2 = xpoint3:"0,0,1";
                      }
                    }
                  }
                }
              }
            }
            #3 = {
              scale = fixp:"1";
              name = str:"Bip02 Tail04";
              translation = xpoint3:"-22.606353759765625,-12.5454387664794921875,0";
              rotation = {
                0 = xpoint3:"-0.9876461029052734375,0.110751591622829437255859375,0.1108572185039520263671875";
                1 = xpoint3:"-0.098216392099857330322265625,-0.988753378391265869140625,0.1127845346927642822265625";
                2 = xpoint3:"0.1221015155315399169921875,0.1005032062530517578125,0.987415969371795654296875";
              }
              #0 = {
                scale = fixp:"1";
                name = str:"Bip02 Tail05";
                translation = xpoint3:"12.905551910400390625,-0.011390213854610919952392578125,0";
                rotation = {
                  0 = xpoint3:"0.955212116241455078125,-0.29236805438995361328125,-0.0457248724997043609619140625";
                  1 = xpoint3:"0.29059565067291259765625,0.95593822002410888671875,-0.04166914522647857666015625";
                  2 = xpoint3:"0.0558928810060024261474609375,0.026515424251556396484375,0.998084604740142822265625";
                }
                #0 = {
                  scale = fixp:"1";
                  name = str:"Bip02 Tail06";
                  translation = xpoint3:"14.29032993316650390625,-0.01175471208989620208740234375,0";
                  rotation = {
                    0 = xpoint3:"0.890612304210662841796875,-0.2338101863861083984375,0.3900544345378875732421875";
                    1 = xpoint3:"0.1910023987293243408203125,0.970707833766937255859375,0.14575469493865966796875";
                    2 = xpoint3:"-0.4127078354358673095703125,-0.0553095899522304534912109375,0.90918266773223876953125";
                  }
                  #0 = {
                    scale = fixp:"1";
                    name = str:"Bip02 Tail07";
                    translation = xpoint3:"14.78358173370361328125,-0.012950022704899311065673828125,0";
                    rotation = {
                      0 = xpoint3:"0.882191479206085205078125,-0.169883430004119873046875,0.4391785562038421630859375";
                      1 = xpoint3:"0.204191267490386962890625,0.978417873382568359375,-0.031692802906036376953125";
                      2 = xpoint3:"-0.4243160784244537353515625,0.117635548114776611328125,0.89784061908721923828125";
                    }
                  }
                }
              }
            }
          }
          #1 = {
            scale = fixp:"1";
            name = str:"Dummy03";
            translation = xpoint3:"-40.688915252685546875,109.76267242431640625,-40.697906494140625";
            rotation = {
              0 = xpoint3:"0,0,1";
              1 = xpoint3:"0,-1,0";
              2 = xpoint3:"1,0,0";
            }
          }
          #2 = {
            scale = fixp:"1";
            name = str:"Dummy04";
            translation = xpoint3:"-40.538631439208984375,105.4985504150390625,39.496112823486328125";
            rotation = {
              0 = xpoint3:"0,0,1";
              1 = xpoint3:"0,-1,0";
              2 = xpoint3:"1,0,0";
            }
          }
        }
        #1 = {
          scale = fixp:"1";
          name = str:"Line03";
          translation = xpoint3:"46.630512237548828125,0,-0.606785595417022705078125";
          rotation = {
            0 = xpoint3:"1,0,0";
            1 = xpoint3:"0,0,-1";
            2 = xpoint3:"0,1,0";
          }
        }
        #2 = {
          scale = fixp:"1";
          name = str:"pt_center";
          translation = xpoint3:"33.756866455078125,2.4404141902923583984375,23.5446949005126953125";
          rotation = {
            0 = xpoint3:"1,0,0";
            1 = xpoint3:"0,0.98446905612945556640625,-0.1755581796169281005859375";
            2 = xpoint3:"0,0.1755581796169281005859375,0.98446905612945556640625";
          }
        }
        #3 = {
          scale = fixp:"1";
          name = str:"pt_cast";
          translation = xpoint3:"47.84082794189453125,-10.47782421112060546875,-3.8157508373260498046875";
          rotation = {
            0 = xpoint3:"0.954732835292816162109375,0.00341906654648482799530029296875,-0.297444999217987060546875";
            1 = xpoint3:"0.0924041569232940673828125,0.947056293487548828125,0.3074831664562225341796875";
            2 = xpoint3:"0.2827484607696533203125,-0.3210494220256805419921875,0.903869807720184326171875";
          }
        }
        #4 = {
          scale = fixp:"1";
          name = str:"Plane01";
          translation = xpoint3:"-17.4348468780517578125,1.2614667415618896484375,-9.8208026885986328125";
          rotation = {
            0 = xpoint3:"0,-1,0";
            1 = xpoint3:"0,0,0.999999940395355224609375";
            2 = xpoint3:"-1,0,0";
          }
        }
      }
      #1 = {
        scale = fixp:"1";
        name = str:"pt_top";
        translation = xpoint3:"2.478851318359375,-29.490131378173828125,158.7550201416015625";
        rotation = {
          0 = xpoint3:"0,0,1";
          1 = xpoint3:"1,0,0";
          2 = xpoint3:"0,1,0";
        }
      }
      #2 = {
        scale = fixp:"1";
        name = str:"pt_ground";
        translation = xpoint3:"0,0,0";
        rotation = {
          0 = xpoint3:"1,0,0";
          1 = xpoint3:"0,0,1";
          2 = xpoint3:"0,-1,0";
        }
      }
    }
  }
  #2 = {
    scale = fixp:"1";
    name = str:"GreenSkin_933";
    translation = xpoint3:"0,0,0";
    rotation = {
      0 = xpoint3:"1,0,0";
      1 = xpoint3:"0,1,0";
      2 = xpoint3:"0,0,1";
    }
  }
  #3 = {
    scale = fixp:"1";
    name = str:"GreenSkin_471";
    translation = xpoint3:"0,0,0";
    rotation = {
      0 = xpoint3:"1,0,0";
      1 = xpoint3:"0,1,0";
      2 = xpoint3:"0,0,1";
    }
  }
}