model = {
  file = str:"data\models\buildings\breederportal\breeder_build.nif";
  animation = {
    loop = fixp:"0";
    duration = fixp:"11.66666698455810546875";
  }
  #0 = {
    scale = fixp:"1";
    name = str:"ROOT";
    translation = xpoint3:"0,0,0";
    rotation = {
      0 = xpoint3:"1,0,0";
      1 = xpoint3:"0,1,0";
      2 = xpoint3:"0,0,1";
    }
    #8 = {
      scale = fixp:"1";
      name = str:"ROOT NonAccum";
      translation = xpoint3:"0,0,0";
      rotation = {
        0 = xpoint3:"1,0,0";
        1 = xpoint3:"0,1,0";
        2 = xpoint3:"0,0,1";
      }
      #0 = {
        scale = fixp:"1";
        name = str:"Bip01";
        translation = xpoint3:"-5.03017711639404296875,0,-1280.9173583984375";
        rotation = {
          0 = xpoint3:"1,0,0";
          1 = xpoint3:"0,0,-0.999999940395355224609375";
          2 = xpoint3:"0,0.999999940395355224609375,0";
        }
        #0 = {
          scale = fixp:"1";
          name = str:"Bone51";
          translation = xpoint3:"-151.834228515625,60.1910247802734375,-322.84710693359375";
          rotation = {
            0 = xpoint3:"-0.22945840656757354736328125,-0.89725744724273681640625,-0.377197265625";
            1 = xpoint3:"-0.854339122772216796875,0,0.519715785980224609375";
            2 = xpoint3:"-0.466318905353546142578125,0.4415076076984405517578125,-0.76656210422515869140625";
          }
        }
        #1 = {
          scale = fixp:"1";
          name = str:"Bone63";
          translation = xpoint3:"-225.312744140625,11.52381610870361328125,294.0262451171875";
          rotation = {
            0 = xpoint3:"-0.292040526866912841796875,0.8694574832916259765625,-0.3984422385692596435546875";
            1 = xpoint3:"-0.80947220325469970703125,-0.00282095302827656269073486328125,0.587151587009429931640625";
            2 = xpoint3:"0.50937938690185546875,0.493999898433685302734375,0.704625308513641357421875";
          }
        }
        #2 = {
          scale = fixp:"1";
          name = str:"Bone53";
          translation = xpoint3:"-244.511962890625,103.7718353271484375,-291.95440673828125";
          rotation = {
            0 = xpoint3:"-0.361830174922943115234375,-0.707106292247772216796875,-0.60751903057098388671875";
            1 = xpoint3:"-0.859161198139190673828125,0,0.511704862117767333984375";
            2 = xpoint3:"-0.361829698085784912109375,0.707107126712799072265625,-0.607518255710601806640625";
          }
        }
        #3 = {
          scale = fixp:"1";
          name = str:"Bone61";
          translation = xpoint3:"-277.82421875,25.8996677398681640625,219.2734832763671875";
          rotation = {
            0 = xpoint3:"-0.4033558666706085205078125,0.708254873752593994140625,-0.5793781280517578125";
            1 = xpoint3:"-0.821901261806488037109375,-0.002103448845446109771728515625,0.5696260929107666015625";
            2 = xpoint3:"0.4022217690944671630859375,0.7059535980224609375,0.582964003086090087890625";
          }
        }
        #4 = {
          scale = fixp:"1";
          name = str:"Bone55";
          translation = xpoint3:"-315.123779296875,42.11620330810546875,-201.423553466796875";
          rotation = {
            0 = xpoint3:"-0.473333775997161865234375,-0.42412006855010986328125,-0.77206051349639892578125";
            1 = xpoint3:"-0.8488788604736328125,-0.0144893229007720947265625,0.528388917446136474609375";
            2 = xpoint3:"-0.2352869510650634765625,0.905490100383758544921875,-0.3531683385372161865234375";
          }
        }
        #5 = {
          scale = fixp:"1";
          name = str:"Bone59";
          translation = xpoint3:"-385.735595703125,52.5240478515625,-20.54022216796875";
          rotation = {
            0 = xpoint3:"-0.53131115436553955078125,0.11886942386627197265625,-0.83879578113555908203125";
            1 = xpoint3:"-0.8447854518890380859375,0,0.53510510921478271484375";
            2 = xpoint3:"0.0636076033115386962890625,0.992909908294677734375,0.1004192531108856201171875";
          }
        }
        #6 = {
          scale = fixp:"1";
          name = str:"Bone57";
          translation = xpoint3:"-364.092529296875,98.83568572998046875,-115.42486572265625";
          rotation = {
            0 = xpoint3:"-0.525091588497161865234375,-0.140333592891693115234375,-0.839395701885223388671875";
            1 = xpoint3:"-0.848266661167144775390625,0.0066609084606170654296875,0.529527366161346435546875";
            2 = xpoint3:"-0.068719387054443359375,0.990081846714019775390625,-0.1225378215312957763671875";
          }
        }
        #7 = {
          scale = fixp:"1";
          name = str:"Bone07";
          translation = xpoint3:"-275.712646484375,100.74329376220703125,221.260650634765625";
          rotation = {
            0 = xpoint3:"-0.00838172435760498046875,0.5625112056732177734375,0.8267471790313720703125";
            1 = xpoint3:"0.99996483325958251953125,0.004798948764801025390625,0.0068726837635040283203125";
            2 = xpoint3:"0,0.8267757892608642578125,-0.562531650066375732421875";
          }
        }
        #8 = {
          scale = fixp:"1";
          name = str:"Bone15";
          translation = xpoint3:"-137.40625,195.6969146728515625,303.4344482421875";
          rotation = {
            0 = xpoint3:"0.0350435860455036163330078125,-0.999384939670562744140625,-0.00125167705118656158447265625";
            1 = xpoint3:"0.998746812343597412109375,0.0350659303367137908935546875,-0.0357095561921596527099609375";
            2 = xpoint3:"0.035731486976146697998046875,0,0.999361455440521240234375";
          }
        }
        #9 = {
          scale = fixp:"1";
          name = str:"Bone29";
          translation = xpoint3:"-230.390380859375,152.1053314208984375,-275.18951416015625";
          rotation = {
            0 = xpoint3:"0.01460890471935272216796875,-0.727055132389068603515625,-0.68642365932464599609375";
            1 = xpoint3:"-0.999704658985137939453125,0.00271485745906829833984375,-0.0241519510746002197265625";
            2 = xpoint3:"0.01942336559295654296875,0.6865737438201904296875,-0.726800739765167236328125";
          }
        }
        #10 = {
          scale = fixp:"1";
          name = str:"Bone31";
          translation = xpoint3:"-278.237060546875,116.21288299560546875,-184.879669189453125";
          rotation = {
            0 = xpoint3:"0.0412986278533935546875,-0.548026025295257568359375,-0.83544099330902099609375";
            1 = xpoint3:"-0.998780310153961181640625,0,-0.04937279224395751953125";
            2 = xpoint3:"0.0270573794841766357421875,0.83646118640899658203125,-0.547357618808746337890625";
          }
        }
        #11 = {
          scale = fixp:"1";
          name = str:"Bone33";
          translation = xpoint3:"-336.741943359375,149.817138671875,-102.779754638671875";
          rotation = {
            0 = xpoint3:"0.0619942247867584228515625,-0.3259898126125335693359375,-0.943338572978973388671875";
            1 = xpoint3:"-0.99784767627716064453125,0,-0.0655765235424041748046875";
            2 = xpoint3:"0.021377027034759521484375,0.94537341594696044921875,-0.325288236141204833984375";
          }
        }
        #12 = {
          scale = fixp:"1";
          name = str:"Bone35";
          translation = xpoint3:"-342.600341796875,115.3072509765625,-17.29949951171875";
          rotation = {
            0 = xpoint3:"0.06244289875030517578125,-0.0712470114231109619140625,-0.995502173900604248046875";
            1 = xpoint3:"-0.9980385303497314453125,0,-0.0626018941402435302734375";
            2 = xpoint3:"0.00446033477783203125,0.99745857715606689453125,-0.0711071491241455078125";
          }
        }
        #13 = {
          scale = fixp:"1";
          name = str:"Bone05";
          translation = xpoint3:"-213.408447265625,86.0233306884765625,291.04156494140625";
          rotation = {
            0 = xpoint3:"-0.05037827789783477783203125,0.7384891510009765625,0.672380924224853515625";
            1 = xpoint3:"0.99780023097991943359375,0.00816826522350311279296875,0.065788686275482177734375";
            2 = xpoint3:"0.043091952800750732421875,0.674216091632843017578125,-0.73727619647979736328125";
          }
        }
        #14 = {
          scale = fixp:"1";
          name = str:"Bone11";
          translation = xpoint3:"210.770263671875,86.0233306884765625,284.61669921875";
          rotation = {
            0 = xpoint3:"0.0430923998355865478515625,0.67421591281890869140625,-0.73727595806121826171875";
            1 = xpoint3:"0.9978001117706298828125,0.0081680715084075927734375,0.0657889842987060546875";
            2 = xpoint3:"0.0503781139850616455078125,-0.738489091396331787109375,-0.672380745410919189453125";
          }
        }
        #15 = {
          scale = fixp:"1";
          name = str:"Bone13";
          translation = xpoint3:"131.996826171875,216.4201812744140625,303.434417724609375";
          rotation = {
            0 = xpoint3:"-0.02749716676771640777587890625,-0.99962151050567626953125,0";
            1 = xpoint3:"0.99901354312896728515625,-0.027513913810253143310546875,-0.03485988080501556396484375";
            2 = xpoint3:"0.034873090684413909912109375,0,0.999391734600067138671875";
          }
        }
        #16 = {
          scale = fixp:"1";
          name = str:"Bone17";
          translation = xpoint3:"343.387939453125,115.3072509765625,-17.29949951171875";
          rotation = {
            0 = xpoint3:"0.0624426305294036865234375,-0.07124674320220947265625,-0.99550235271453857421875";
            1 = xpoint3:"0.99803864955902099609375,0,0.062601745128631591796875";
            2 = xpoint3:"-0.0044603049755096435546875,-0.997458755970001220703125,0.0711069405078887939453125";
          }
        }
        #17 = {
          scale = fixp:"1";
          name = str:"Bone19";
          translation = xpoint3:"336.143798828125,149.817138671875,-102.779754638671875";
          rotation = {
            0 = xpoint3:"0.0619944036006927490234375,-0.325990200042724609375,-0.9433381557464599609375";
            1 = xpoint3:"0.99784743785858154296875,0,0.0655765831470489501953125";
            2 = xpoint3:"-0.021377384662628173828125,-0.945373058319091796875,0.32528865337371826171875";
          }
        }
        #18 = {
          scale = fixp:"1";
          name = str:"Bone21";
          translation = xpoint3:"277.708740234375,116.21288299560546875,-184.879669189453125";
          rotation = {
            0 = xpoint3:"0.041298568248748779296875,-0.54802596569061279296875,-0.83544099330902099609375";
            1 = xpoint3:"0.99878025054931640625,0,0.0493728816509246826171875";
            2 = xpoint3:"-0.027057707309722900390625,-0.83646118640899658203125,0.547357738018035888671875";
          }
        }
        #19 = {
          scale = fixp:"1";
          name = str:"Bone23";
          translation = xpoint3:"228.44921875,152.1053314208984375,-275.18951416015625";
          rotation = {
            0 = xpoint3:"0.01460848748683929443359375,-0.72705519199371337890625,-0.68642365932464599609375";
            1 = xpoint3:"0.9997045993804931640625,-0.0027154386043548583984375,0.0241519510746002197265625";
            2 = xpoint3:"-0.0194236934185028076171875,-0.6865737438201904296875,0.7268006801605224609375";
          }
        }
        #20 = {
          scale = fixp:"1";
          name = str:"Bone25";
          translation = xpoint3:"142.003173828125,117.6558685302734375,-296.921783447265625";
          rotation = {
            0 = xpoint3:"0.00849545933306217193603515625,-0.9377498626708984375,-0.347207248210906982421875";
            1 = xpoint3:"0.99970066547393798828125,0,0.02446033060550689697265625";
            2 = xpoint3:"-0.02293767035007476806640625,-0.34731113910675048828125,0.93746936321258544921875";
          }
        }
        #21 = {
          scale = fixp:"1";
          name = str:"Bone09";
          translation = xpoint3:"282.924560546875,100.74317169189453125,220.6186676025390625";
          rotation = {
            0 = xpoint3:"-0.0083816945552825927734375,0.716508090496063232421875,-0.697528421878814697265625";
            1 = xpoint3:"0.999964892864227294921875,0.0059349238872528076171875,-0.0059194862842559814453125";
            2 = xpoint3:"0,-0.69755351543426513671875,-0.716532647609710693359375";
          }
        }
        #22 = {
          scale = fixp:"1";
          name = str:"Bone37";
          translation = xpoint3:"-0.680419921875,-143.2414398193359375,382.1673583984375";
          rotation = {
            0 = xpoint3:"0,1,0";
            1 = xpoint3:"0.88991582393646240234375,0,0.456124842166900634765625";
            2 = xpoint3:"0.456124842166900634765625,0,-0.88991582393646240234375";
          }
        }
        #23 = {
          scale = fixp:"1";
          name = str:"Bone41";
          translation = xpoint3:"152.67919921875,64.2899017333984375,-323.95062255859375";
          rotation = {
            0 = xpoint3:"0.20945163071155548095703125,-0.917330801486968994140625,0.33857667446136474609375";
            1 = xpoint3:"-0.867343842983245849609375,-0.01441626809537410736083984375,0.4975006580352783203125";
            2 = xpoint3:"-0.451491653919219970703125,-0.39786469936370849609375,-0.798660755157470703125";
          }
        }
        #24 = {
          scale = fixp:"1";
          name = str:"Bone43";
          translation = xpoint3:"230.11328125,111.3979339599609375,-275.724365234375";
          rotation = {
            0 = xpoint3:"0.40206241607666015625,-0.69659340381622314453125,0.594225108623504638671875";
            1 = xpoint3:"-0.82062244415283203125,0.0136997662484645843505859375,0.57130658626556396484375";
            2 = xpoint3:"-0.4061091840267181396484375,-0.71733534336090087890625,-0.566132068634033203125";
          }
        }
        #25 = {
          scale = fixp:"1";
          name = str:"Bone45";
          translation = xpoint3:"303.374267578125,40.80944061279296875,-212.516326904296875";
          rotation = {
            0 = xpoint3:"0.51393067836761474609375,-0.40153467655181884765625,0.7580535411834716796875";
            1 = xpoint3:"-0.83088457584381103515625,-0.0132535994052886962890625,0.55628681182861328125";
            2 = xpoint3:"-0.2133214771747589111328125,-0.9157478809356689453125,-0.3404403626918792724609375";
          }
        }
        #26 = {
          scale = fixp:"1";
          name = str:"Bone47";
          translation = xpoint3:"357.046142578125,109.00243377685546875,-109.498565673828125";
          rotation = {
            0 = xpoint3:"0.558328330516815185546875,-0.142459690570831298828125,0.817297160625457763671875";
            1 = xpoint3:"-0.8236162662506103515625,0.02312411367893218994140625,0.566675662994384765625";
            2 = xpoint3:"-0.099627673625946044921875,-0.9895303249359130859375,-0.1044212281703948974609375";
          }
        }
        #27 = {
          scale = fixp:"1";
          name = str:"Bone49";
          translation = xpoint3:"367.225341796875,51.4346923828125,-24.41094970703125";
          rotation = {
            0 = xpoint3:"0.570872247219085693359375,0.05723392963409423828125,0.81904160976409912109375";
            1 = xpoint3:"-0.820499956607818603515625,0.00362975895404815673828125,0.571635067462921142578125";
            2 = xpoint3:"0.02974402904510498046875,-0.998354136943817138671875,0.04903256893157958984375";
          }
        }
        #28 = {
          scale = fixp:"1";
          name = str:"Bone65";
          translation = xpoint3:"234.805908203125,6.359999179840087890625,311.6170654296875";
          rotation = {
            0 = xpoint3:"0.2653820216655731201171875,0.86606800556182861328125,0.423672735691070556640625";
            1 = xpoint3:"-0.847470760345458984375,0,0.5308420658111572265625";
            2 = xpoint3:"0.45974528789520263671875,-0.4999261796474456787109375,0.733967363834381103515625";
          }
        }
        #29 = {
          scale = fixp:"1";
          name = str:"Bone67";
          translation = xpoint3:"282.689208984375,31.3759860992431640625,222.290985107421875";
          rotation = {
            0 = xpoint3:"0.3503587543964385986328125,0.7386124134063720703125,0.57593429088592529296875";
            1 = xpoint3:"-0.85433661937713623046875,0,0.51971995830535888671875";
            2 = xpoint3:"0.3838717937469482421875,-0.6741302013397216796875,0.6310236454010009765625";
          }
        }
        #30 = {
          scale = fixp:"1";
          name = str:"Bone27";
          translation = xpoint3:"-142.191162109375,117.6558685302734375,-296.921783447265625";
          rotation = {
            0 = xpoint3:"0.00849532522261142730712890625,-0.937749922275543212890625,-0.3472072780132293701171875";
            1 = xpoint3:"-0.999700844287872314453125,0,-0.02445955574512481689453125";
            2 = xpoint3:"0.0229368507862091064453125,0.347311198711395263671875,-0.937469422817230224609375";
          }
        }
      }
      #1 = {
        scale = fixp:"1";
        name = str:"Deflector01";
        translation = xpoint3:"0,-88.552001953125,0";
        rotation = {
          0 = xpoint3:"1,0,0";
          1 = xpoint3:"0,1,0";
          2 = xpoint3:"0,0,1";
        }
      }
      #2 = {
        scale = fixp:"1";
        name = str:"DragDust";
        translation = xpoint3:"948.06640625,-581.24169921875,-63.307769775390625";
        rotation = {
          0 = xpoint3:"1,0,0";
          1 = xpoint3:"0,1,0";
          2 = xpoint3:"0,0,1";
        }
      }
      #3 = {
        scale = fixp:"1";
        name = str:"Dust_Idle-Emitter";
        translation = xpoint3:"0,-88.552001953125,-32.603473663330078125";
        rotation = {
          0 = xpoint3:"1,0,0";
          1 = xpoint3:"0,1,0";
          2 = xpoint3:"0,0,1";
        }
      }
      #4 = {
        scale = fixp:"1";
        name = str:"Gravity01";
        translation = xpoint3:"-106.6159210205078125,-61.99549102783203125,0";
        rotation = {
          0 = xpoint3:"1,0,0";
          1 = xpoint3:"0,-1,0";
          2 = xpoint3:"0,0,-1";
        }
      }
      #5 = {
        scale = fixp:"1";
        name = str:"SuperSprayFragments-Emitter";
        translation = xpoint3:"0,-88.552001953125,37.3890533447265625";
        rotation = {
          0 = xpoint3:"1,0,0";
          1 = xpoint3:"0,1,0";
          2 = xpoint3:"0,0,1";
        }
      }
      #6 = {
        scale = fixp:"1";
        name = str:"Emmiter";
        translation = xpoint3:"14.38218784332275390625,-9.05082225799560546875,70";
        rotation = {
          0 = xpoint3:"1,0,0";
          1 = xpoint3:"0,1,0";
          2 = xpoint3:"0,0,1";
        }
      }
      #7 = {
        scale = fixp:"1";
        name = str:"PCloud01-Emitter";
        translation = xpoint3:"-2564.857421875,1834.8370361328125,120.8643341064453125";
        rotation = {
          0 = xpoint3:"1,0,0";
          1 = xpoint3:"0,1,0";
          2 = xpoint3:"0,0,1";
        }
      }
      #8 = {
        scale = fixp:"1";
        name = str:"PCloud02Fragments-Emitter";
        translation = xpoint3:"-2564.857421875,-89.6160888671875,120.8643341064453125";
        rotation = {
          0 = xpoint3:"1,0,0";
          1 = xpoint3:"0,1,0";
          2 = xpoint3:"0,0,1";
        }
      }
    }
  }
}