model = {
  file = str:"data\models\buildings\breederportal\breeder.nif";
  animation = {
    loop = fixp:"6";
    duration = fixp:"0";
  }
  #0 = {
    scale = fixp:"1";
    name = str:"ROOT";
    translation = xpoint3:"0,0,0";
    rotation = {
      0 = xpoint3:"1,0,0";
      1 = xpoint3:"0,1,0";
      2 = xpoint3:"0,0,1";
    }
    #0 = {
      scale = fixp:"1";
      name = str:"ROOT NonAccum";
      translation = xpoint3:"0,0,0";
      rotation = {
        0 = xpoint3:"1,0,0";
        1 = xpoint3:"0,1,0";
        2 = xpoint3:"0,0,1";
      }
      #0 = {
        scale = fixp:"1";
        name = str:"Bip01";
        translation = xpoint3:"-5.03017711639404296875,0,355.495208740234375";
        rotation = {
          0 = xpoint3:"1,0,0";
          1 = xpoint3:"0,0,-0.999999940395355224609375";
          2 = xpoint3:"0,0.999999940395355224609375,0";
        }
        #0 = {
          scale = fixp:"1";
          name = str:"Bone63";
          translation = xpoint3:"-225.312744140625,11.52378559112548828125,294.0262451171875";
          rotation = {
            0 = xpoint3:"-0.4050892293453216552734375,0.86680781841278076171875,-0.290769875049591064453125";
            1 = xpoint3:"-0.58817768096923828125,-0.0035900957882404327392578125,0.808723866939544677734375";
            2 = xpoint3:"0.699964225292205810546875,0.498629629611968994140625,0.511291205883026123046875";
          }
        }
        #1 = {
          scale = fixp:"1";
          name = str:"Bone61";
          translation = xpoint3:"-277.82421875,25.8996677398681640625,219.2734832763671875";
          rotation = {
            0 = xpoint3:"-0.577189505100250244140625,0.708254992961883544921875,-0.4064814150333404541015625";
            1 = xpoint3:"-0.577510774135589599609375,-0.0021033999510109424591064453125,0.81638038158416748046875";
            2 = xpoint3:"0.57735049724578857421875,0.7059535980224609375,0.4102389812469482421875";
          }
        }
        #2 = {
          scale = fixp:"1";
          name = str:"Bone59";
          translation = xpoint3:"-385.735595703125,52.5240478515625,-20.54022216796875";
          rotation = {
            0 = xpoint3:"-0.76370775699615478515625,0.118202269077301025390625,-0.63464832305908203125";
            1 = xpoint3:"-0.639123499393463134765625,0,0.769104063510894775390625";
            2 = xpoint3:"0.0909475982189178466796875,0.992989480495452880859375,0.075500495731830596923828125";
          }
        }
        #3 = {
          scale = fixp:"1";
          name = str:"Bone65";
          translation = xpoint3:"234.805908203125,6.360060214996337890625,311.6170654296875";
          rotation = {
            0 = xpoint3:"0.3869777619838714599609375,0.863630235195159912109375,0.32309615612030029296875";
            1 = xpoint3:"-0.641930878162384033203125,0,0.766762197017669677734375";
            2 = xpoint3:"0.661946356296539306640625,-0.504125297069549560546875,0.55469334125518798828125";
          }
        }
        #4 = {
          scale = fixp:"1";
          name = str:"Bone67";
          translation = xpoint3:"282.689208984375,31.3760166168212890625,222.290985107421875";
          rotation = {
            0 = xpoint3:"0.526210725307464599609375,0.738612353801727294921875,0.4213715493679046630859375";
            1 = xpoint3:"-0.625059187412261962890625,0,0.78057730197906494140625";
            2 = xpoint3:"0.576544225215911865234375,-0.67413032054901123046875,0.461676299571990966796875";
          }
        }
        #5 = {
          scale = fixp:"1";
          name = str:"Bone69";
          translation = xpoint3:"-1.906494140625,659.5806884765625,238.89923095703125";
          rotation = {
            0 = xpoint3:"0.00857605598866939544677734375,-0.999960243701934814453125,0.00248251855373382568359375";
            1 = xpoint3:"0.960485160350799560546875,0.0089281313121318817138671875,0.27818834781646728515625";
            2 = xpoint3:"-0.2781994342803955078125,0,0.9605233669281005859375";
          }
        }
        #6 = {
          scale = fixp:"1";
          name = str:"Dummy06";
          translation = xpoint3:"0.53857421875,821.9774169921875,-216.1802978515625";
          rotation = {
            0 = xpoint3:"1,0,0";
            1 = xpoint3:"0,1,0";
            2 = xpoint3:"0,0,1";
          }
        }
      }
    }
  }
  #3 = {
    scale = fixp:"1";
    name = str:"breeder01";
    translation = xpoint3:"2.27927112579345703125,-4.423756122589111328125,-5.0379486083984375";
    rotation = {
      0 = xpoint3:"1,0,0";
      1 = xpoint3:"0,1,0";
      2 = xpoint3:"0,0,1";
    }
  }
}