model = {
  file = str:"data\models\buildings\breederportal\portal.nif";
  animation = {
    loop = fixp:"8.03333377838134765625";
    duration = fixp:"4.266666889190673828125";
  }
  #0 = {
    scale = fixp:"1";
    name = str:"ROOT";
    translation = xpoint3:"0,0,0";
    rotation = {
      0 = xpoint3:"1,0,0";
      1 = xpoint3:"0,1,0";
      2 = xpoint3:"0,0,1";
    }
    #6 = {
      scale = fixp:"1";
      name = str:"ROOT NonAccum";
      translation = xpoint3:"0,0,0";
      rotation = {
        0 = xpoint3:"1,0,0";
        1 = xpoint3:"0,1,0";
        2 = xpoint3:"0,0,1";
      }
      #0 = {
        scale = fixp:"1";
        name = str:"Bip01";
        translation = xpoint3:"-5.03017711639404296875,0,355.495208740234375";
        rotation = {
          0 = xpoint3:"1,0,0";
          1 = xpoint3:"0,0,-0.999999940395355224609375";
          2 = xpoint3:"0,0.999999940395355224609375,0";
        }
        #0 = {
          scale = fixp:"1";
          name = str:"Bone51";
          translation = xpoint3:"-151.834228515625,60.1909637451171875,-322.84710693359375";
          rotation = {
            0 = xpoint3:"-0.22945840656757354736328125,-0.89725744724273681640625,-0.377197265625";
            1 = xpoint3:"-0.854339122772216796875,0,0.519715785980224609375";
            2 = xpoint3:"-0.466318905353546142578125,0.4415076076984405517578125,-0.76656210422515869140625";
          }
        }
        #1 = {
          scale = fixp:"1";
          name = str:"Bone63";
          translation = xpoint3:"-225.312744140625,11.52378559112548828125,294.0262451171875";
          rotation = {
            0 = xpoint3:"-0.4050892293453216552734375,0.8668076992034912109375,-0.2907698154449462890625";
            1 = xpoint3:"-0.58817756175994873046875,-0.0035900883376598358154296875,0.80872380733489990234375";
            2 = xpoint3:"0.69996416568756103515625,0.4986296594142913818359375,0.511291205883026123046875";
          }
        }
        #2 = {
          scale = fixp:"1";
          name = str:"Bone53";
          translation = xpoint3:"-244.511962890625,103.7718353271484375,-291.95440673828125";
          rotation = {
            0 = xpoint3:"-0.386413633823394775390625,-0.704181373119354248046875,-0.595661818981170654296875";
            1 = xpoint3:"-0.839475810527801513671875,0.0010006427764892578125,0.54339611530303955078125";
            2 = xpoint3:"-0.382053434848785400390625,0.7100193500518798828125,-0.591529786586761474609375";
          }
        }
        #3 = {
          scale = fixp:"1";
          name = str:"Bone61";
          translation = xpoint3:"-277.82421875,25.8996677398681640625,219.2734832763671875";
          rotation = {
            0 = xpoint3:"-0.577189505100250244140625,0.708254992961883544921875,-0.4064814150333404541015625";
            1 = xpoint3:"-0.577510774135589599609375,-0.0021033999510109424591064453125,0.81638038158416748046875";
            2 = xpoint3:"0.57735049724578857421875,0.7059535980224609375,0.4102389812469482421875";
          }
        }
        #4 = {
          scale = fixp:"1";
          name = str:"Bone55";
          translation = xpoint3:"-315.123779296875,42.11614227294921875,-201.423553466796875";
          rotation = {
            0 = xpoint3:"-0.5670611858367919921875,-0.418601691722869873046875,-0.7093756198883056640625";
            1 = xpoint3:"-0.777043282985687255859375,-0.0137976706027984619140625,0.62929570674896240234375";
            2 = xpoint3:"-0.2732121050357818603515625,0.90806496143341064453125,-0.3174473345279693603515625";
          }
        }
        #5 = {
          scale = fixp:"1";
          name = str:"Bone03";
          translation = xpoint3:"-158.6645660400390625,-301.169921875,20.74977874755859375";
          rotation = {
            0 = xpoint3:"-0.2548603117465972900390625,-0.96638858318328857421875,0.0337515212595462799072265625";
            1 = xpoint3:"0.95802438259124755859375,-0.257085502147674560546875,-0.12687098979949951171875";
            2 = xpoint3:"0.13128371536731719970703125,0,0.99134480953216552734375";
          }
        }
        #6 = {
          scale = fixp:"1";
          name = str:"Bone59";
          translation = xpoint3:"-385.735595703125,52.5240478515625,-20.54022216796875";
          rotation = {
            0 = xpoint3:"-0.76370775699615478515625,0.118202269077301025390625,-0.63464832305908203125";
            1 = xpoint3:"-0.639123499393463134765625,0,0.769104063510894775390625";
            2 = xpoint3:"0.0909475982189178466796875,0.992989480495452880859375,0.075500495731830596923828125";
          }
        }
        #7 = {
          scale = fixp:"1";
          name = str:"Bone57";
          translation = xpoint3:"-364.092529296875,98.83568572998046875,-115.42486572265625";
          rotation = {
            0 = xpoint3:"-0.700241029262542724609375,-0.1384058296680450439453125,-0.70036160945892333984375";
            1 = xpoint3:"-0.70779597759246826171875,0.00651319324970245361328125,0.70638692378997802734375";
            2 = xpoint3:"-0.093206465244293212890625,0.99035418033599853515625,-0.10252390801906585693359375";
          }
        }
        #8 = {
          scale = fixp:"1";
          name = str:"Bone07";
          translation = xpoint3:"-275.712646484375,100.74323272705078125,221.260650634765625";
          rotation = {
            0 = xpoint3:"-0.00838172435760498046875,0.5625112056732177734375,0.8267471790313720703125";
            1 = xpoint3:"0.99996483325958251953125,0.004798948764801025390625,0.0068726837635040283203125";
            2 = xpoint3:"0,0.8267757892608642578125,-0.562531650066375732421875";
          }
        }
        #9 = {
          scale = fixp:"1";
          name = str:"Bone29";
          translation = xpoint3:"-230.390380859375,152.1053009033203125,-275.18951416015625";
          rotation = {
            0 = xpoint3:"0.01460890471935272216796875,-0.727055132389068603515625,-0.68642365932464599609375";
            1 = xpoint3:"-0.999704658985137939453125,0.00271485745906829833984375,-0.0241519510746002197265625";
            2 = xpoint3:"0.01942336559295654296875,0.6865737438201904296875,-0.726800739765167236328125";
          }
        }
        #10 = {
          scale = fixp:"1";
          name = str:"Bone31";
          translation = xpoint3:"-278.237060546875,116.21291351318359375,-184.879669189453125";
          rotation = {
            0 = xpoint3:"0.0412986278533935546875,-0.548026025295257568359375,-0.83544099330902099609375";
            1 = xpoint3:"-0.998780310153961181640625,0,-0.04937279224395751953125";
            2 = xpoint3:"0.0270573794841766357421875,0.83646118640899658203125,-0.547357618808746337890625";
          }
        }
        #11 = {
          scale = fixp:"1";
          name = str:"Bone33";
          translation = xpoint3:"-336.741943359375,149.817108154296875,-102.779754638671875";
          rotation = {
            0 = xpoint3:"0.0619942247867584228515625,-0.3259898126125335693359375,-0.943338572978973388671875";
            1 = xpoint3:"-0.99784767627716064453125,0,-0.0655765235424041748046875";
            2 = xpoint3:"0.021377027034759521484375,0.94537341594696044921875,-0.325288236141204833984375";
          }
        }
        #12 = {
          scale = fixp:"1";
          name = str:"Bone35";
          translation = xpoint3:"-342.600341796875,115.30718994140625,-17.29949951171875";
          rotation = {
            0 = xpoint3:"0.06244289875030517578125,-0.0712470114231109619140625,-0.995502173900604248046875";
            1 = xpoint3:"-0.9980385303497314453125,0,-0.0626018941402435302734375";
            2 = xpoint3:"0.00446033477783203125,0.99745857715606689453125,-0.0711071491241455078125";
          }
        }
        #13 = {
          scale = fixp:"1";
          name = str:"Bone05";
          translation = xpoint3:"-213.408447265625,86.0233612060546875,291.04156494140625";
          rotation = {
            0 = xpoint3:"-0.05037827789783477783203125,0.7384891510009765625,0.672380924224853515625";
            1 = xpoint3:"0.99780023097991943359375,0.00816826522350311279296875,0.065788686275482177734375";
            2 = xpoint3:"0.043091952800750732421875,0.674216091632843017578125,-0.73727619647979736328125";
          }
        }
        #14 = {
          scale = fixp:"1";
          name = str:"Bone11";
          translation = xpoint3:"210.770263671875,86.0233612060546875,284.61669921875";
          rotation = {
            0 = xpoint3:"0.0430923998355865478515625,0.67421591281890869140625,-0.73727595806121826171875";
            1 = xpoint3:"0.9978001117706298828125,0.0081680715084075927734375,0.0657889842987060546875";
            2 = xpoint3:"0.0503781139850616455078125,-0.738489091396331787109375,-0.672380745410919189453125";
          }
        }
        #15 = {
          scale = fixp:"1";
          name = str:"Bone17";
          translation = xpoint3:"343.387939453125,115.30718994140625,-17.29949951171875";
          rotation = {
            0 = xpoint3:"0.0624426305294036865234375,-0.07124674320220947265625,-0.99550235271453857421875";
            1 = xpoint3:"0.99803864955902099609375,0,0.062601745128631591796875";
            2 = xpoint3:"-0.0044603049755096435546875,-0.997458755970001220703125,0.0711069405078887939453125";
          }
        }
        #16 = {
          scale = fixp:"1";
          name = str:"Bone19";
          translation = xpoint3:"336.143798828125,149.817108154296875,-102.779754638671875";
          rotation = {
            0 = xpoint3:"0.0619944036006927490234375,-0.325990200042724609375,-0.9433381557464599609375";
            1 = xpoint3:"0.99784743785858154296875,0,0.0655765831470489501953125";
            2 = xpoint3:"-0.021377384662628173828125,-0.945373058319091796875,0.32528865337371826171875";
          }
        }
        #17 = {
          scale = fixp:"1";
          name = str:"Bone21";
          translation = xpoint3:"277.708740234375,116.21291351318359375,-184.879669189453125";
          rotation = {
            0 = xpoint3:"0.041298568248748779296875,-0.54802596569061279296875,-0.83544099330902099609375";
            1 = xpoint3:"0.99878025054931640625,0,0.0493728816509246826171875";
            2 = xpoint3:"-0.027057707309722900390625,-0.83646118640899658203125,0.547357738018035888671875";
          }
        }
        #18 = {
          scale = fixp:"1";
          name = str:"Bone23";
          translation = xpoint3:"228.44921875,152.1053009033203125,-275.18951416015625";
          rotation = {
            0 = xpoint3:"0.01460848748683929443359375,-0.72705519199371337890625,-0.68642365932464599609375";
            1 = xpoint3:"0.9997045993804931640625,-0.0027154386043548583984375,0.0241519510746002197265625";
            2 = xpoint3:"-0.0194236934185028076171875,-0.6865737438201904296875,0.7268006801605224609375";
          }
        }
        #19 = {
          scale = fixp:"1";
          name = str:"Bone25";
          translation = xpoint3:"142.003173828125,117.6558990478515625,-296.921783447265625";
          rotation = {
            0 = xpoint3:"0.00849545933306217193603515625,-0.9377498626708984375,-0.347207248210906982421875";
            1 = xpoint3:"0.99970066547393798828125,0,0.02446033060550689697265625";
            2 = xpoint3:"-0.02293767035007476806640625,-0.34731113910675048828125,0.93746936321258544921875";
          }
        }
        #20 = {
          scale = fixp:"1";
          name = str:"Bone09";
          translation = xpoint3:"282.924560546875,100.74323272705078125,220.6186676025390625";
          rotation = {
            0 = xpoint3:"-0.0083816945552825927734375,0.716508090496063232421875,-0.697528421878814697265625";
            1 = xpoint3:"0.999964892864227294921875,0.0059349238872528076171875,-0.0059194862842559814453125";
            2 = xpoint3:"0,-0.69755351543426513671875,-0.716532647609710693359375";
          }
        }
        #21 = {
          scale = fixp:"1";
          name = str:"Bone39";
          translation = xpoint3:"-2.887451171875,-127.2159423828125,-290.85125732421875";
          rotation = {
            0 = xpoint3:"0.003627993166446685791015625,-0.999971091747283935546875,-0.00668321549892425537109375";
            1 = xpoint3:"0.878856956958770751953125,0,0.4770854413509368896484375";
            2 = xpoint3:"-0.47707164287567138671875,-0.0076044499874114990234375,0.87883150577545166015625";
          }
        }
        #22 = {
          scale = fixp:"1";
          name = str:"Bone41";
          translation = xpoint3:"152.67919921875,64.2899322509765625,-323.95062255859375";
          rotation = {
            0 = xpoint3:"0.20945163071155548095703125,-0.917330801486968994140625,0.33857667446136474609375";
            1 = xpoint3:"-0.867343842983245849609375,-0.01441626809537410736083984375,0.4975006580352783203125";
            2 = xpoint3:"-0.451491653919219970703125,-0.39786469936370849609375,-0.798660755157470703125";
          }
        }
        #23 = {
          scale = fixp:"1";
          name = str:"Bone43";
          translation = xpoint3:"230.11328125,111.3979644775390625,-275.724365234375";
          rotation = {
            0 = xpoint3:"0.42639386653900146484375,-0.69348680973052978515625,0.58074462413787841796875";
            1 = xpoint3:"-0.79872572422027587890625,0.012663849629461765289306640625,0.601561963558197021484375";
            2 = xpoint3:"-0.4245297014713287353515625,-0.720357954502105712890625,-0.54850590229034423828125";
          }
        }
        #24 = {
          scale = fixp:"1";
          name = str:"Bone45";
          translation = xpoint3:"303.374267578125,40.80941009521484375,-212.516326904296875";
          rotation = {
            0 = xpoint3:"0.60526454448699951171875,-0.3962688446044921875,0.69038093090057373046875";
            1 = xpoint3:"-0.7557075023651123046875,-0.0135326571762561798095703125,0.65476930141448974609375";
            2 = xpoint3:"-0.2501219213008880615234375,-0.91803467273712158203125,-0.3076541423797607421875";
          }
        }
        #25 = {
          scale = fixp:"1";
          name = str:"Bone47";
          translation = xpoint3:"357.046142578125,109.00240325927734375,-109.498565673828125";
          rotation = {
            0 = xpoint3:"0.72773063182830810546875,-0.1404817104339599609375,0.671321868896484375";
            1 = xpoint3:"-0.675480306148529052734375,0.0228661596775054931640625,0.7370235919952392578125";
            2 = xpoint3:"-0.1188889443874359130859375,-0.9898192882537841796875,-0.07825224101543426513671875";
          }
        }
        #26 = {
          scale = fixp:"1";
          name = str:"Bone49";
          translation = xpoint3:"367.225341796875,51.434722900390625,-24.41094970703125";
          rotation = {
            0 = xpoint3:"0.79520642757415771484375,0.0569137036800384521484375,0.6036617755889892578125";
            1 = xpoint3:"-0.6048004627227783203125,0.00357978045940399169921875,0.796368896961212158203125";
            2 = xpoint3:"0.043163359165191650390625,-0.998372614383697509765625,0.03726811707019805908203125";
          }
        }
        #27 = {
          scale = fixp:"1";
          name = str:"Bone65";
          translation = xpoint3:"234.805908203125,6.360060214996337890625,311.6170654296875";
          rotation = {
            0 = xpoint3:"0.38697779178619384765625,0.86363017559051513671875,0.32309615612030029296875";
            1 = xpoint3:"-0.64193093776702880859375,0,0.76676213741302490234375";
            2 = xpoint3:"0.661946356296539306640625,-0.5041253566741943359375,0.55469334125518798828125";
          }
        }
        #28 = {
          scale = fixp:"1";
          name = str:"Bone67";
          translation = xpoint3:"282.689208984375,31.3760166168212890625,222.290985107421875";
          rotation = {
            0 = xpoint3:"0.526210725307464599609375,0.738612353801727294921875,0.4213715493679046630859375";
            1 = xpoint3:"-0.625059187412261962890625,0,0.78057730197906494140625";
            2 = xpoint3:"0.576544225215911865234375,-0.67413032054901123046875,0.461676299571990966796875";
          }
        }
        #29 = {
          scale = fixp:"1";
          name = str:"Bone01";
          translation = xpoint3:"157.784942626953125,-305.450714111328125,31.91785430908203125";
          rotation = {
            0 = xpoint3:"0.2757177054882049560546875,-0.960724890232086181640625,-0.0314209349453449249267578125";
            1 = xpoint3:"0.954897463321685791015625,0.277500927448272705078125,-0.10565958917140960693359375";
            2 = xpoint3:"0.11022914946079254150390625,0,0.993905842304229736328125";
          }
        }
        #30 = {
          scale = fixp:"1";
          name = str:"Bone27";
          translation = xpoint3:"-142.191162109375,117.6558685302734375,-296.921783447265625";
          rotation = {
            0 = xpoint3:"0.00849532522261142730712890625,-0.937749922275543212890625,-0.3472072780132293701171875";
            1 = xpoint3:"-0.999700844287872314453125,0,-0.02445955574512481689453125";
            2 = xpoint3:"0.0229368507862091064453125,0.347311198711395263671875,-0.937469422817230224609375";
          }
        }
        #31 = {
          scale = fixp:"0.945134937763214111328125";
          name = str:"Dummy09";
          translation = xpoint3:"7.18927764892578125,-296.4595947265625,0";
          rotation = {
            0 = xpoint3:"1,0,0";
            1 = xpoint3:"0,1,0";
            2 = xpoint3:"0,0,1";
          }
          #0 = {
            scale = fixp:"1";
            name = str:"Dummy01";
            translation = xpoint3:"-167.1087646484375,440.903289794921875,0";
            rotation = {
              0 = xpoint3:"1,0,0";
              1 = xpoint3:"0,1,0";
              2 = xpoint3:"0,0,1";
            }
          }
          #1 = {
            scale = fixp:"1";
            name = str:"Dummy08";
            translation = xpoint3:"-6.285812854766845703125,439.181121826171875,178.362396240234375";
            rotation = {
              0 = xpoint3:"1,0,0";
              1 = xpoint3:"0,1,0";
              2 = xpoint3:"0,0,1";
            }
          }
          #2 = {
            scale = fixp:"1";
            name = str:"Dummy02";
            translation = xpoint3:"173.35675048828125,439.192291259765625,0";
            rotation = {
              0 = xpoint3:"1,0,0";
              1 = xpoint3:"0,1,0";
              2 = xpoint3:"0,0,1";
            }
          }
          #3 = {
            scale = fixp:"1";
            name = str:"Dummy06";
            translation = xpoint3:"-6.285812854766845703125,439.18096923828125,-204.3196258544921875";
            rotation = {
              0 = xpoint3:"1,0,0";
              1 = xpoint3:"0,1,0";
              2 = xpoint3:"0,0,1";
            }
          }
          #4 = {
            scale = fixp:"1";
            name = str:"Dummy03";
            translation = xpoint3:"-288.5814208984375,56.58118438720703125,0";
            rotation = {
              0 = xpoint3:"1,0,0";
              1 = xpoint3:"0,1,0";
              2 = xpoint3:"0,0,1";
            }
          }
          #5 = {
            scale = fixp:"1";
            name = str:"Dummy04";
            translation = xpoint3:"258.90093994140625,58.29205322265625,0";
            rotation = {
              0 = xpoint3:"1,0,0";
              1 = xpoint3:"0,1,0";
              2 = xpoint3:"0,0,1";
            }
          }
        }
        #32 = {
          scale = fixp:"1";
          name = str:"Dummy11";
          translation = xpoint3:"391.1148681640625,-248.6647491455078125,1.99061906337738037109375";
          rotation = {
            0 = xpoint3:"0.9972865581512451171875,0.06321227550506591796875,-0.037732221186161041259765625";
            1 = xpoint3:"-0.06322716176509857177734375,0.99799883365631103515625,0";
            2 = xpoint3:"0.037707276642322540283203125,0.0015880130231380462646484375,0.999287545680999755859375";
          }
          #0 = {
            scale = fixp:"1";
            name = str:"Dummy12";
            translation = xpoint3:"-11.9968109130859375,557.60791015625,1.8575439453125";
            rotation = {
              0 = xpoint3:"1,0,0";
              1 = xpoint3:"0,1,0";
              2 = xpoint3:"0,0,1";
            }
            #0 = {
              scale = fixp:"1";
              name = str:"Dummy24";
              translation = xpoint3:"-1.98216831684112548828125,-38.10395050048828125,153.614105224609375";
              rotation = {
                0 = xpoint3:"1,0,0";
                1 = xpoint3:"0,1,0";
                2 = xpoint3:"0,0,1";
              }
              #0 = {
                scale = fixp:"1";
                name = str:"Dummy25";
                translation = xpoint3:"3.26182842254638671875,0.24584589898586273193359375,0.1500194072723388671875";
                rotation = {
                  0 = xpoint3:"1,0,0";
                  1 = xpoint3:"0,1,0";
                  2 = xpoint3:"0,0,1";
                }
                #0 = {
                  scale = fixp:"1";
                  name = str:"Dummy26";
                  translation = xpoint3:"-3.9587428569793701171875,1.4138557910919189453125,-0.32194173336029052734375";
                  rotation = {
                    0 = xpoint3:"0.957102119922637939453125,0.289750754833221435546875,0";
                    1 = xpoint3:"-0.289750754833221435546875,0.957102119922637939453125,0";
                    2 = xpoint3:"0,0,1";
                  }
                  #0 = {
                    scale = fixp:"1";
                    name = str:"Dummy27";
                    translation = xpoint3:"-0.61645400524139404296875,-1.72184658050537109375,-0.817552089691162109375";
                    rotation = {
                      0 = xpoint3:"1,0,0";
                      1 = xpoint3:"0,1,0";
                      2 = xpoint3:"0,0,1";
                    }
                    #0 = {
                      scale = fixp:"1";
                      name = str:"Dummy13";
                      translation = xpoint3:"-4.36426258087158203125,-8.03564739227294921875,-153.5027923583984375";
                      rotation = {
                        0 = xpoint3:"1,0,0";
                        1 = xpoint3:"0,1,0";
                        2 = xpoint3:"0,0,1";
                      }
                    }
                  }
                }
              }
            }
          }
        }
        #33 = {
          scale = fixp:"1";
          name = str:"Dummy14";
          translation = xpoint3:"-434.20111083984375,-254.655029296875,3.106105327606201171875";
          rotation = {
            0 = xpoint3:"0.999195754528045654296875,0,0.0400972068309783935546875";
            1 = xpoint3:"0,1,0";
            2 = xpoint3:"-0.0400972068309783935546875,0,0.999195754528045654296875";
          }
          #0 = {
            scale = fixp:"1";
            name = str:"Dummy15";
            translation = xpoint3:"45.39949798583984375,557.66949462890625,1.73200905323028564453125";
            rotation = {
              0 = xpoint3:"1,0,0";
              1 = xpoint3:"0,1,0";
              2 = xpoint3:"0,0,1";
            }
            #0 = {
              scale = fixp:"1";
              name = str:"Dummy28";
              translation = xpoint3:"1.74248659610748291015625,-36.89897918701171875,153.3520050048828125";
              rotation = {
                0 = xpoint3:"1,0,0";
                1 = xpoint3:"0,1,0";
                2 = xpoint3:"0,0,1";
              }
              #0 = {
                scale = fixp:"1";
                name = str:"Dummy29";
                translation = xpoint3:"-0.40948688983917236328125,-3.7088553905487060546875,0.0579016394913196563720703125";
                rotation = {
                  0 = xpoint3:"1,0,0";
                  1 = xpoint3:"0,1,0";
                  2 = xpoint3:"0,0,1";
                }
                #0 = {
                  scale = fixp:"1";
                  name = str:"Dummy30";
                  translation = xpoint3:"-6.07797527313232421875,1.38574898242950439453125,-0.4202005863189697265625";
                  rotation = {
                    0 = xpoint3:"0.984847545623779296875,-0.17342232167720794677734375,0";
                    1 = xpoint3:"0.17342232167720794677734375,0.984847545623779296875,0";
                    2 = xpoint3:"0,0,1";
                  }
                  #0 = {
                    scale = fixp:"1";
                    name = str:"Dummy31";
                    translation = xpoint3:"7.26982402801513671875,3.3056299686431884765625,-1.01180708408355712890625";
                    rotation = {
                      0 = xpoint3:"1,0,0";
                      1 = xpoint3:"0,1,0";
                      2 = xpoint3:"0,0,1";
                    }
                    #0 = {
                      scale = fixp:"1";
                      name = str:"Dummy16";
                      translation = xpoint3:"-4.062698841094970703125,-10.57367801666259765625,-153.7159576416015625";
                      rotation = {
                        0 = xpoint3:"1,0,0";
                        1 = xpoint3:"0,1,0";
                        2 = xpoint3:"0,0,1";
                      }
                    }
                  }
                }
              }
            }
          }
        }
        #34 = {
          scale = fixp:"1";
          name = str:"Dummy17";
          translation = xpoint3:"-0.16074085235595703125,-643.6654052734375,-390.510833740234375";
          rotation = {
            0 = xpoint3:"1,0,0";
            1 = xpoint3:"0,1,0";
            2 = xpoint3:"0,0,1";
          }
          #0 = {
            scale = fixp:"1";
            name = str:"Dummy18";
            translation = xpoint3:"0,590.8646240234375,48.823535919189453125";
            rotation = {
              0 = xpoint3:"1,0,0";
              1 = xpoint3:"0,0.996236264705657958984375,-0.086679495871067047119140625";
              2 = xpoint3:"0,0.086679495871067047119140625,0.996236264705657958984375";
            }
            #0 = {
              scale = fixp:"1";
              name = str:"Dummy20";
              translation = xpoint3:"0,-69.0793609619140625,6.643896579742431640625";
              rotation = {
                0 = xpoint3:"1,0,0";
                1 = xpoint3:"0,1,0";
                2 = xpoint3:"0,0,1";
              }
              #0 = {
                scale = fixp:"1";
                name = str:"Dummy21";
                translation = xpoint3:"0,0.96945059299468994140625,-3.4418895244598388671875";
                rotation = {
                  0 = xpoint3:"1,0,0";
                  1 = xpoint3:"0,1,0";
                  2 = xpoint3:"0,0,1";
                }
                #0 = {
                  scale = fixp:"1";
                  name = str:"Dummy22";
                  translation = xpoint3:"0,-4.893585681915283203125,1.769369602203369140625";
                  rotation = {
                    0 = xpoint3:"1,0,0";
                    1 = xpoint3:"0,0.965355217456817626953125,0.2609393298625946044921875";
                    2 = xpoint3:"0,-0.2609393298625946044921875,0.965355217456817626953125";
                  }
                  #0 = {
                    scale = fixp:"1";
                    name = str:"Dummy23";
                    translation = xpoint3:"0,6.90487766265869140625,-3.6472289562225341796875";
                    rotation = {
                      0 = xpoint3:"1,0,0";
                      1 = xpoint3:"0,0.984084188938140869140625,0.17770279943943023681640625";
                      2 = xpoint3:"0,-0.17770279943943023681640625,0.984084188938140869140625";
                    }
                    #0 = {
                      scale = fixp:"1";
                      name = str:"Dummy19";
                      translation = xpoint3:"0,-12.25972270965576171875,2.717905521392822265625";
                      rotation = {
                        0 = xpoint3:"1,0,0";
                        1 = xpoint3:"0,1,0";
                        2 = xpoint3:"0,0,1";
                      }
                    }
                  }
                }
              }
            }
          }
        }
        #35 = {
          scale = fixp:"1";
          name = str:"Dummy10";
          translation = xpoint3:"-2.68304920196533203125,-53.4468536376953125,391.22137451171875";
          rotation = {
            0 = xpoint3:"1,0,0";
            1 = xpoint3:"0,1,0";
            2 = xpoint3:"0,0,1";
          }
          #0 = {
            scale = fixp:"1";
            name = str:"Bone13";
            translation = xpoint3:"134.67987060546875,129.7027130126953125,-87.7870025634765625";
            rotation = {
              0 = xpoint3:"-0.02749716676771640777587890625,-0.99962151050567626953125,0";
              1 = xpoint3:"0.99901354312896728515625,-0.027513913810253143310546875,-0.03485988080501556396484375";
              2 = xpoint3:"0.034873090684413909912109375,0,0.999391734600067138671875";
            }
          }
          #1 = {
            scale = fixp:"1";
            name = str:"Bone15";
            translation = xpoint3:"-134.72320556640625,108.9793853759765625,-87.7870025634765625";
            rotation = {
              0 = xpoint3:"0.0350435934960842132568359375,-0.999384939670562744140625,-0.001251660287380218505859375";
              1 = xpoint3:"0.998746812343597412109375,0.035065941512584686279296875,-0.035709083080291748046875";
              2 = xpoint3:"0.035731010138988494873046875,0,0.999361455440521240234375";
            }
          }
        }
      }
      #1 = {
        scale = fixp:"1";
        name = str:"Deflector01";
        translation = xpoint3:"0,-88.552001953125,0";
        rotation = {
          0 = xpoint3:"1,0,0";
          1 = xpoint3:"0,1,0";
          2 = xpoint3:"0,0,1";
        }
      }
      #2 = {
        scale = fixp:"1";
        name = str:"Gravity01";
        translation = xpoint3:"-106.6159210205078125,-61.99549102783203125,0";
        rotation = {
          0 = xpoint3:"1,0,0";
          1 = xpoint3:"0,-1,0";
          2 = xpoint3:"0,0,-1";
        }
      }
      #3 = {
        scale = fixp:"1";
        name = str:"PCloud01-Emitter";
        translation = xpoint3:"-9.970947265625,-4.023681640625,605.06671142578125";
        rotation = {
          0 = xpoint3:"1,0,0";
          1 = xpoint3:"0,1,0";
          2 = xpoint3:"0,0,1";
        }
      }
      #4 = {
        scale = fixp:"1";
        name = str:"PCloud02Fragments-Emitter";
        translation = xpoint3:"11.622314453125,64.083160400390625,120.8643341064453125";
        rotation = {
          0 = xpoint3:"1,0,0";
          1 = xpoint3:"0,1,0";
          2 = xpoint3:"0,0,1";
        }
      }
      #5 = {
        scale = fixp:"1";
        name = str:"PCloud02Slime-Emitter";
        translation = xpoint3:"11.622314453125,7.428558349609375,899.36212158203125";
        rotation = {
          0 = xpoint3:"1,0,0";
          1 = xpoint3:"0,1,0";
          2 = xpoint3:"0,0,1";
        }
      }
      #6 = {
        scale = fixp:"1";
        name = str:"PCloud02Glow-Emitter";
        translation = xpoint3:"-9.970947265625,-4.023681640625,450.0828857421875";
        rotation = {
          0 = xpoint3:"1,0,0";
          1 = xpoint3:"0,1,0";
          2 = xpoint3:"0,0,1";
        }
      }
    }
  }
}