model = {
  file = str:"data\models\units\mercenary\mercenary.nif";
  animation = {
    loop = fixp:"0";
    duration = fixp:"24.666667938232421875";
  }
  #1 = {
    scale = fixp:"1";
    name = str:"ROOT";
    translation = xpoint3:"0,0,0";
    rotation = {
      0 = xpoint3:"1,0,0";
      1 = xpoint3:"0,1,0";
      2 = xpoint3:"0,0,1";
    }
    #4 = {
      scale = fixp:"1";
      name = str:"ROOT NonAccum";
      translation = xpoint3:"0,0,0";
      rotation = {
        0 = xpoint3:"1,0,0";
        1 = xpoint3:"0,1,0";
        2 = xpoint3:"0,0,1";
      }
      #0 = {
        scale = fixp:"1";
        name = str:"pt_ground";
        translation = xpoint3:"0,-4.402217864990234375,0";
        rotation = {
          0 = xpoint3:"1,0,0";
          1 = xpoint3:"0,1,0";
          2 = xpoint3:"0,0,1";
        }
      }
      #1 = {
        scale = fixp:"1";
        name = str:"pt_top";
        translation = xpoint3:"0.3760726749897003173828125,-3.411045074462890625,208.1474456787109375";
        rotation = {
          0 = xpoint3:"0.9999825954437255859375,-0.00530411303043365478515625,-0.002584123052656650543212890625";
          1 = xpoint3:"0.0052742525003850460052490234375,0.999920785427093505859375,-0.011428349651396274566650390625";
          2 = xpoint3:"0.0026445356197655200958251953125,0.011414521373808383941650390625,0.99993133544921875";
        }
      }
      #2 = {
        scale = fixp:"1";
        name = str:"Bip01";
        translation = xpoint3:"-0.4687454998493194580078125,-9.3773708343505859375,93.148956298828125";
        rotation = {
          0 = xpoint3:"0.00545259751379489898681640625,0.9992063045501708984375,-0.010666261427104473114013671875";
          1 = xpoint3:"-0.99900209903717041015625,0.005694918334484100341796875,0.0227909199893474578857421875";
          2 = xpoint3:"0.0228424072265625,0.010555543005466461181640625,0.9996831417083740234375";
        }
        #0 = {
          scale = fixp:"1";
          name = str:"Bip01 Footsteps";
          translation = xpoint3:"-2.1084368228912353515625,-0.97431468963623046875,-92.20735931396484375";
          rotation = {
            0 = xpoint3:"0.0047302977181971073150634765625,-0.9997274875640869140625,0.02285899408161640167236328125";
            1 = xpoint3:"0.999931871891021728515625,0.0049727945588529109954833984375,0.010563210584223270416259765625";
            2 = xpoint3:"-0.01067400537431240081787109375,0.0228074677288532257080078125,0.999682903289794921875";
          }
        }
        #1 = {
          scale = fixp:"1";
          name = str:"pt_center";
          translation = xpoint3:"1.5387897491455078125,-0.3074403107166290283203125,14.38099956512451171875";
          rotation = {
            0 = xpoint3:"0,-0.999412715435028076171875,0.034266926348209381103515625";
            1 = xpoint3:"1,0,0";
            2 = xpoint3:"0,0.034266926348209381103515625,0.999412715435028076171875";
          }
        }
        #2 = {
          scale = fixp:"1";
          name = str:"pt_cast";
          translation = xpoint3:"69.90627288818359375,-0.3075332343578338623046875,11.8366298675537109375";
          rotation = {
            0 = xpoint3:"0,-0.999412715435028076171875,0.034266926348209381103515625";
            1 = xpoint3:"1,0,0";
            2 = xpoint3:"0,0.034266926348209381103515625,0.999412715435028076171875";
          }
        }
        #3 = {
          scale = fixp:"1";
          name = str:"Dummy_Pivot";
          translation = xpoint3:"0.755178987979888916015625,-0.592616975307464599609375,0.81451499462127685546875";
          rotation = {
            0 = xpoint3:"0.999997615814208984375,0,-0.0021774810738861560821533203125";
            1 = xpoint3:"0,0.9996852874755859375,0.0250871069729328155517578125";
            2 = xpoint3:"0.0021781907416880130767822265625,-0.02508704364299774169921875,0.999682903289794921875";
          }
          #0 = {
            scale = fixp:"1";
            name = str:"Bip01 Spine";
            translation = xpoint3:"-0.742157399654388427734375,0.3114372789859771728515625,11.36106109619140625";
            rotation = {
              0 = xpoint3:"0.2396106719970703125,0.92210865020751953125,0.30199134349822998046875";
              1 = xpoint3:"-0.090384006500244140625,-0.2877840101718902587890625,0.952440083026885986328125";
              2 = xpoint3:"0.96608173847198486328125,-0.255003869533538818359375,0.015159391798079013824462890625";
            }
            #0 = {
              scale = fixp:"1";
              name = str:"Bip01 Spine1";
              translation = xpoint3:"15.90958881378173828125,-0.02361516654491424560546875,0.0044457274489104747772216796875";
              rotation = {
                0 = xpoint3:"0.950364172458648681640625,0.2116371095180511474609375,0.2279157340526580810546875";
                1 = xpoint3:"-0.2453664243221282958984375,0.960490405559539794921875,0.13113434612751007080078125";
                2 = xpoint3:"-0.191131293773651123046875,-0.18058414757251739501953125,0.9647834300994873046875";
              }
              #0 = {
                scale = fixp:"1";
                name = str:"Bip01 Neck";
                translation = xpoint3:"28.8604278564453125,-0.00368788209743797779083251953125,0";
                rotation = {
                  0 = xpoint3:"0.99783837795257568359375,-0.0144292525947093963623046875,-0.06408758461475372314453125";
                  1 = xpoint3:"0.0226137600839138031005859375,0.9914081096649169921875,0.128787219524383544921875";
                  2 = xpoint3:"0.0616768933832645416259765625,-0.1299589574337005615234375,0.9895915985107421875";
                }
                #0 = {
                  scale = fixp:"1";
                  name = str:"Bip01 Head";
                  translation = xpoint3:"6.710689067840576171875,0,0";
                  rotation = {
                    0 = xpoint3:"0.988869845867156982421875,-0.01372756995260715484619140625,-0.1480938494205474853515625";
                    1 = xpoint3:"-0.071614347398281097412109375,0.828875601291656494140625,-0.55460643768310546875";
                    2 = xpoint3:"0.13035190105438232421875,0.559042453765869140625,0.8186676502227783203125";
                  }
                  #0 = {
                    scale = fixp:"1";
                    name = str:"pt_head";
                    translation = xpoint3:"10.7059535980224609375,9.84364223480224609375,0.14821006357669830322265625";
                    rotation = {
                      0 = xpoint3:"-0.01023648492991924285888671875,0.02265393920242786407470703125,0.999690949916839599609375";
                      1 = xpoint3:"-0.043019510805606842041015625,-0.9988276958465576171875,0.02219387330114841461181640625";
                      2 = xpoint3:"0.9990217685699462890625,-0.042779028415679931640625,0.0111990459263324737548828125";
                    }
                  }
                }
                #1 = {
                  scale = fixp:"1";
                  name = str:"Bip01 L Clavicle";
                  translation = xpoint3:"1.68679130077362060546875,-2.5307233333587646484375,9.739681243896484375";
                  rotation = {
                    0 = xpoint3:"-0.15310029685497283935546875,-0.014570661820471286773681640625,0.987256109714508056640625";
                    1 = xpoint3:"0.012654750607907772064208984375,-0.998387157917022705078125,-0.012773893773555755615234375";
                    2 = xpoint3:"0.987282574176788330078125,0.01053616963326930999755859375,0.15471099317073822021484375";
                  }
                  #0 = {
                    scale = fixp:"1";
                    name = str:"Bip01 L UpperArm";
                    translation = xpoint3:"16.522960662841796875,0,0";
                    rotation = {
                      0 = xpoint3:"0.2059740722179412841796875,0.3771767914295196533203125,0.902308166027069091796875";
                      1 = xpoint3:"-0.1761209666728973388671875,0.92187321186065673828125,-0.344989597797393798828125";
                      2 = xpoint3:"-0.961979091167449951171875,-0.088170789182186126708984375,0.256403982639312744140625";
                    }
                    #0 = {
                      scale = fixp:"1";
                      name = str:"Bip01 L Forearm";
                      translation = xpoint3:"36.275104522705078125,0,0";
                      rotation = {
                        0 = xpoint3:"0.395280420780181884765625,0.918082714080810546875,0";
                        1 = xpoint3:"-0.918082714080810546875,0.395280420780181884765625,0";
                        2 = xpoint3:"0,0,1";
                      }
                      #0 = {
                        scale = fixp:"1";
                        name = str:"Bip01 L Hand";
                        translation = xpoint3:"29.1583805084228515625,0,0";
                        rotation = {
                          0 = xpoint3:"0.982053279876708984375,-0.1822650730609893798828125,0.048215888440608978271484375";
                          1 = xpoint3:"-0.15424191951751708984375,-0.9223697185516357421875,-0.3502198159694671630859375";
                          2 = xpoint3:"0.108419366180896759033203125,0.3364876210689544677734375,-0.9339244365692138671875";
                        }
                        #0 = {
                          scale = fixp:"1";
                          name = str:"Bip01 L Finger0";
                          translation = xpoint3:"4.193543910980224609375,1.73254048824310302734375,-6.28629970550537109375";
                          rotation = {
                            0 = xpoint3:"0.374815464019775390625,0.733515322208404541015625,0.56618130207061767578125";
                            1 = xpoint3:"0.762643039226531982421875,0.103787839412689208984375,-0.6374189853668212890625";
                            2 = xpoint3:"-0.526290416717529296875,0.67073285579681396484375,-0.520508468151092529296875";
                          }
                        }
                        #1 = {
                          scale = fixp:"1";
                          name = str:"Bip01 L Finger1";
                          translation = xpoint3:"11.72798919677734375,1.220340728759765625,-0.1467837989330291748046875";
                          rotation = {
                            0 = xpoint3:"0.19023217260837554931640625,-0.98080503940582275390625,-0.02565417997539043426513671875";
                            1 = xpoint3:"0.980497837066650390625,0.18909780681133270263671875,0.04109980165958404541015625";
                            2 = xpoint3:"-0.03550411760807037353515625,-0.032966472208499908447265625,0.998824775218963623046875";
                          }
                        }
                        #2 = {
                          scale = fixp:"1";
                          name = str:"pt_hand";
                          translation = xpoint3:"10.21190547943115234375,5.478977680206298828125,0";
                          rotation = {
                            0 = xpoint3:"1,0,0";
                            1 = xpoint3:"0,1,0";
                            2 = xpoint3:"0,0,1";
                          }
                        }
                      }
                    }
                  }
                }
                #2 = {
                  scale = fixp:"1";
                  name = str:"Bip01 R Clavicle";
                  translation = xpoint3:"0.4434406757354736328125,0.089172668755054473876953125,-10.19482898712158203125";
                  rotation = {
                    0 = xpoint3:"-0.01256112568080425262451171875,-0.039890468120574951171875,-0.9983894824981689453125";
                    1 = xpoint3:"0.4038338959217071533203125,-0.91278350353240966796875,0.03112480975687503814697265625";
                    2 = xpoint3:"-0.9139425754547119140625,-0.4030624330043792724609375,0.02899272181093692779541015625";
                  }
                  #0 = {
                    scale = fixp:"1";
                    name = str:"Bip01 R UpperArm";
                    translation = xpoint3:"16.522960662841796875,0,0";
                    rotation = {
                      0 = xpoint3:"0.812902927398681640625,0.543458640575408935546875,-0.2087343037128448486328125";
                      1 = xpoint3:"-0.1849544048309326171875,0.581323802471160888671875,0.79198920726776123046875";
                      2 = xpoint3:"0.55200469493865966796875,-0.6050684452056884765625,0.5732047557830810546875";
                    }
                    #0 = {
                      scale = fixp:"1";
                      name = str:"Bip01 R Forearm";
                      translation = xpoint3:"36.27510833740234375,0,0";
                      rotation = {
                        0 = xpoint3:"-0.047044090926647186279296875,0.9981319904327392578125,0";
                        1 = xpoint3:"-0.9981319904327392578125,-0.047044090926647186279296875,0";
                        2 = xpoint3:"0,0,1";
                      }
                      #0 = {
                        scale = fixp:"1";
                        name = str:"Bip01 R Hand";
                        translation = xpoint3:"29.15839385986328125,0,0";
                        rotation = {
                          0 = xpoint3:"0.999213159084320068359375,0.0060361661016941070556640625,-0.0391856096684932708740234375";
                          1 = xpoint3:"-0.035924158990383148193359375,-0.2794029414653778076171875,-0.958533704280853271484375";
                          2 = xpoint3:"-0.0167750455439090728759765625,0.959187686443328857421875,-0.27896535396575927734375";
                        }
                        #0 = {
                          scale = fixp:"1";
                          name = str:"Bip01 R Finger0";
                          translation = xpoint3:"4.193546772003173828125,1.73254120349884033203125,6.286304950714111328125";
                          rotation = {
                            0 = xpoint3:"0.5108311176300048828125,0.856352508068084716796875,-0.0707255303859710693359375";
                            1 = xpoint3:"0.769230663776397705078125,-0.417726814746856689453125,0.481384754180908203125";
                            2 = xpoint3:"0.3829176127910614013671875,-0.30017912387847900390625,-0.87209522724151611328125";
                          }
                        }
                        #1 = {
                          scale = fixp:"1";
                          name = str:"Bip01 R Finger1";
                          translation = xpoint3:"11.727985382080078125,1.22034108638763427734375,0.14678694307804107666015625";
                          rotation = {
                            0 = xpoint3:"0.1620840728282928466796875,-0.986034393310546875,-0.01577830500900745391845703125";
                            1 = xpoint3:"0.98434221744537353515625,0.1627363860607147216796875,-0.0580703802406787872314453125";
                            2 = xpoint3:"0.05985908210277557373046875,-0.0061655794270336627960205078125,0.99818646907806396484375";
                          }
                        }
                        #2 = {
                          scale = fixp:"1";
                          name = str:"pt_hand@#0";
                          translation = xpoint3:"6.118658542633056640625,2.9566457271575927734375,0";
                          rotation = {
                            0 = xpoint3:"1,0,0";
                            1 = xpoint3:"0,1,0";
                            2 = xpoint3:"0,0,1";
                          }
                        }
                        #3 = {
                          scale = fixp:"1";
                          name = str:"pt_tools";
                          translation = xpoint3:"0,0,0";
                          rotation = {
                            0 = xpoint3:"1,0,0";
                            1 = xpoint3:"0,1,0";
                            2 = xpoint3:"0,0,1";
                          }
                          #0 = {
                            scale = fixp:"1";
                            name = str:"Bone_kluch";
                            translation = xpoint3:"8.26051616668701171875,5.910727977752685546875,-0.0724969208240509033203125";
                            rotation = {
                              0 = xpoint3:"0.3579149544239044189453125,0.0242702066898345947265625,-0.933438777923583984375";
                              1 = xpoint3:"-0.2308438122272491455078125,0.970931589603424072265625,-0.06326901912689208984375";
                              2 = xpoint3:"0.9047696590423583984375,0.238123476505279541015625,0.3531135618686676025390625";
                            }
                          }
                          #1 = {
                            scale = fixp:"1";
                            name = str:"Bone_hammer";
                            translation = xpoint3:"8.3441982269287109375,6.524526119232177734375,-1.52596247196197509765625";
                            rotation = {
                              0 = xpoint3:"0.12581171095371246337890625,-0.67221224308013916015625,0.72959029674530029296875";
                              1 = xpoint3:"-0.07632744312286376953125,-0.73981297016143798828125,-0.668468952178955078125";
                              2 = xpoint3:"0.98911345005035400390625,0.02841341495513916015625,-0.14438532292842864990234375";
                            }
                          }
                          #2 = {
                            scale = fixp:"1";
                            name = str:"Bone_Gun";
                            translation = xpoint3:"9.15644073486328125,4.572157382965087890625,16.9327106475830078125";
                            rotation = {
                              0 = xpoint3:"0.956875503063201904296875,0.111900389194488525390625,-0.2680812776088714599609375";
                              1 = xpoint3:"-0.154462516307830810546875,0.97755300998687744140625,-0.14328800141811370849609375";
                              2 = xpoint3:"0.24602968990802764892578125,0.17851729691028594970703125,0.95268094539642333984375";
                            }
                            #0 = {
                              scale = fixp:"1";
                              name = str:"pt_shoot_1";
                              translation = xpoint3:"66.530426025390625,-4.22464656829833984375,1.83427751064300537109375";
                              rotation = {
                                0 = xpoint3:"0,-1,0";
                                1 = xpoint3:"1,0,0";
                                2 = xpoint3:"0,0,1";
                              }
                            }
                          }
                        }
                      }
                    }
                  }
                }
              }
              #1 = {
                scale = fixp:"1";
                name = str:"pt_chest";
                translation = xpoint3:"15.3079013824462890625,11.61269092559814453125,0.0395830534398555755615234375";
                rotation = {
                  0 = xpoint3:"0,0.0812634527683258056640625,0.996692657470703125";
                  1 = xpoint3:"0,-0.996692657470703125,0.0812634527683258056640625";
                  2 = xpoint3:"1,0,0";
                }
              }
            }
          }
          #1 = {
            scale = fixp:"1";
            name = str:"Bip01 Pelvis";
            translation = xpoint3:"-0.75695264339447021484375,0.61282217502593994140625,-0.797740638256072998046875";
            rotation = {
              0 = xpoint3:"0.00290044420398771762847900390625,0.99927198886871337890625,0";
              1 = xpoint3:"0.0146667659282684326171875,0,0.999166786670684814453125";
              2 = xpoint3:"0.999164402484893798828125,-0.00217596511356532573699951171875,-0.0139410756528377532958984375";
            }
            #0 = {
              scale = fixp:"1";
              name = str:"Bip01 R Thigh";
              translation = xpoint3:"0,0,-14.647686004638671875";
              rotation = {
                0 = xpoint3:"-0.9772186279296875,0.1967027187347412109375,0.0590122602880001068115234375";
                1 = xpoint3:"0.104085184633731842041015625,0.723007500171661376953125,-0.6826598644256591796875";
                2 = xpoint3:"-0.1770329773426055908203125,-0.6619412899017333984375,-0.726627409458160400390625";
              }
              #0 = {
                scale = fixp:"1";
                name = str:"Bip01 R Calf";
                translation = xpoint3:"44.737972259521484375,0,0";
                rotation = {
                  0 = xpoint3:"0.898817360401153564453125,0.4381558597087860107421875,0";
                  1 = xpoint3:"-0.4381558597087860107421875,0.898817360401153564453125,0";
                  2 = xpoint3:"0,0,1";
                }
                #0 = {
                  scale = fixp:"1";
                  name = str:"Bip01 R Foot";
                  translation = xpoint3:"39.993556976318359375,0,0";
                  rotation = {
                    0 = xpoint3:"0.975699007511138916015625,-0.20028878748416900634765625,0.08865977823734283447265625";
                    1 = xpoint3:"0.21359314024448394775390625,0.95970737934112548828125,-0.18243134021759033203125";
                    2 = xpoint3:"-0.0485193729400634765625,0.196945726871490478515625,0.979197680950164794921875";
                  }
                  #0 = {
                    scale = fixp:"1";
                    name = str:"Bip01 R Toe0";
                    translation = xpoint3:"10.28973293304443359375,15.623348236083984375,0";
                    rotation = {
                      0 = xpoint3:"-0.0392760969698429107666015625,-0.99828565120697021484375,0.01936615444719791412353515625";
                      1 = xpoint3:"0.9977512359619140625,-0.0399766750633716583251953125,-0.0372171960771083831787109375";
                      2 = xpoint3:"0.03796918690204620361328125,0.01784680597484111785888671875,0.999118864536285400390625";
                    }
                  }
                  #1 = {
                    scale = fixp:"1";
                    name = str:"pt_footprint02";
                    translation = xpoint3:"12.31581974029541015625,9.6049709320068359375,0.0612587295472621917724609375";
                    rotation = {
                      0 = xpoint3:"1,0,0";
                      1 = xpoint3:"0,1,0";
                      2 = xpoint3:"0,0,1";
                    }
                  }
                  #2 = {
                    scale = fixp:"1";
                    name = str:"pt_foot";
                    translation = xpoint3:"6.425976276397705078125,1.9369046688079833984375,0.06125833094120025634765625";
                    rotation = {
                      0 = xpoint3:"1,0,0";
                      1 = xpoint3:"0,1,0";
                      2 = xpoint3:"0,0,1";
                    }
                  }
                }
              }
            }
            #1 = {
              scale = fixp:"1";
              name = str:"Bip01 L Thigh";
              translation = xpoint3:"0,0,14.647686004638671875";
              rotation = {
                0 = xpoint3:"-0.95878994464874267578125,0.21119858324527740478515625,-0.18241320550441741943359375";
                1 = xpoint3:"0.15079425275325775146484375,0.942712843418121337890625,0.297439873218536376953125";
                2 = xpoint3:"0.23482017219066619873046875,0.2580785453319549560546875,-0.935652792453765869140625";
              }
              #0 = {
                scale = fixp:"1";
                name = str:"Bip01 L Calf";
                translation = xpoint3:"44.73796844482421875,0,0";
                rotation = {
                  0 = xpoint3:"0.884648859500885009765625,0.4660783112049102783203125,0";
                  1 = xpoint3:"-0.4660783112049102783203125,0.884648859500885009765625,0";
                  2 = xpoint3:"0,0,1";
                }
                #0 = {
                  scale = fixp:"1";
                  name = str:"Bip01 L Foot";
                  translation = xpoint3:"39.993549346923828125,0,0";
                  rotation = {
                    0 = xpoint3:"0.961810648441314697265625,-0.2499907314777374267578125,-0.111218057572841644287109375";
                    1 = xpoint3:"0.2505936324596405029296875,0.968028724193572998046875,-0.00876669026911258697509765625";
                    2 = xpoint3:"0.109852872788906097412109375,-0.019459120929241180419921875,0.993752777576446533203125";
                  }
                  #0 = {
                    scale = fixp:"1";
                    name = str:"Bip01 L Toe0";
                    translation = xpoint3:"10.2897319793701171875,15.623348236083984375,0";
                    rotation = {
                      0 = xpoint3:"-0.0391620434820652008056640625,-0.998285114765167236328125,-0.01962363719940185546875";
                      1 = xpoint3:"0.997734844684600830078125,-0.0398822091519832611083984375,0.0377545319497585296630859375";
                      2 = xpoint3:"-0.038514606654644012451171875,-0.01808637194335460662841796875,0.999093711376190185546875";
                    }
                  }
                  #1 = {
                    scale = fixp:"1";
                    name = str:"pt_footprint01";
                    translation = xpoint3:"11.1510829925537109375,9.60496807098388671875,0.063701249659061431884765625";
                    rotation = {
                      0 = xpoint3:"1,0,0";
                      1 = xpoint3:"0,1,0";
                      2 = xpoint3:"0,0,1";
                    }
                  }
                  #2 = {
                    scale = fixp:"1";
                    name = str:"pt_foot@#1";
                    translation = xpoint3:"6.20155620574951171875,3.1871128082275390625,0.0637026131153106689453125";
                    rotation = {
                      0 = xpoint3:"1,0,0";
                      1 = xpoint3:"0,1,0";
                      2 = xpoint3:"0,0,1";
                    }
                  }
                }
              }
            }
          }
        }
      }
      #3 = {
        scale = fixp:"1";
        name = str:"pt_aim";
        translation = xpoint3:"0,-97.06667327880859375,111.15699005126953125";
        rotation = {
          0 = xpoint3:"1,0,0";
          1 = xpoint3:"0,1,0";
          2 = xpoint3:"0,0,1";
        }
      }
    }
  }
  #3 = {
    scale = fixp:"1";
    name = str:"Tool_hammer";
    translation = xpoint3:"0,0,3.305858612060546875";
    rotation = {
      0 = xpoint3:"1,0,0";
      1 = xpoint3:"0,1,0";
      2 = xpoint3:"0,0,1";
    }
  }
  #4 = {
    scale = fixp:"1";
    name = str:"Tool_Kluch";
    translation = xpoint3:"0,0,0";
    rotation = {
      0 = xpoint3:"1,0,0";
      1 = xpoint3:"0,-0.004193096421658992767333984375,-0.999991238117218017578125";
      2 = xpoint3:"0,0.999991238117218017578125,-0.004193096421658992767333984375";
    }
  }
}