model = {
  file = str:"data\models\units\technician\technician.nif";
  animation = {
    loop = fixp:"0";
    duration = fixp:"33.83333587646484375";
  }
  #1 = {
    scale = fixp:"1";
    name = str:"ROOT";
    translation = xpoint3:"0,0,0";
    rotation = {
      0 = xpoint3:"1,0,0";
      1 = xpoint3:"0,1,0";
      2 = xpoint3:"0,0,1";
    }
    #3 = {
      scale = fixp:"1";
      name = str:"ROOT NonAccum";
      translation = xpoint3:"0,0,0";
      rotation = {
        0 = xpoint3:"1,0,0";
        1 = xpoint3:"0,1,0";
        2 = xpoint3:"0,0,1";
      }
      #0 = {
        scale = fixp:"1";
        name = str:"Bip01";
        translation = xpoint3:"-0.00817787647247314453125,-4.075225830078125,90.947998046875";
        rotation = {
          0 = xpoint3:"0,0.999999940395355224609375,0";
          1 = xpoint3:"-0.999999940395355224609375,0,0";
          2 = xpoint3:"0,0,1";
        }
        #0 = {
          scale = fixp:"1";
          name = str:"Bip01 Pelvis01";
          translation = xpoint3:"0,0,0";
          rotation = {
            0 = xpoint3:"0,1,0";
            1 = xpoint3:"0,0,0.999999940395355224609375";
            2 = xpoint3:"1,0,0";
          }
          #0 = {
            scale = fixp:"1";
            name = str:"Bip01 R Thigh01";
            translation = xpoint3:"0,0,-8.47532749176025390625";
            rotation = {
              0 = xpoint3:"-0.983022272586822509765625,0.106202065944671630859375,0.139679849147796630859375";
              1 = xpoint3:"0.11191989481449127197265625,0.99314129352569580078125,0.0336796902120113372802734375";
              2 = xpoint3:"-0.135141670703887939453125,0.0488006882369518280029296875,-0.9881649017333984375";
            }
            #0 = {
              scale = fixp:"1";
              name = str:"Bip01 R Calf01";
              translation = xpoint3:"42.376678466796875,0,0";
              rotation = {
                0 = xpoint3:"0.916258335113525390625,0.4004362523555755615234375,0";
                1 = xpoint3:"-0.4004362523555755615234375,0.916258335113525390625,0";
                2 = xpoint3:"0,0,1";
              }
              #0 = {
                scale = fixp:"1";
                name = str:"Bip01 R Foot01";
                translation = xpoint3:"37.86692047119140625,0,0";
                rotation = {
                  0 = xpoint3:"0.95181906223297119140625,-0.301170766353607177734375,0.0571548379957675933837890625";
                  1 = xpoint3:"0.29908740520477294921875,0.953254997730255126953125,0.0422350578010082244873046875";
                  2 = xpoint3:"-0.067210398614406585693359375,-0.0230919532477855682373046875,0.997469723224639892578125";
                }
                #0 = {
                  scale = fixp:"1";
                  name = str:"pt_foot";
                  translation = xpoint3:"7.1916065216064453125,1.481957912445068359375,0.210516452789306640625";
                  rotation = {
                    0 = xpoint3:"-0.081615827977657318115234375,-0.02083246409893035888671875,-0.996446132659912109375";
                    1 = xpoint3:"0.102993480861186981201171875,-0.994605243206024169921875,0.01235809735953807830810546875";
                    2 = xpoint3:"-0.9913280010223388671875,-0.101618833839893341064453125,0.08332113921642303466796875";
                  }
                }
                #1 = {
                  scale = fixp:"1";
                  name = str:"pt_footprint01";
                  translation = xpoint3:"13.4942302703857421875,1.49533927440643310546875,-0.4815935194492340087890625";
                  rotation = {
                    0 = xpoint3:"-0.0731017589569091796875,-0.02837669663131237030029296875,-0.99692070484161376953125";
                    1 = xpoint3:"0.10405011475086212158203125,-0.994357168674468994140625,0.0206739865243434906005859375";
                    2 = xpoint3:"-0.991881906986236572265625,-0.102218411862850189208984375,0.07564185559749603271484375";
                  }
                }
              }
            }
          }
          #1 = {
            scale = fixp:"1";
            name = str:"Bip01 L Thigh01";
            translation = xpoint3:"0,0,8.475315093994140625";
            rotation = {
              0 = xpoint3:"-0.983093917369842529296875,0.114180751144886016845703125,-0.13270716369152069091796875";
              1 = xpoint3:"0.117203541100025177001953125,0.99298727512359619140625,-0.0151457674801349639892578125";
              2 = xpoint3:"0.13004525005817413330078125,-0.0304765664041042327880859375,-0.989581763744354248046875";
            }
            #0 = {
              scale = fixp:"1";
              name = str:"Bip01 L Calf01";
              translation = xpoint3:"42.376682281494140625,0,0";
              rotation = {
                0 = xpoint3:"0.911662042140960693359375,0.4107848107814788818359375,0";
                1 = xpoint3:"-0.4107848107814788818359375,0.911662042140960693359375,0";
                2 = xpoint3:"0,0,1";
              }
              #0 = {
                scale = fixp:"1";
                name = str:"Bip01 L Foot01";
                translation = xpoint3:"37.866909027099609375,0,0";
                rotation = {
                  0 = xpoint3:"0.95016372203826904296875,-0.3056718409061431884765625,-0.06067325174808502197265625";
                  1 = xpoint3:"0.3029194176197052001953125,0.951639950275421142578125,-0.050508327782154083251953125";
                  2 = xpoint3:"0.0731871426105499267578125,0.029596902430057525634765625,0.99687671661376953125";
                }
                #0 = {
                  scale = fixp:"1";
                  name = str:"pt_foot@#0";
                  translation = xpoint3:"6.490814685821533203125,1.8395192623138427734375,0.089279450476169586181640625";
                  rotation = {
                    0 = xpoint3:"0.041163615882396697998046875,0.003743306733667850494384765625,-0.99914538860321044921875";
                    1 = xpoint3:"0.0790826380252838134765625,-0.996867954730987548828125,0";
                    2 = xpoint3:"-0.99601781368255615234375,-0.078995428979396820068359375,-0.0413307212293148040771484375";
                  }
                }
                #1 = {
                  scale = fixp:"1";
                  name = str:"pt_footprint02";
                  translation = xpoint3:"13.4632091522216796875,1.93857574462890625,0.2928983271121978759765625";
                  rotation = {
                    0 = xpoint3:"0.038343966007232666015625,0.0061289030127227306365966796875,-0.999245822429656982421875";
                    1 = xpoint3:"0.078575611114501953125,-0.996903359889984130859375,-0.0030993619002401828765869140625";
                    2 = xpoint3:"-0.996170461177825927734375,-0.078397504985332489013671875,-0.0387068092823028564453125";
                  }
                }
              }
            }
          }
          #2 = {
            scale = fixp:"1";
            name = str:"Bip01 Spine02";
            translation = xpoint3:"9.74665737152099609375,-0.017550639808177947998046875,0";
            rotation = {
              0 = xpoint3:"0.999999701976776123046875,0,0";
              1 = xpoint3:"0,0.999999701976776123046875,0";
              2 = xpoint3:"0,0,1";
            }
            #0 = {
              scale = fixp:"1";
              name = str:"Bip01 Spine03";
              translation = xpoint3:"22.035861968994140625,-0.01754495315253734588623046875,0";
              rotation = {
                0 = xpoint3:"1,0,0";
                1 = xpoint3:"0,1,0";
                2 = xpoint3:"0,0,1";
              }
              #0 = {
                scale = fixp:"1";
                name = str:"Bip01 R Clavicle01";
                translation = xpoint3:"22.0358562469482421875,0,-2.9663584232330322265625";
                rotation = {
                  0 = xpoint3:"-0.259288728237152099609375,0,-0.96579945087432861328125";
                  1 = xpoint3:"-0.10812304913997650146484375,-0.993689358234405517578125,0.0298415310680866241455078125";
                  2 = xpoint3:"-0.95972836017608642578125,0.112162768840789794921875,0.2575671672821044921875";
                }
                #0 = {
                  scale = fixp:"1";
                  name = str:"Bip01 R UpperArm01";
                  translation = xpoint3:"17.568843841552734375,0,0";
                  rotation = {
                    0 = xpoint3:"0.5476405620574951171875,-0.058179132640361785888671875,-0.8342952728271484375";
                    1 = xpoint3:"0.245337009429931640625,0.964882910251617431640625,0.0935935676097869873046875";
                    2 = xpoint3:"0.79952681064605712890625,-0.2560570240020751953125,0.54270446300506591796875";
                  }
                  #0 = {
                    scale = fixp:"1";
                    name = str:"Bip01 R Forearm01";
                    translation = xpoint3:"30.025299072265625,0,0";
                    rotation = {
                      0 = xpoint3:"0.7880303859710693359375,0.615386426448822021484375,0";
                      1 = xpoint3:"-0.615386426448822021484375,0.7880303859710693359375,0";
                      2 = xpoint3:"0,0,1";
                    }
                    #0 = {
                      scale = fixp:"1";
                      name = str:"Bone_Gun";
                      translation = xpoint3:"50.398334503173828125,-3.949006557464599609375,-4.141917705535888671875";
                      rotation = {
                        0 = xpoint3:"0.990207374095916748046875,-0.06032790243625640869140625,0.12589617073535919189453125";
                        1 = xpoint3:"-0.0866913497447967529296875,-0.972581207752227783203125,0.21580190956592559814453125";
                        2 = xpoint3:"0.109425365924835205078125,-0.22460274398326873779296875,-0.968286991119384765625";
                      }
                      #0 = {
                        scale = fixp:"1";
                        name = str:"pt_shoot_1";
                        translation = xpoint3:"17.893062591552734375,-0.276671588420867919921875,0.008350894786417484283447265625";
                        rotation = {
                          0 = xpoint3:"0.02914829552173614501953125,-0.99954450130462646484375,-0.00782398693263530731201171875";
                          1 = xpoint3:"0.395962655544281005859375,0.00435920245945453643798828125,0.918256282806396484375";
                          2 = xpoint3:"-0.91780388355255126953125,-0.02986361086368560791015625,0.395909368991851806640625";
                        }
                      }
                    }
                    #1 = {
                      scale = fixp:"1";
                      name = str:"BONE GUN_2";
                      translation = xpoint3:"16.2957439422607421875,-0.627309143543243408203125,-9.3656902313232421875";
                      rotation = {
                        0 = xpoint3:"0.990207374095916748046875,-0.06032790243625640869140625,0.12589617073535919189453125";
                        1 = xpoint3:"-0.0866913497447967529296875,-0.972581207752227783203125,0.21580190956592559814453125";
                        2 = xpoint3:"0.109425365924835205078125,-0.22460274398326873779296875,-0.968286991119384765625";
                      }
                    }
                  }
                }
              }
              #1 = {
                scale = fixp:"1";
                name = str:"Bip01 L Clavicle01";
                translation = xpoint3:"22.0358600616455078125,0,2.966373920440673828125";
                rotation = {
                  0 = xpoint3:"-0.2592885494232177734375,0,0.9657995700836181640625";
                  1 = xpoint3:"-0.10812802612781524658203125,-0.993688881397247314453125,-0.0298433266580104827880859375";
                  2 = xpoint3:"0.9597280025482177734375,-0.11216802895069122314453125,0.257566630840301513671875";
                }
                #0 = {
                  scale = fixp:"1";
                  name = str:"Bip01 L UpperArm01";
                  translation = xpoint3:"17.568813323974609375,0,0";
                  rotation = {
                    0 = xpoint3:"0.55238258838653564453125,-0.046413041651248931884765625,0.831907212734222412109375";
                    1 = xpoint3:"0.2364653050899505615234375,0.9661457538604736328125,-0.1029437482357025146484375";
                    2 = xpoint3:"-0.798941791057586669921875,0.2536909282207489013671875,0.54467618465423583984375";
                  }
                  #0 = {
                    scale = fixp:"1";
                    name = str:"Bip01 L Forearm01";
                    translation = xpoint3:"30.0253009796142578125,0,0";
                    rotation = {
                      0 = xpoint3:"0.769491672515869140625,0.638394892215728759765625,0";
                      1 = xpoint3:"-0.638394892215728759765625,0.769491672515869140625,0";
                      2 = xpoint3:"0,0,1";
                    }
                    #0 = {
                      scale = fixp:"1";
                      name = str:"Bip01 L Hand01";
                      translation = xpoint3:"31.083942413330078125,0,0";
                      rotation = {
                        0 = xpoint3:"1,0,0";
                        1 = xpoint3:"0,-0.29800260066986083984375,0.95357787609100341796875";
                        2 = xpoint3:"0,-0.95357787609100341796875,-0.29800260066986083984375";
                      }
                      #0 = {
                        scale = fixp:"1";
                        name = str:"Bip01 L Finger03";
                        translation = xpoint3:"3.9639739990234375,0.4824106991291046142578125,-5.115025997161865234375";
                        rotation = {
                          0 = xpoint3:"0.326797544956207275390625,0.1188395321369171142578125,0.937593042850494384765625";
                          1 = xpoint3:"0.71911990642547607421875,0.6124546527862548828125,-0.328277289867401123046875";
                          2 = xpoint3:"-0.613245546817779541015625,0.781521975994110107421875,0.114688813686370849609375";
                        }
                        #0 = {
                          scale = fixp:"1";
                          name = str:"Bip01 L Finger04";
                          translation = xpoint3:"4.672890186309814453125,0,0";
                          rotation = {
                            0 = xpoint3:"0.654537141323089599609375,-0.7560298442840576171875,0";
                            1 = xpoint3:"0.7560298442840576171875,0.654537141323089599609375,0";
                            2 = xpoint3:"0,0,1";
                          }
                        }
                      }
                      #1 = {
                        scale = fixp:"1";
                        name = str:"Bip01 L Finger05";
                        translation = xpoint3:"9.94971370697021484375,1.189033985137939453125,-5.98210906982421875";
                        rotation = {
                          0 = xpoint3:"0.3478933274745941162109375,-0.9226629734039306640625,0.16632278263568878173828125";
                          1 = xpoint3:"0.93687045574188232421875,0.3488066494464874267578125,-0.024650871753692626953125";
                          2 = xpoint3:"-0.03527005016803741455078125,0.16439877450466156005859375,0.98576319217681884765625";
                        }
                        #0 = {
                          scale = fixp:"1";
                          name = str:"Bip01 L Finger06";
                          translation = xpoint3:"6.652957916259765625,0,0";
                          rotation = {
                            0 = xpoint3:"0.221624314785003662109375,-0.975132167339324951171875,0";
                            1 = xpoint3:"0.975132167339324951171875,0.221624314785003662109375,0";
                            2 = xpoint3:"0,0,1";
                          }
                        }
                      }
                      #2 = {
                        scale = fixp:"1";
                        name = str:"Bip01 L Finger07";
                        translation = xpoint3:"11.06460094451904296875,0.850528180599212646484375,0.711334705352783203125";
                        rotation = {
                          0 = xpoint3:"0.479072511196136474609375,-0.875133574008941650390625,-0.06804944574832916259765625";
                          1 = xpoint3:"0.876878082752227783203125,0.4806468188762664794921875,-0.00796443410217761993408203125";
                          2 = xpoint3:"0.039677686989307403564453125,-0.055855534970760345458984375,0.997650146484375";
                        }
                        #0 = {
                          scale = fixp:"1";
                          name = str:"Bip01 L Finger08";
                          translation = xpoint3:"5.5441226959228515625,0,0";
                          rotation = {
                            0 = xpoint3:"-0.04649960994720458984375,-0.9989182949066162109375,0";
                            1 = xpoint3:"0.9989182949066162109375,-0.04649960994720458984375,0";
                            2 = xpoint3:"0,0,1";
                          }
                        }
                      }
                    }
                  }
                }
              }
              #2 = {
                scale = fixp:"1";
                name = str:"Bip01 Neck01";
                translation = xpoint3:"22.03585052490234375,-0.008782136254012584686279296875,0";
                rotation = {
                  0 = xpoint3:"1,0,0";
                  1 = xpoint3:"0,1,0";
                  2 = xpoint3:"0,0,1";
                }
                #0 = {
                  scale = fixp:"1";
                  name = str:"Bip01 Head01";
                  translation = xpoint3:"11.03045558929443359375,0,0";
                  rotation = {
                    0 = xpoint3:"0.999999701976776123046875,0,0";
                    1 = xpoint3:"0,0.999999701976776123046875,0";
                    2 = xpoint3:"0,0,1";
                  }
                  #0 = {
                    scale = fixp:"1";
                    name = str:"pt_head";
                    translation = xpoint3:"13.741489410400390625,-0.2962068021297454833984375,-0.950473368167877197265625";
                    rotation = {
                      0 = xpoint3:"0,0,1";
                      1 = xpoint3:"-0.087158881127834320068359375,-0.996194422245025634765625,0";
                      2 = xpoint3:"0.996194422245025634765625,-0.087158881127834320068359375,0";
                    }
                  }
                }
              }
              #3 = {
                scale = fixp:"1";
                name = str:"pt_chest ";
                translation = xpoint3:"12.132228851318359375,0.3454581201076507568359375,-0.6700994968414306640625";
                rotation = {
                  0 = xpoint3:"-0.0193806551396846771240234375,0.073799662292003631591796875,0.99708473682403564453125";
                  1 = xpoint3:"-0.10425890982151031494140625,-0.99198424816131591796875,0.0713956356048583984375";
                  2 = xpoint3:"0.994361340999603271484375,-0.1025712788105010986328125,0.0269195772707462310791015625";
                }
              }
            }
          }
        }
        #1 = {
          scale = fixp:"1";
          name = str:"pt_center";
          translation = xpoint3:"1.35447371006011962890625,-1.2381975650787353515625,28.5584545135498046875";
          rotation = {
            0 = xpoint3:"-0.0879299938678741455078125,-0.996126651763916015625,0";
            1 = xpoint3:"0.996126651763916015625,-0.0879299938678741455078125,0";
            2 = xpoint3:"0,0,1";
          }
        }
        #2 = {
          scale = fixp:"1";
          name = str:"pt_cast";
          translation = xpoint3:"30.0334682464599609375,9.1679973602294921875,17.91595458984375";
          rotation = {
            0 = xpoint3:"-0.24604479968547821044921875,-0.96925842761993408203125,0";
            1 = xpoint3:"0.96925842761993408203125,-0.24604479968547821044921875,0";
            2 = xpoint3:"0,0,1";
          }
        }
      }
      #1 = {
        scale = fixp:"1";
        name = str:"pt_aim";
        translation = xpoint3:"-40.820774078369140625,-69.57228851318359375,117.9304656982421875";
        rotation = {
          0 = xpoint3:"1,0,0";
          1 = xpoint3:"0,1,0";
          2 = xpoint3:"0,0,1";
        }
      }
      #2 = {
        scale = fixp:"1";
        name = str:"pt_top";
        translation = xpoint3:"3.280364990234375,-0.0374840795993804931640625,206.7898712158203125";
        rotation = {
          0 = xpoint3:"1,0,0";
          1 = xpoint3:"0,1,0";
          2 = xpoint3:"0,0,1";
        }
      }
      #3 = {
        scale = fixp:"1";
        name = str:"pt_ground";
        translation = xpoint3:"0,0,0";
        rotation = {
          0 = xpoint3:"1,0,0";
          1 = xpoint3:"0,1,0";
          2 = xpoint3:"0,0,1";
        }
      }
    }
  }
  #2 = {
    scale = fixp:"1";
    name = str:"IK Chain01";
    translation = xpoint3:"37.596996307373046875,-6.62758636474609375,85.734344482421875";
    rotation = {
      0 = xpoint3:"1,0,0";
      1 = xpoint3:"0,1,0";
      2 = xpoint3:"0,0,1";
    }
    #0 = {
      scale = fixp:"1";
      name = str:"pt_hand";
      translation = xpoint3:"0,0,0";
      rotation = {
        0 = xpoint3:"1,0,0";
        1 = xpoint3:"0,1,0";
        2 = xpoint3:"0,0,1";
      }
    }
  }
  #3 = {
    scale = fixp:"1";
    name = str:"IK Chain02";
    translation = xpoint3:"-37.613311767578125,-5.28296661376953125,85.3245849609375";
    rotation = {
      0 = xpoint3:"1,0,0";
      1 = xpoint3:"0,1,0";
      2 = xpoint3:"0,0,1";
    }
    #0 = {
      scale = fixp:"1";
      name = str:"pt_hand";
      translation = xpoint3:"0,0,0";
      rotation = {
        0 = xpoint3:"1,0,0";
        1 = xpoint3:"0,1,0";
        2 = xpoint3:"0,0,1";
      }
    }
  }
}