model = {
  file = str:"data\models\lifeforms\rhino\rhino.nif";
  animation = {
    loop = fixp:"0";
    duration = fixp:"9.66666698455810546875";
  }
  #1 = {
    scale = fixp:"1";
    name = str:"ROOT";
    translation = xpoint3:"0,0,0";
    rotation = {
      0 = xpoint3:"1,0,0";
      1 = xpoint3:"0,1,0";
      2 = xpoint3:"0,0,1";
    }
    #0 = {
      scale = fixp:"1";
      name = str:"ROOT NonAccum";
      translation = xpoint3:"0,0,0";
      rotation = {
        0 = xpoint3:"1,0,0";
        1 = xpoint3:"0,1,0";
        2 = xpoint3:"0,0,1";
      }
      #0 = {
        scale = fixp:"1";
        name = str:"Bip01";
        translation = xpoint3:"-2.499995708465576171875,116.98868560791015625,236.117340087890625";
        rotation = {
          0 = xpoint3:"0,0,-0.999999940395355224609375";
          1 = xpoint3:"-0.999999940395355224609375,0,0";
          2 = xpoint3:"0,0.999999940395355224609375,0";
        }
        #0 = {
          scale = fixp:"1";
          name = str:"Box05";
          translation = xpoint3:"10.8507518768310546875,-35.888675689697265625,-3.7612457275390625";
          rotation = {
            0 = xpoint3:"1,0,0";
            1 = xpoint3:"0,1,0";
            2 = xpoint3:"0,0,1";
          }
          #0 = {
            scale = fixp:"1";
            name = str:"Box04";
            translation = xpoint3:"93.9674072265625,25.39923095703125,0";
            rotation = {
              0 = xpoint3:"1,0,0";
              1 = xpoint3:"0,1,0";
              2 = xpoint3:"0,0,1";
            }
            #0 = {
              scale = fixp:"1";
              name = str:"Box03";
              translation = xpoint3:"42.845417022705078125,34.138275146484375,1.26123046875";
              rotation = {
                0 = xpoint3:"0.879880845546722412109375,0.47519433498382568359375,0";
                1 = xpoint3:"-0.47519433498382568359375,0.879880845546722412109375,0";
                2 = xpoint3:"0,0,1";
              }
              #0 = {
                scale = fixp:"1";
                name = str:"Box01";
                translation = xpoint3:"153.3479156494140625,23.68224334716796875,0";
                rotation = {
                  0 = xpoint3:"1,0,0";
                  1 = xpoint3:"0,1,0";
                  2 = xpoint3:"0,0,1";
                }
                #0 = {
                  scale = fixp:"1";
                  name = str:"Bone24";
                  translation = xpoint3:"12.05152034759521484375,40.51082611083984375,-46.476165771484375";
                  rotation = {
                    0 = xpoint3:"-0.4814302921295166015625,-0.350037157535552978515625,0.802215099334716796875";
                    1 = xpoint3:"0.4930260181427001953125,0.648863017559051513671875,0.5791308879852294921875";
                    2 = xpoint3:"-0.7231876850128173828125,0.67523419857025146484375,-0.1393018662929534912109375";
                  }
                }
                #1 = {
                  scale = fixp:"1";
                  name = str:"Bone22";
                  translation = xpoint3:"12.051525115966796875,40.510814666748046875,42.6006317138671875";
                  rotation = {
                    0 = xpoint3:"-0.45385074615478515625,0.3724195063114166259765625,0.80821621417999267578125";
                    1 = xpoint3:"0.4461998045444488525390625,-0.689115703105926513671875,0.568835735321044921875";
                    2 = xpoint3:"0.7699451446533203125,0.61965477466583251953125,0.148244678974151611328125";
                  }
                }
                #2 = {
                  scale = fixp:"1";
                  name = str:"Box02";
                  translation = xpoint3:"41.10747528076171875,-27.242641448974609375,0";
                  rotation = {
                    0 = xpoint3:"1,0,0";
                    1 = xpoint3:"0,1,0";
                    2 = xpoint3:"0,0,1";
                  }
                }
              }
              #1 = {
                scale = fixp:"1";
                name = str:"Bone13";
                translation = xpoint3:"71.94657135009765625,12.5262775421142578125,-63.1211090087890625";
                rotation = {
                  0 = xpoint3:"-0.62265312671661376953125,-0.730438172817230224609375,0.2764203548431396484375";
                  1 = xpoint3:"0.780987322330474853515625,-0.58349883556365966796875,0.2174623012542724609375";
                  2 = xpoint3:"0.00265069305896759033203125,0.351697385311126708984375,0.936060428619384765625";
                }
                #0 = {
                  scale = fixp:"1";
                  name = str:"Bone14";
                  translation = xpoint3:"-162.0788726806640625,0,0";
                  rotation = {
                    0 = xpoint3:"0.79599761962890625,0.604884684085845947265625,0.014361627399921417236328125";
                    1 = xpoint3:"-0.604679524898529052734375,0.79444420337677001953125,0.0540633499622344970703125";
                    2 = xpoint3:"0.0213184654712677001953125,-0.0517167747020721435546875,0.99843311309814453125";
                  }
                  #0 = {
                    scale = fixp:"1";
                    name = str:"Bone15";
                    translation = xpoint3:"-71.6914825439453125,0,0";
                    rotation = {
                      0 = xpoint3:"-0.16166599094867706298828125,-0.985983371734619140625,-0.003899872303009033203125";
                      1 = xpoint3:"0.96871471405029296875,-0.15955598652362823486328125,0.185609877109527587890625";
                      2 = xpoint3:"-0.18376664817333221435546875,0.026382751762866973876953125,0.98260295391082763671875";
                    }
                  }
                }
              }
              #2 = {
                scale = fixp:"1";
                name = str:"Bone09";
                translation = xpoint3:"72.25876617431640625,12.6948871612548828125,63.305206298828125";
                rotation = {
                  0 = xpoint3:"0.624671399593353271484375,0.7262003421783447265625,-0.286136627197265625";
                  1 = xpoint3:"-0.78053772449493408203125,0.58187544345855712890625,-0.2271015942096710205078125";
                  2 = xpoint3:"0.00136800110340118408203125,0.3653045594692230224609375,0.930833160877227783203125";
                }
                #0 = {
                  scale = fixp:"1";
                  name = str:"Bone10";
                  translation = xpoint3:"161.9293975830078125,0,0";
                  rotation = {
                    0 = xpoint3:"0.797662198543548583984375,0.602667629718780517578125,-0.01526655070483684539794921875";
                    1 = xpoint3:"-0.599593460559844970703125,0.795719683170318603515625,0.08379395306110382080078125";
                    2 = xpoint3:"0.06268219649791717529296875,-0.0576665885746479034423828125,0.99636352062225341796875";
                  }
                  #0 = {
                    scale = fixp:"1";
                    name = str:"Bone11";
                    translation = xpoint3:"71.63788604736328125,0,0";
                    rotation = {
                      0 = xpoint3:"-0.15699495375156402587890625,-0.9863264560699462890625,-0.0288711488246917724609375";
                      1 = xpoint3:"0.9594662189483642578125,-0.15939617156982421875,0.22876822948455810546875";
                      2 = xpoint3:"-0.2304302752017974853515625,0.0083866417407989501953125,0.97303259372711181640625";
                    }
                  }
                }
              }
            }
          }
        }
        #1 = {
          scale = fixp:"1";
          name = str:"Bone05";
          translation = xpoint3:"0.122308783233165740966796875,2.0646436214447021484375,-65.6211090087890625";
          rotation = {
            0 = xpoint3:"-0.166164577007293701171875,-0.928280055522918701171875,0.33014118671417236328125";
            1 = xpoint3:"0.979816973209381103515625,-0.19073350727558135986328125,-0.043029606342315673828125";
            2 = xpoint3:"0.103226937353610992431640625,0.3165263831615447998046875,0.94290637969970703125";
          }
          #0 = {
            scale = fixp:"1";
            name = str:"Bone06";
            translation = xpoint3:"-141.2549285888671875,0,0";
            rotation = {
              0 = xpoint3:"0.860184133052825927734375,0.493624210357666015625,0.12733988463878631591796875";
              1 = xpoint3:"-0.494897305965423583984375,0.86851799488067626953125,-0.0237131677567958831787109375";
              2 = xpoint3:"-0.122298717498779296875,-0.0426706485450267791748046875,0.991569459438323974609375";
            }
            #0 = {
              scale = fixp:"1";
              name = str:"Bone07";
              translation = xpoint3:"-91.2263336181640625,0,0";
              rotation = {
                0 = xpoint3:"-0.0037986398674547672271728515625,-0.985124766826629638671875,-0.1675052344799041748046875";
                1 = xpoint3:"0.976669490337371826171875,-0.0390531979501247406005859375,0.20756600797176361083984375";
                2 = xpoint3:"-0.2112948894500732421875,-0.16277630627155303955078125,0.963745653629302978515625";
              }
            }
          }
        }
        #2 = {
          scale = fixp:"1";
          name = str:"Bone01";
          translation = xpoint3:"0.122329376637935638427734375,2.064649105072021484375,60.805206298828125";
          rotation = {
            0 = xpoint3:"0.16780711710453033447265625,0.92881333827972412109375,-0.3285403549671173095703125";
            1 = xpoint3:"-0.97981536388397216796875,0.19219632446765899658203125,0.04301311075687408447265625";
            2 = xpoint3:"0.102931685745716094970703125,0.3149507045745849609375,0.94346654415130615234375";
          }
          #0 = {
            scale = fixp:"1";
            name = str:"Bone02";
            translation = xpoint3:"141.25494384765625,0,0";
            rotation = {
              0 = xpoint3:"0.8601844310760498046875,0.4936238229274749755859375,0.127339780330657958984375";
              1 = xpoint3:"-0.4948969185352325439453125,0.86851823329925537109375,-0.0237130261957645416259765625";
              2 = xpoint3:"-0.122298575937747955322265625,-0.0426706485450267791748046875,0.991569459438323974609375";
            }
            #0 = {
              scale = fixp:"1";
              name = str:"Bone03";
              translation = xpoint3:"91.2263336181640625,0,0";
              rotation = {
                0 = xpoint3:"-0.00326133915223181247711181640625,-0.98519599437713623046875,-0.16709993779659271240234375";
                1 = xpoint3:"0.97709476947784423828125,-0.0381230451166629791259765625,0.20573265850543975830078125";
                2 = xpoint3:"-0.20933048427104949951171875,-0.16257019340991973876953125,0.964209377765655517578125";
              }
            }
          }
        }
        #3 = {
          scale = fixp:"1";
          name = str:"Bone17";
          translation = xpoint3:"-38.524394989013671875,14.18166446685791015625,-2.5";
          rotation = {
            0 = xpoint3:"-0.78880989551544189453125,0.6146373748779296875,0";
            1 = xpoint3:"-0.6146373748779296875,-0.78880989551544189453125,0";
            2 = xpoint3:"0,0,1";
          }
          #0 = {
            scale = fixp:"1";
            name = str:"Bone18";
            translation = xpoint3:"26.4971065521240234375,0.00129844550974667072296142578125,0";
            rotation = {
              0 = xpoint3:"0.8306248188018798828125,-0.556832492351531982421875,0";
              1 = xpoint3:"0.556832492351531982421875,0.8306248188018798828125,0";
              2 = xpoint3:"0,0,1";
            }
            #0 = {
              scale = fixp:"1";
              name = str:"Bone19";
              translation = xpoint3:"20.7757091522216796875,0,0";
              rotation = {
                0 = xpoint3:"0.99155843257904052734375,-0.129660546779632568359375,0";
                1 = xpoint3:"0.129660546779632568359375,0.99155843257904052734375,0";
                2 = xpoint3:"0,0,1";
              }
              #0 = {
                scale = fixp:"1";
                name = str:"Bone20";
                translation = xpoint3:"19.0512752532958984375,0,0";
                rotation = {
                  0 = xpoint3:"0.9498307704925537109375,-0.312764346599578857421875,0";
                  1 = xpoint3:"0.312764346599578857421875,0.9498307704925537109375,0";
                  2 = xpoint3:"0,0,1";
                }
              }
            }
          }
        }
      }
    }
  }
}