model = {
  file = str:"data\models\units\worker\worker_temp.nif";
  animation = {
    loop = fixp:"0";
    duration = fixp:"20";
  }
  #1 = {
    scale = fixp:"1";
    name = str:"ROOT";
    translation = xpoint3:"0,0,0";
    rotation = {
      0 = xpoint3:"1,0,0";
      1 = xpoint3:"0,1,0";
      2 = xpoint3:"0,0,1";
    }
    #0 = {
      scale = fixp:"1";
      name = str:"ROOT NonAccum";
      translation = xpoint3:"0,0,0";
      rotation = {
        0 = xpoint3:"1,0,0";
        1 = xpoint3:"0,1,0";
        2 = xpoint3:"0,0,1";
      }
      #0 = {
        scale = fixp:"1";
        name = str:"Circle01";
        translation = xpoint3:"-13.920665740966796875,0.53598344326019287109375,90.44644927978515625";
        rotation = {
          0 = xpoint3:"0.993688285350799560546875,-0.056382112205028533935546875,0.0969773232936859130859375";
          1 = xpoint3:"0.0432532727718353271484375,0.9902362823486328125,0.132519066333770751953125";
          2 = xpoint3:"-0.10350216925144195556640625,-0.1274880468845367431640625,0.986424922943115234375";
        }
        #0 = {
          scale = fixp:"1";
          name = str:"Pelvis";
          translation = xpoint3:"0,0,0";
          rotation = {
            0 = xpoint3:"1,0,0";
            1 = xpoint3:"0,0,-0.999999940395355224609375";
            2 = xpoint3:"0,0.999999940395355224609375,0";
          }
          #0 = {
            scale = fixp:"1";
            name = str:"L_Leg";
            translation = xpoint3:"12.99999332427978515625,-3.346632480621337890625,-1.06027543544769287109375";
            rotation = {
              0 = xpoint3:"0.3280992209911346435546875,0.928453624248504638671875,-0.17131744325160980224609375";
              1 = xpoint3:"-0.927570641040802001953125,0.350827395915985107421875,0.124862544238567352294921875";
              2 = xpoint3:"0.17603535950183868408203125,0.118118040263652801513671875,0.977254688739776611328125";
            }
            #0 = {
              scale = fixp:"1";
              name = str:"L_Leg1";
              translation = xpoint3:"40.245517730712890625,0,0";
              rotation = {
                0 = xpoint3:"0.781755149364471435546875,0.1571491658687591552734375,0.60319674015045166015625";
                1 = xpoint3:"-0.1243762969970703125,0.9875657558441162109375,-0.09605412185192108154296875";
                2 = xpoint3:"-0.61079680919647216796875,0,0.79159641265869140625";
              }
              #0 = {
                scale = fixp:"1";
                name = str:"L_Foot";
                translation = xpoint3:"45.261875152587890625,0,0";
                rotation = {
                  0 = xpoint3:"-0.22467128932476043701171875,0.047229088842868804931640625,-0.972375929355621337890625";
                  1 = xpoint3:"0.2469990551471710205078125,0.96893846988677978515625,-0.01022754609584808349609375";
                  2 = xpoint3:"0.941667139530181884765625,-0.24265725910663604736328125,-0.22933904826641082763671875";
                }
                #0 = {
                  scale = fixp:"1";
                  name = str:"lfe";
                  translation = xpoint3:"24.2364215850830078125,0,0";
                  rotation = {
                    0 = xpoint3:"1,0,0";
                    1 = xpoint3:"0,1,0";
                    2 = xpoint3:"0,0,1";
                  }
                }
              }
            }
          }
          #1 = {
            scale = fixp:"1";
            name = str:"R_Leg";
            translation = xpoint3:"-12.999996185302734375,-3.346632480621337890625,-1.060275554656982421875";
            rotation = {
              0 = xpoint3:"0.11057238280773162841796875,0.988339245319366455078125,-0.0983291566371917724609375";
              1 = xpoint3:"-0.992865860462188720703125,0.112630270421504974365234375,0.0156277604401111602783203125";
              2 = xpoint3:"0.0264682285487651824951171875,0.09598062932491302490234375,0.995027601718902587890625";
            }
            #0 = {
              scale = fixp:"1";
              name = str:"R_Leg1";
              translation = xpoint3:"40.2455291748046875,0,0";
              rotation = {
                0 = xpoint3:"0.862405359745025634765625,-0.12767781317234039306640625,0.4896485805511474609375";
                1 = xpoint3:"0.110873997211456298828125,0.991809666156768798828125,0.063313901424407958984375";
                2 = xpoint3:"-0.49372494220733642578125,0,0.869509220123291015625";
              }
              #0 = {
                scale = fixp:"1";
                name = str:"R_Foot";
                translation = xpoint3:"45.2618865966796875,0,0";
                rotation = {
                  0 = xpoint3:"-0.2636387050151824951171875,-0.1441812217235565185546875,-0.95282351970672607421875";
                  1 = xpoint3:"-0.50346243381500244140625,0.863855063915252685546875,0.0090787410736083984375";
                  2 = xpoint3:"0.821697235107421875,0.482461035251617431640625,-0.3002632558345794677734375";
                }
                #0 = {
                  scale = fixp:"1";
                  name = str:"rfe";
                  translation = xpoint3:"24.23641204833984375,0,0";
                  rotation = {
                    0 = xpoint3:"0.999195098876953125,0.0335655622184276580810546875,0.0219382531940937042236328125";
                    1 = xpoint3:"-0.0331406705081462860107421875,0.999261081218719482421875,-0.0194389820098876953125";
                    2 = xpoint3:"-0.0225749872624874114990234375,0.018695749342441558837890625,0.99957001209259033203125";
                  }
                }
              }
            }
          }
          #2 = {
            scale = fixp:"1";
            name = str:"Plane01";
            translation = xpoint3:"0,-8.9535961151123046875,13.5744266510009765625";
            rotation = {
              0 = xpoint3:"0.970452725887298583984375,0.20010872185230255126953125,-0.13482566177845001220703125";
              1 = xpoint3:"-0.14229483902454376220703125,0.92588436603546142578125,0.3499861657619476318359375";
              2 = xpoint3:"0.19486825168132781982421875,-0.3204600512981414794921875,0.927001476287841796875";
            }
          }
          #3 = {
            scale = fixp:"1";
            name = str:"Spin1";
            translation = xpoint3:"0.66767084598541259765625,8.91036224365234375,-5.3512096405029296875";
            rotation = {
              0 = xpoint3:"-0.113095827400684356689453125,-0.99263095855712890625,0.0166720636188983917236328125";
              1 = xpoint3:"0.98857247829437255859375,-0.114140190184116363525390625,-0.08988733589649200439453125";
              2 = xpoint3:"0.09120617806911468505859375,0.0062549896538257598876953125,0.9958093166351318359375";
            }
            #0 = {
              scale = fixp:"1";
              name = str:"Spine1";
              translation = xpoint3:"28.6133480072021484375,0,0";
              rotation = {
                0 = xpoint3:"0.99619472026824951171875,0,0.08715574443340301513671875";
                1 = xpoint3:"0,1,0";
                2 = xpoint3:"-0.08715574443340301513671875,0,0.99619472026824951171875";
              }
              #0 = {
                scale = fixp:"1";
                name = str:"Head";
                translation = xpoint3:"23.3909702301025390625,0,0";
                rotation = {
                  0 = xpoint3:"0.939916670322418212890625,0,-0.341403961181640625";
                  1 = xpoint3:"0,1,0";
                  2 = xpoint3:"0.341403961181640625,0,0.939916670322418212890625";
                }
                #0 = {
                  scale = fixp:"1";
                  name = str:"Hat";
                  translation = xpoint3:"14.8012180328369140625,-0.19007205963134765625,2.6615359783172607421875";
                  rotation = {
                    0 = xpoint3:"0,-0.49943220615386962890625,0.86635303497314453125";
                    1 = xpoint3:"-1,0,0";
                    2 = xpoint3:"0,-0.86635303497314453125,-0.49943220615386962890625";
                  }
                }
              }
              #1 = {
                scale = fixp:"1";
                name = str:"L_Clav";
                translation = xpoint3:"23.3909702301025390625,0,0";
                rotation = {
                  0 = xpoint3:"-0.233068287372589111328125,0.971421420574188232421875,-0.015175558626651763916015625";
                  1 = xpoint3:"-0.941579282283782958984375,-0.2296772301197052001953125,-0.24267752468585968017578125";
                  2 = xpoint3:"-0.2394123375415802001953125,-0.04247833788394927978515625,0.969965875148773193359375";
                }
                #0 = {
                  scale = fixp:"1";
                  name = str:"L_Hand";
                  translation = xpoint3:"22.2766246795654296875,0,0";
                  rotation = {
                    0 = xpoint3:"0.690284907817840576171875,0.426390588283538818359375,-0.58416473865509033203125";
                    1 = xpoint3:"-0.698459923267364501953125,0.602760851383209228515625,-0.385041058063507080078125";
                    2 = xpoint3:"0.1876460611820220947265625,0.674013316631317138671875,0.714199006557464599609375";
                  }
                  #0 = {
                    scale = fixp:"1";
                    name = str:"L_Hand1";
                    translation = xpoint3:"25.2858867645263671875,0,0";
                    rotation = {
                      0 = xpoint3:"0.435730040073394775390625,0.091124765574932098388671875,-0.894995391368865966796875";
                      1 = xpoint3:"-0.044354178011417388916015625,0.99582386016845703125,0.079758875072002410888671875";
                      2 = xpoint3:"0.898528397083282470703125,0.005004949867725372314453125,0.4379567801952362060546875";
                    }
                    #0 = {
                      scale = fixp:"1";
                      name = str:"L_Wrist";
                      translation = xpoint3:"19.6091022491455078125,-0.0040510348044335842132568359375,0";
                      rotation = {
                        0 = xpoint3:"0.951542079448699951171875,0.0834914147853851318359375,0.295848906040191650390625";
                        1 = xpoint3:"-0.2134059965610504150390625,0.87220776081085205078125,0.4399159252643585205078125";
                        2 = xpoint3:"-0.2212584018707275390625,-0.4817648231983184814453125,0.84777736663818359375";
                      }
                      #0 = {
                        scale = fixp:"1";
                        name = str:"Index";
                        translation = xpoint3:"12.26468563079833984375,1.39608204364776611328125,2.88728046417236328125";
                        rotation = {
                          0 = xpoint3:"0.87062346935272216796875,-0.02727310359477996826171875,0.491193354129791259765625";
                          1 = xpoint3:"-0.45378911495208740234375,0.341049611568450927734375,0.823262155055999755859375";
                          2 = xpoint3:"-0.18997418880462646484375,-0.939649522304534912109375,0.2845495641231536865234375";
                        }
                        #0 = {
                          scale = fixp:"1";
                          name = str:"Index1";
                          translation = xpoint3:"8.93952846527099609375,0,0";
                          rotation = {
                            0 = xpoint3:"0.88879215717315673828125,0.008721717633306980133056640625,0.45822751522064208984375";
                            1 = xpoint3:"-0.0077520892955362796783447265625,0.99996197223663330078125,-0.0039966828189790248870849609375";
                            2 = xpoint3:"-0.45824491977691650390625,0,0.888825953006744384765625";
                          }
                        }
                      }
                      #1 = {
                        scale = fixp:"1";
                        name = str:"Finger";
                        translation = xpoint3:"12.0682659149169921875,2.0975000858306884765625,-2.532329082489013671875";
                        rotation = {
                          0 = xpoint3:"0.816101133823394775390625,-0.3687900602817535400390625,0.4449413120746612548828125";
                          1 = xpoint3:"-0.4235512912273406982421875,0.14210988581180572509765625,0.894655644893646240234375";
                          2 = xpoint3:"-0.3931706845760345458984375,-0.918585002422332763671875,-0.04022546112537384033203125";
                        }
                        #0 = {
                          scale = fixp:"1";
                          name = str:"Finger1";
                          translation = xpoint3:"8.18311214447021484375,0,0";
                          rotation = {
                            0 = xpoint3:"0.88879215717315673828125,0.008721717633306980133056640625,0.4582274854183197021484375";
                            1 = xpoint3:"-0.0077520892955362796783447265625,0.99996197223663330078125,-0.003996682353317737579345703125";
                            2 = xpoint3:"-0.4582448899745941162109375,0,0.888825953006744384765625";
                          }
                        }
                      }
                      #2 = {
                        scale = fixp:"1";
                        name = str:"Thumb";
                        translation = xpoint3:"9.28887271881103515625,-2.415489673614501953125,5.718791961669921875";
                        rotation = {
                          0 = xpoint3:"0.2965633869171142578125,0.9149920940399169921875,-0.2735684216022491455078125";
                          1 = xpoint3:"-0.85709345340728759765625,0.381352126598358154296875,0.3463543355464935302734375";
                          2 = xpoint3:"0.4212373793125152587890625,0.131757676601409912109375,0.897328794002532958984375";
                        }
                        #0 = {
                          scale = fixp:"1";
                          name = str:"Thumb1";
                          translation = xpoint3:"6.46667575836181640625,0,0";
                          rotation = {
                            0 = xpoint3:"0.4382347166538238525390625,-0.0152854658663272857666015625,0.898730576038360595703125";
                            1 = xpoint3:"0.0066994032822549343109130859375,0.999883174896240234375,0.01373912207782268524169921875";
                            2 = xpoint3:"-0.898835599422454833984375,0,0.4382859170436859130859375";
                          }
                        }
                      }
                    }
                  }
                }
              }
              #2 = {
                scale = fixp:"1";
                name = str:"R_Clav";
                translation = xpoint3:"23.3909702301025390625,0,0";
                rotation = {
                  0 = xpoint3:"-0.4103405773639678955078125,-0.910735785961151123046875,-0.01158542931079864501953125";
                  1 = xpoint3:"0.837509453296661376953125,-0.3822240531444549560546875,0.3879133760929107666015625";
                  2 = xpoint3:"-0.35798299312591552734375,0.1498639285564422607421875,0.92156124114990234375";
                }
                #0 = {
                  scale = fixp:"1";
                  name = str:"R_Hand";
                  translation = xpoint3:"22.2766284942626953125,0,0";
                  rotation = {
                    0 = xpoint3:"0.942351520061492919921875,-0.3107927143573760986328125,-0.1236845552921295166015625";
                    1 = xpoint3:"0.3321629464626312255859375,0.825906932353973388671875,0.4552942812442779541015625";
                    2 = xpoint3:"-0.03946860134601593017578125,-0.4701414406299591064453125,0.881610691547393798828125";
                  }
                  #0 = {
                    scale = fixp:"1";
                    name = str:"R_Hand1";
                    translation = xpoint3:"25.2858753204345703125,0,0";
                    rotation = {
                      0 = xpoint3:"0.64577496051788330078125,-0.07671798765659332275390625,-0.759325325489044189453125";
                      1 = xpoint3:"0.05541081726551055908203125,0.997022330760955810546875,-0.05358858406543731689453125";
                      2 = xpoint3:"0.761176884174346923828125,-0.0075130127370357513427734375,0.64810693264007568359375";
                    }
                    #0 = {
                      scale = fixp:"1";
                      name = str:"R_Wrist";
                      translation = xpoint3:"19.608875274658203125,0,0";
                      rotation = {
                        0 = xpoint3:"0.96546089649200439453125,0.13869798183441162109375,0.22044958174228668212890625";
                        1 = xpoint3:"-0.008456252515316009521484375,0.862757861614227294921875,-0.50534951686859130859375";
                        2 = xpoint3:"-0.2603144943714141845703125,0.4860170185565948486328125,0.83413612842559814453125";
                      }
                      #0 = {
                        scale = fixp:"1";
                        name = str:"Thumb@#0";
                        translation = xpoint3:"9.2895107269287109375,2.4413697719573974609375,5.7108325958251953125";
                        rotation = {
                          0 = xpoint3:"0.4160389602184295654296875,-0.867112576961517333984375,-0.273911178112030029296875";
                          1 = xpoint3:"0.798068940639495849609375,0.492555439472198486328125,-0.3470951020717620849609375";
                          2 = xpoint3:"0.43588697910308837890625,-0.0741949379444122314453125,0.896937906742095947265625";
                        }
                        #0 = {
                          scale = fixp:"1";
                          name = str:"Thumb1@#1";
                          translation = xpoint3:"6.466666698455810546875,0,0";
                          rotation = {
                            0 = xpoint3:"0.4195977747440338134765625,0.01528584957122802734375,0.907581388950347900390625";
                            1 = xpoint3:"-0.0064146569930016994476318359375,0.999883174896240234375,-0.01387477479875087738037109375";
                            2 = xpoint3:"-0.907687485218048095703125,0,0.419646799564361572265625";
                          }
                        }
                      }
                      #1 = {
                        scale = fixp:"1";
                        name = str:"Index@#2";
                        translation = xpoint3:"12.266422271728515625,-1.36882340908050537109375,2.87906932830810546875";
                        rotation = {
                          0 = xpoint3:"0.977977752685546875,0.027261555194854736328125,0.20692098140716552734375";
                          1 = xpoint3:"0.18547259271144866943359375,0.3411060273647308349609375,-0.9215457439422607421875";
                          2 = xpoint3:"-0.0957047641277313232421875,0.93962943553924560546875,0.3285378515720367431640625";
                        }
                        #0 = {
                          scale = fixp:"1";
                          name = str:"Index1@#3";
                          translation = xpoint3:"8.93952846527099609375,0,0";
                          rotation = {
                            0 = xpoint3:"0.6293518543243408203125,-0.00872170366346836090087890625,0.777071535587310791015625";
                            1 = xpoint3:"0.005489236675202846527099609375,0.99996197223663330078125,0.006777639500796794891357421875";
                            2 = xpoint3:"-0.777101099491119384765625,0,0.629375755786895751953125";
                          }
                        }
                      }
                      #2 = {
                        scale = fixp:"1";
                        name = str:"Finger@#4";
                        translation = xpoint3:"12.069171905517578125,-2.070250988006591796875,-2.540407657623291015625";
                        rotation = {
                          0 = xpoint3:"0.811273038387298583984375,0.58270132541656494140625,-0.047908246517181396484375";
                          1 = xpoint3:"-0.17359016835689544677734375,0.16181425750255584716796875,-0.97143328189849853515625";
                          2 = xpoint3:"-0.55830323696136474609375,0.79641401767730712890625,0.23242677748203277587890625";
                        }
                        #0 = {
                          scale = fixp:"1";
                          name = str:"Finger1@#5";
                          translation = xpoint3:"8.183101654052734375,0,0";
                          rotation = {
                            0 = xpoint3:"0.553989350795745849609375,-0.0087216831743717193603515625,0.832477986812591552734375";
                            1 = xpoint3:"0.0048319031484425067901611328125,0.99996197223663330078125,0.00726088695228099822998046875";
                            2 = xpoint3:"-0.832509696483612060546875,0,0.554010450839996337890625";
                          }
                        }
                      }
                      #3 = {
                        scale = fixp:"1";
                        name = str:"MOTIKA";
                        translation = xpoint3:"19.5951671600341796875,8.61327838897705078125,-3.400208950042724609375";
                        rotation = {
                          0 = xpoint3:"0.680481970310211181640625,-0.138449847698211669921875,0.719244301319122314453125";
                          1 = xpoint3:"-0.659217357635498046875,-0.542600929737091064453125,0.5184383392333984375";
                          2 = xpoint3:"0.319238364696502685546875,-0.82715022563934326171875,-0.46020710468292236328125";
                        }
                      }
                      #4 = {
                        scale = fixp:"1";
                        name = str:"SYRP";
                        translation = xpoint3:"19.59517669677734375,8.6132755279541015625,-3.4002087116241455078125";
                        rotation = {
                          0 = xpoint3:"0.68048202991485595703125,-0.13844978809356689453125,0.719244182109832763671875";
                          1 = xpoint3:"-0.659217298030853271484375,-0.542600810527801513671875,0.518438279628753662109375";
                          2 = xpoint3:"0.319238364696502685546875,-0.827150166034698486328125,-0.4602069556713104248046875";
                        }
                      }
                      #5 = {
                        scale = fixp:"1";
                        name = str:"VILA";
                        translation = xpoint3:"19.5951690673828125,8.6132755279541015625,-3.4002058506011962890625";
                        rotation = {
                          0 = xpoint3:"0.680481970310211181640625,-0.138449847698211669921875,0.719244301319122314453125";
                          1 = xpoint3:"-0.659217357635498046875,-0.542600929737091064453125,0.5184383392333984375";
                          2 = xpoint3:"0.319238364696502685546875,-0.82715022563934326171875,-0.46020710468292236328125";
                        }
                      }
                      #6 = {
                        scale = fixp:"1";
                        name = str:"SEKIRA";
                        translation = xpoint3:"19.5951671600341796875,8.61327838897705078125,-3.4002087116241455078125";
                        rotation = {
                          0 = xpoint3:"0.680481970310211181640625,-0.138449847698211669921875,0.719244301319122314453125";
                          1 = xpoint3:"-0.659217357635498046875,-0.542600929737091064453125,0.5184383392333984375";
                          2 = xpoint3:"0.319238364696502685546875,-0.82715022563934326171875,-0.46020710468292236328125";
                        }
                      }
                    }
                  }
                }
              }
            }
          }
        }
      }
    }
  }
}