model = {
  file = str:"data\models\units\worker\worker.nif";
  animation = {
    loop = fixp:"0";
    duration = fixp:"41";
  }
  #0 = {
    scale = fixp:"1";
    name = str:"Worker";
    translation = xpoint3:"0,0,92.3999176025390625";
    rotation = {
      0 = xpoint3:"1,0,0";
      1 = xpoint3:"0,0.99721157550811767578125,0.0746263563632965087890625";
      2 = xpoint3:"0,-0.0746263563632965087890625,0.99721157550811767578125";
    }
  }
  #1 = {
    scale = fixp:"1";
    name = str:"ROOT";
    translation = xpoint3:"0,0,0";
    rotation = {
      0 = xpoint3:"1,0,0";
      1 = xpoint3:"0,1,0";
      2 = xpoint3:"0,0,1";
    }
    #2 = {
      scale = fixp:"1";
      name = str:"ROOT NonAccum";
      translation = xpoint3:"0,0,0";
      rotation = {
        0 = xpoint3:"1,0,0";
        1 = xpoint3:"0,1,0";
        2 = xpoint3:"0,0,1";
      }
      #0 = {
        scale = fixp:"1";
        name = str:"Circle01";
        translation = xpoint3:"-13.920665740966796875,0.53598344326019287109375,90.44644927978515625";
        rotation = {
          0 = xpoint3:"0.993688285350799560546875,-0.05638213455677032470703125,0.09697730839252471923828125";
          1 = xpoint3:"0.0432532727718353271484375,0.990236222743988037109375,0.132519245147705078125";
          2 = xpoint3:"-0.10350216925144195556640625,-0.1274882256984710693359375,0.986424863338470458984375";
        }
        #0 = {
          scale = fixp:"1";
          name = str:"Pelvis";
          translation = xpoint3:"0,0,0";
          rotation = {
            0 = xpoint3:"1,0,0";
            1 = xpoint3:"0,0,-0.999999940395355224609375";
            2 = xpoint3:"0,0.999999940395355224609375,0";
          }
          #0 = {
            scale = fixp:"1";
            name = str:"L_Leg";
            translation = xpoint3:"12.9999980926513671875,-3.346626758575439453125,-1.06027638912200927734375";
            rotation = {
              0 = xpoint3:"0.328099191188812255859375,0.92845380306243896484375,-0.1713171303272247314453125";
              1 = xpoint3:"-0.927570819854736328125,0.350827276706695556640625,0.124862186610698699951171875";
              2 = xpoint3:"0.1760349273681640625,0.118117876350879669189453125,0.97725474834442138671875";
            }
            #0 = {
              scale = fixp:"1";
              name = str:"L_Leg1";
              translation = xpoint3:"40.245513916015625,0,0";
              rotation = {
                0 = xpoint3:"0.781755745410919189453125,0.15714888274669647216796875,0.60319602489471435546875";
                1 = xpoint3:"-0.12437616288661956787109375,0.987565815448760986328125,-0.09605385363101959228515625";
                2 = xpoint3:"-0.6107959747314453125,0,0.79159700870513916015625";
              }
              #0 = {
                scale = fixp:"1";
                name = str:"L_Foot";
                translation = xpoint3:"45.26187896728515625,0,0";
                rotation = {
                  0 = xpoint3:"-0.22467136383056640625,0.0472277104854583740234375,-0.972376048564910888671875";
                  1 = xpoint3:"0.2469990551471710205078125,0.96893846988677978515625,-0.01022891700267791748046875";
                  2 = xpoint3:"0.941667139530181884765625,-0.24265758693218231201171875,-0.22933876514434814453125";
                }
              }
            }
          }
          #1 = {
            scale = fixp:"1";
            name = str:"R_Leg";
            translation = xpoint3:"-12.99999904632568359375,-3.3466269969940185546875,-1.060276508331298828125";
            rotation = {
              0 = xpoint3:"0.110572405159473419189453125,0.988339245319366455078125,-0.09832866489887237548828125";
              1 = xpoint3:"-0.992865741252899169921875,0.112630285322666168212890625,0.0156277976930141448974609375";
              2 = xpoint3:"0.026468209922313690185546875,0.09598015248775482177734375,0.99502766132354736328125";
            }
            #0 = {
              scale = fixp:"1";
              name = str:"R_Leg1";
              translation = xpoint3:"40.24552154541015625,0,0";
              rotation = {
                0 = xpoint3:"0.862405359745025634765625,-0.12767784297466278076171875,0.4896484911441802978515625";
                1 = xpoint3:"0.110874034464359283447265625,0.991809666156768798828125,0.063313901424407958984375";
                2 = xpoint3:"-0.4937248528003692626953125,0,0.869509279727935791015625";
              }
              #0 = {
                scale = fixp:"1";
                name = str:"R_Foot";
                translation = xpoint3:"45.261875152587890625,0,0";
                rotation = {
                  0 = xpoint3:"-0.2636381089687347412109375,-0.1441809833049774169921875,-0.952823817729949951171875";
                  1 = xpoint3:"-0.50346243381500244140625,0.8638551235198974609375,0.00907857716083526611328125";
                  2 = xpoint3:"0.821697652339935302734375,0.482461035251617431640625,-0.300262629985809326171875";
                }
              }
            }
          }
          #2 = {
            scale = fixp:"1";
            name = str:"Plane01";
            translation = xpoint3:"0,-8.953594207763671875,13.5744228363037109375";
            rotation = {
              0 = xpoint3:"0.970452725887298583984375,0.20010872185230255126953125,-0.13482566177845001220703125";
              1 = xpoint3:"-0.14229483902454376220703125,0.92588436603546142578125,0.3499861657619476318359375";
              2 = xpoint3:"0.19486825168132781982421875,-0.3204600512981414794921875,0.927001476287841796875";
            }
          }
          #3 = {
            scale = fixp:"1";
            name = str:"Spin1";
            translation = xpoint3:"0.667671620845794677734375,8.9103679656982421875,-5.351208209991455078125";
            rotation = {
              0 = xpoint3:"-0.113095819950103759765625,-0.99263095855712890625,0.0166720859706401824951171875";
              1 = xpoint3:"0.98857247829437255859375,-0.114140190184116363525390625,-0.08988730609416961669921875";
              2 = xpoint3:"0.09120614826679229736328125,0.00625501573085784912109375,0.9958093166351318359375";
            }
            #0 = {
              scale = fixp:"1";
              name = str:"Spine1";
              translation = xpoint3:"28.6133480072021484375,0,0";
              rotation = {
                0 = xpoint3:"0.99619472026824951171875,0,0.08715574443340301513671875";
                1 = xpoint3:"0,1,0";
                2 = xpoint3:"-0.08715574443340301513671875,0,0.99619472026824951171875";
              }
              #0 = {
                scale = fixp:"1";
                name = str:"Head";
                translation = xpoint3:"23.390972137451171875,0,0";
                rotation = {
                  0 = xpoint3:"0.939916670322418212890625,0,-0.341403961181640625";
                  1 = xpoint3:"0,1,0";
                  2 = xpoint3:"0.341403961181640625,0,0.939916670322418212890625";
                }
                #0 = {
                  scale = fixp:"1";
                  name = str:"Hat";
                  translation = xpoint3:"14.8012142181396484375,-0.190072953701019287109375,2.66153812408447265625";
                  rotation = {
                    0 = xpoint3:"0,-0.49943220615386962890625,0.86635303497314453125";
                    1 = xpoint3:"-1,0,0";
                    2 = xpoint3:"0,-0.86635303497314453125,-0.49943220615386962890625";
                  }
                }
                #1 = {
                  scale = fixp:"1";
                  name = str:"pt_head";
                  translation = xpoint3:"12.44898509979248046875,0.00348167284391820430755615234375,-2.006271839141845703125";
                  rotation = {
                    0 = xpoint3:"1,0,0";
                    1 = xpoint3:"0,1,0";
                    2 = xpoint3:"0,0,1";
                  }
                }
              }
              #1 = {
                scale = fixp:"1";
                name = str:"L_Clav";
                translation = xpoint3:"23.390972137451171875,0,0";
                rotation = {
                  0 = xpoint3:"-0.2330684959888458251953125,0.971421420574188232421875,-0.01517568528652191162109375";
                  1 = xpoint3:"-0.941579282283782958984375,-0.22967748343944549560546875,-0.2426774203777313232421875";
                  2 = xpoint3:"-0.23941226303577423095703125,-0.0424782335758209228515625,0.969965875148773193359375";
                }
                #0 = {
                  scale = fixp:"1";
                  name = str:"L_Hand";
                  translation = xpoint3:"22.2766246795654296875,0,0";
                  rotation = {
                    0 = xpoint3:"0.690284907817840576171875,0.426390469074249267578125,-0.584164798259735107421875";
                    1 = xpoint3:"-0.698459804058074951171875,0.60276126861572265625,-0.38504064083099365234375";
                    2 = xpoint3:"0.187646567821502685546875,0.67401301860809326171875,0.71419918537139892578125";
                  }
                  #0 = {
                    scale = fixp:"1";
                    name = str:"L_Hand1";
                    translation = xpoint3:"25.2858791351318359375,0,0";
                    rotation = {
                      0 = xpoint3:"0.4357304275035858154296875,0.091125786304473876953125,-0.894995152950286865234375";
                      1 = xpoint3:"-0.04435454308986663818359375,0.99582374095916748046875,0.0797598361968994140625";
                      2 = xpoint3:"0.898528158664703369140625,0.0050048120319843292236328125,0.437957227230072021484375";
                    }
                    #0 = {
                      scale = fixp:"1";
                      name = str:"L_Wrist";
                      translation = xpoint3:"19.609104156494140625,-0.0040577561594545841217041015625,0";
                      rotation = {
                        0 = xpoint3:"0.951542079448699951171875,0.083491377532482147216796875,0.2958489358425140380859375";
                        1 = xpoint3:"-0.21340596675872802734375,0.87220776081085205078125,0.439915955066680908203125";
                        2 = xpoint3:"-0.2212584316730499267578125,-0.481764853000640869140625,0.84777736663818359375";
                      }
                      #0 = {
                        scale = fixp:"1";
                        name = str:"Index";
                        translation = xpoint3:"12.264682769775390625,1.39608418941497802734375,2.8872754573822021484375";
                        rotation = {
                          0 = xpoint3:"0.87062346935272216796875,-0.02727310359477996826171875,0.491193354129791259765625";
                          1 = xpoint3:"-0.45378911495208740234375,0.341049611568450927734375,0.823262155055999755859375";
                          2 = xpoint3:"-0.18997418880462646484375,-0.939649522304534912109375,0.2845495641231536865234375";
                        }
                        #0 = {
                          scale = fixp:"1";
                          name = str:"Index1";
                          translation = xpoint3:"8.93953418731689453125,0,0";
                          rotation = {
                            0 = xpoint3:"0.88879215717315673828125,0.008721717633306980133056640625,0.45822751522064208984375";
                            1 = xpoint3:"-0.0077520892955362796783447265625,0.99996197223663330078125,-0.0039966828189790248870849609375";
                            2 = xpoint3:"-0.45824491977691650390625,0,0.888825953006744384765625";
                          }
                        }
                      }
                      #1 = {
                        scale = fixp:"1";
                        name = str:"Finger";
                        translation = xpoint3:"12.06826496124267578125,2.0975017547607421875,-2.5323331356048583984375";
                        rotation = {
                          0 = xpoint3:"0.816101133823394775390625,-0.3687900602817535400390625,0.4449413120746612548828125";
                          1 = xpoint3:"-0.4235512912273406982421875,0.14210988581180572509765625,0.894655644893646240234375";
                          2 = xpoint3:"-0.3931706845760345458984375,-0.918585002422332763671875,-0.04022546112537384033203125";
                        }
                        #0 = {
                          scale = fixp:"1";
                          name = str:"Finger1";
                          translation = xpoint3:"8.18311786651611328125,0,0";
                          rotation = {
                            0 = xpoint3:"0.88879215717315673828125,0.008721717633306980133056640625,0.4582274854183197021484375";
                            1 = xpoint3:"-0.0077520892955362796783447265625,0.99996197223663330078125,-0.003996682353317737579345703125";
                            2 = xpoint3:"-0.4582448899745941162109375,0,0.888825953006744384765625";
                          }
                        }
                      }
                      #2 = {
                        scale = fixp:"1";
                        name = str:"Thumb";
                        translation = xpoint3:"9.2888660430908203125,-2.415487766265869140625,5.718791484832763671875";
                        rotation = {
                          0 = xpoint3:"0.2965633869171142578125,0.9149920940399169921875,-0.2735684216022491455078125";
                          1 = xpoint3:"-0.85709345340728759765625,0.381352126598358154296875,0.3463543355464935302734375";
                          2 = xpoint3:"0.4212373793125152587890625,0.131757676601409912109375,0.897328794002532958984375";
                        }
                        #0 = {
                          scale = fixp:"1";
                          name = str:"Thumb1";
                          translation = xpoint3:"6.466675281524658203125,0,0";
                          rotation = {
                            0 = xpoint3:"0.4382347166538238525390625,-0.0152854658663272857666015625,0.898730576038360595703125";
                            1 = xpoint3:"0.0066994032822549343109130859375,0.999883174896240234375,0.01373912207782268524169921875";
                            2 = xpoint3:"-0.898835599422454833984375,0,0.4382859170436859130859375";
                          }
                        }
                      }
                    }
                  }
                }
              }
              #2 = {
                scale = fixp:"1";
                name = str:"R_Clav";
                translation = xpoint3:"23.390956878662109375,0,0";
                rotation = {
                  0 = xpoint3:"-0.410340130329132080078125,-0.91073596477508544921875,-0.01158557832241058349609375";
                  1 = xpoint3:"0.837509632110595703125,-0.3822236955165863037109375,0.3879131972789764404296875";
                  2 = xpoint3:"-0.357982933521270751953125,0.1498635709285736083984375,0.92156136035919189453125";
                }
                #0 = {
                  scale = fixp:"1";
                  name = str:"R_Hand";
                  translation = xpoint3:"22.2766265869140625,0,0";
                  rotation = {
                    0 = xpoint3:"0.942351400852203369140625,-0.3107931613922119140625,-0.1236841380596160888671875";
                    1 = xpoint3:"0.332163155078887939453125,0.825907230377197265625,0.4552935659885406494140625";
                    2 = xpoint3:"-0.0394688658416271209716796875,-0.4701406061649322509765625,0.881611168384552001953125";
                  }
                  #0 = {
                    scale = fixp:"1";
                    name = str:"R_Hand1";
                    translation = xpoint3:"25.285884857177734375,0,0";
                    rotation = {
                      0 = xpoint3:"0.64577424526214599609375,-0.076717011630535125732421875,-0.75932598114013671875";
                      1 = xpoint3:"0.055410124361515045166015625,0.997022449970245361328125,-0.0535879023373126983642578125";
                      2 = xpoint3:"0.761177539825439453125,-0.007512994110584259033203125,0.648106157779693603515625";
                    }
                    #0 = {
                      scale = fixp:"1";
                      name = str:"R_Wrist";
                      translation = xpoint3:"19.6088809967041015625,0,0";
                      rotation = {
                        0 = xpoint3:"0.96546089649200439453125,0.138698041439056396484375,0.2204495966434478759765625";
                        1 = xpoint3:"-0.008456297218799591064453125,0.862757861614227294921875,-0.505349576473236083984375";
                        2 = xpoint3:"-0.2603145539760589599609375,0.4860170185565948486328125,0.83413612842559814453125";
                      }
                      #0 = {
                        scale = fixp:"1";
                        name = str:"Thumb@#0";
                        translation = xpoint3:"9.28951930999755859375,2.44137668609619140625,5.710828304290771484375";
                        rotation = {
                          0 = xpoint3:"0.4160389602184295654296875,-0.867112576961517333984375,-0.273911178112030029296875";
                          1 = xpoint3:"0.798068940639495849609375,0.492555439472198486328125,-0.3470951020717620849609375";
                          2 = xpoint3:"0.43588697910308837890625,-0.0741949379444122314453125,0.896937906742095947265625";
                        }
                        #0 = {
                          scale = fixp:"1";
                          name = str:"Thumb1@#1";
                          translation = xpoint3:"6.466670989990234375,0,0";
                          rotation = {
                            0 = xpoint3:"0.4195977747440338134765625,0.01528584957122802734375,0.907581388950347900390625";
                            1 = xpoint3:"-0.0064146569930016994476318359375,0.999883174896240234375,-0.01387477479875087738037109375";
                            2 = xpoint3:"-0.907687485218048095703125,0,0.419646799564361572265625";
                          }
                        }
                      }
                      #1 = {
                        scale = fixp:"1";
                        name = str:"Index@#2";
                        translation = xpoint3:"12.2664279937744140625,-1.3688213825225830078125,2.8790683746337890625";
                        rotation = {
                          0 = xpoint3:"0.977977752685546875,0.027261555194854736328125,0.20692098140716552734375";
                          1 = xpoint3:"0.18547259271144866943359375,0.3411060273647308349609375,-0.9215457439422607421875";
                          2 = xpoint3:"-0.0957047641277313232421875,0.93962943553924560546875,0.3285378515720367431640625";
                        }
                        #0 = {
                          scale = fixp:"1";
                          name = str:"Index1@#3";
                          translation = xpoint3:"8.93953037261962890625,0,0";
                          rotation = {
                            0 = xpoint3:"0.6293518543243408203125,-0.00872170366346836090087890625,0.777071535587310791015625";
                            1 = xpoint3:"0.005489236675202846527099609375,0.99996197223663330078125,0.006777639500796794891357421875";
                            2 = xpoint3:"-0.777101099491119384765625,0,0.629375755786895751953125";
                          }
                        }
                      }
                      #2 = {
                        scale = fixp:"1";
                        name = str:"Finger@#4";
                        translation = xpoint3:"12.06917858123779296875,-2.0702455043792724609375,-2.540409564971923828125";
                        rotation = {
                          0 = xpoint3:"0.811273038387298583984375,0.58270132541656494140625,-0.047908246517181396484375";
                          1 = xpoint3:"-0.17359016835689544677734375,0.16181425750255584716796875,-0.97143328189849853515625";
                          2 = xpoint3:"-0.55830323696136474609375,0.79641401767730712890625,0.23242677748203277587890625";
                        }
                        #0 = {
                          scale = fixp:"1";
                          name = str:"Finger1@#5";
                          translation = xpoint3:"8.18311023712158203125,0,0";
                          rotation = {
                            0 = xpoint3:"0.553989350795745849609375,-0.0087216831743717193603515625,0.832477986812591552734375";
                            1 = xpoint3:"0.0048319031484425067901611328125,0.99996197223663330078125,0.00726088695228099822998046875";
                            2 = xpoint3:"-0.832509696483612060546875,0,0.554010450839996337890625";
                          }
                        }
                      }
                      #3 = {
                        scale = fixp:"1";
                        name = str:"MOTIKA";
                        translation = xpoint3:"19.5951786041259765625,8.61328411102294921875,-3.4002132415771484375";
                        rotation = {
                          0 = xpoint3:"0.680481970310211181640625,-0.1384497582912445068359375,0.7192442417144775390625";
                          1 = xpoint3:"-0.659217357635498046875,-0.5426008701324462890625,0.518438279628753662109375";
                          2 = xpoint3:"0.3192384243011474609375,-0.827150166034698486328125,-0.4602069556713104248046875";
                        }
                      }
                      #4 = {
                        scale = fixp:"0";
                        name = str:"SYRP";
                        translation = xpoint3:"19.595184326171875,8.61327838897705078125,-3.4002096652984619140625";
                        rotation = {
                          0 = xpoint3:"1,0,0";
                          1 = xpoint3:"0,1,0";
                          2 = xpoint3:"0,0,1";
                        }
                      }
                      #5 = {
                        scale = fixp:"0";
                        name = str:"SEKIRA";
                        translation = xpoint3:"19.5951786041259765625,8.61328411102294921875,-3.4002120494842529296875";
                        rotation = {
                          0 = xpoint3:"1,0,0";
                          1 = xpoint3:"0,1,0";
                          2 = xpoint3:"0,0,1";
                        }
                      }
                      #6 = {
                        scale = fixp:"0";
                        name = str:"VILA";
                        translation = xpoint3:"19.595172882080078125,8.61328220367431640625,-3.400207042694091796875";
                        rotation = {
                          0 = xpoint3:"1,0,0";
                          1 = xpoint3:"0,1,0";
                          2 = xpoint3:"0,0,1";
                        }
                      }
                    }
                  }
                }
              }
              #3 = {
                scale = fixp:"1";
                name = str:"pt_chest";
                translation = xpoint3:"0,0,0";
                rotation = {
                  0 = xpoint3:"1,0,0";
                  1 = xpoint3:"0,1,0";
                  2 = xpoint3:"0,0,1";
                }
              }
            }
          }
          #4 = {
            scale = fixp:"1";
            name = str:"pt_center";
            translation = xpoint3:"0,0,0";
            rotation = {
              0 = xpoint3:"1,0,0";
              1 = xpoint3:"0,1,0";
              2 = xpoint3:"0,0,1";
            }
          }
        }
      }
      #1 = {
        scale = fixp:"1";
        name = str:"pt_ground";
        translation = xpoint3:"0,0,0";
        rotation = {
          0 = xpoint3:"1,0,0";
          1 = xpoint3:"0,1,0";
          2 = xpoint3:"0,0,1";
        }
      }
      #2 = {
        scale = fixp:"1";
        name = str:"pt_top";
        translation = xpoint3:"0.468231201171875,3.930852413177490234375,198.7877349853515625";
        rotation = {
          0 = xpoint3:"1,0,0";
          1 = xpoint3:"0,1,0";
          2 = xpoint3:"0,0,1";
        }
      }
    }
  }
  #2 = {
    scale = fixp:"1";
    name = str:"IK Chain01";
    translation = xpoint3:"14.59825038909912109375,6.972944736480712890625,6.7180385589599609375";
    rotation = {
      0 = xpoint3:"0.951360046863555908203125,-0.307966649532318115234375,0";
      1 = xpoint3:"0.307966649532318115234375,0.951360046863555908203125,0";
      2 = xpoint3:"0,0,1";
    }
    #0 = {
      scale = fixp:"1";
      name = str:"pt_foot";
      translation = xpoint3:"0,0,0";
      rotation = {
        0 = xpoint3:"1,0,0";
        1 = xpoint3:"0,1,0";
        2 = xpoint3:"0,0,1";
      }
    }
    #1 = {
      scale = fixp:"1";
      name = str:"pt_footprint02";
      translation = xpoint3:"0,0,-6.2180385589599609375";
      rotation = {
        0 = xpoint3:"1,0,0";
        1 = xpoint3:"0,1,0";
        2 = xpoint3:"0,0,1";
      }
    }
  }
  #3 = {
    scale = fixp:"1";
    name = str:"IK Chain02";
    translation = xpoint3:"-20.1681232452392578125,10.3348236083984375,6.716312885284423828125";
    rotation = {
      0 = xpoint3:"0.79206287860870361328125,0.610192358493804931640625,0";
      1 = xpoint3:"-0.610192358493804931640625,0.79206287860870361328125,0";
      2 = xpoint3:"0,0,1";
    }
    #0 = {
      scale = fixp:"1";
      name = str:"pt_foot";
      translation = xpoint3:"0,0,0";
      rotation = {
        0 = xpoint3:"1,0,0";
        1 = xpoint3:"0,1,0";
        2 = xpoint3:"0,0,1";
      }
    }
    #1 = {
      scale = fixp:"1";
      name = str:"pt_footprint01";
      translation = xpoint3:"0,0,-6.216312885284423828125";
      rotation = {
        0 = xpoint3:"1,0,0";
        1 = xpoint3:"0,1,0";
        2 = xpoint3:"0,0,1";
      }
    }
  }
}