model = {
  file = str:"data\models\lifeforms\eel\eel.nif";
  animation = {
    loop = fixp:"0";
    duration = fixp:"0";
  }
  #1 = {
    scale = fixp:"1";
    name = str:"ROOT";
    translation = xpoint3:"0,0,0";
    rotation = {
      0 = xpoint3:"1,0,0";
      1 = xpoint3:"0,1,0";
      2 = xpoint3:"0,0,1";
    }
    #0 = {
      scale = fixp:"1";
      name = str:"ROOT NonAccum";
      translation = xpoint3:"0,0,0";
      rotation = {
        0 = xpoint3:"1,0,0";
        1 = xpoint3:"0,1,0";
        2 = xpoint3:"0,0,1";
      }
      #0 = {
        scale = fixp:"1";
        name = str:"Dummy05";
        translation = xpoint3:"-365.390106201171875,651.79425048828125,-106.5660858154296875";
        rotation = {
          0 = xpoint3:"0.20896542072296142578125,0.97792303562164306640625,0";
          1 = xpoint3:"-0.97792303562164306640625,0.20896542072296142578125,0";
          2 = xpoint3:"0,0,1";
        }
        #0 = {
          scale = fixp:"1";
          name = str:"Head";
          translation = xpoint3:"7.887769222259521484375,0.1945318281650543212890625,2.0901281833648681640625";
          rotation = {
            0 = xpoint3:"0.01347339153289794921875,-0.999909222126007080078125,0";
            1 = xpoint3:"0.999909222126007080078125,0.01347339153289794921875,0";
            2 = xpoint3:"0,0,1";
          }
          #0 = {
            scale = fixp:"1";
            name = str:"R_Perka";
            translation = xpoint3:"-7.671514034271240234375,12.17539501190185546875,-10.17676448822021484375";
            rotation = {
              0 = xpoint3:"-0.686003506183624267578125,-0.567305147647857666015625,-0.45559203624725341796875";
              1 = xpoint3:"0.4725800454616546630859375,-0.82350766658782958984375,0.31385219097137451171875";
              2 = xpoint3:"-0.55323350429534912109375,0,0.833026230335235595703125";
            }
          }
          #1 = {
            scale = fixp:"1";
            name = str:"L_Perka";
            translation = xpoint3:"7.671511173248291015625,12.1753940582275390625,-10.17676448822021484375";
            rotation = {
              0 = xpoint3:"0.68600356578826904296875,-0.567305028438568115234375,0.4555920660495758056640625";
              1 = xpoint3:"0.4725799858570098876953125,0.823507726192474365234375,0.313852131366729736328125";
              2 = xpoint3:"-0.55323350429534912109375,0,0.833026230335235595703125";
            }
          }
          #2 = {
            scale = fixp:"1";
            name = str:"Spine1";
            translation = xpoint3:"-0.17904575169086456298828125,8.5768108367919921875,-3.1576735973358154296875";
            rotation = {
              0 = xpoint3:"0.04841466248035430908203125,-0.99813544750213623046875,0";
              1 = xpoint3:"0.9979989528656005859375,0.048421181738376617431640625,-0.01650469936430454254150390625";
              2 = xpoint3:"0.016523532569408416748046875,0,0.9998633861541748046875";
            }
            #0 = {
              scale = fixp:"1";
              name = str:"Spine2";
              translation = xpoint3:"48.6215667724609375,0,0";
              rotation = {
                0 = xpoint3:"0.96553957462310791015625,0.2598025500774383544921875,0.013635993935167789459228515625";
                1 = xpoint3:"-0.2598369419574737548828125,0.96562635898590087890625,0";
                2 = xpoint3:"-0.012964720837771892547607421875,-0.004296655766665935516357421875,0.99990665912628173828125";
              }
              #0 = {
                scale = fixp:"1";
                name = str:"Spine3";
                translation = xpoint3:"53.13225555419921875,0,0";
                rotation = {
                  0 = xpoint3:"0.99190318584442138671875,-0.1269334852695465087890625,0.0020565255545079708099365234375";
                  1 = xpoint3:"0.126933991909027099609375,0.99190521240234375,0";
                  2 = xpoint3:"-0.0020246631465852260589599609375,0,0.9999978542327880859375";
                }
                #0 = {
                  scale = fixp:"1";
                  name = str:"Tail";
                  translation = xpoint3:"39.83966064453125,0,0";
                  rotation = {
                    0 = xpoint3:"0.999002993106842041015625,0.0446248911321163177490234375,0";
                    1 = xpoint3:"-0.0446249060332775115966796875,0.999003112316131591796875,0";
                    2 = xpoint3:"0,0,0.99999988079071044921875";
                  }
                }
              }
            }
          }
        }
      }
    }
  }
}