model = {
  file = str:"data\models\units\assaultbot\assaultbot.nif";
  animation = {
    loop = fixp:"0";
    duration = fixp:"6";
  }
  #0 = {
    scale = fixp:"1";
    name = str:"ROOT";
    translation = xpoint3:"0,0,0";
    rotation = {
      0 = xpoint3:"1,0,0";
      1 = xpoint3:"0,1,0";
      2 = xpoint3:"0,0,1";
    }
    #5 = {
      scale = fixp:"1";
      name = str:"ROOT NonAccum";
      translation = xpoint3:"0,0,0";
      rotation = {
        0 = xpoint3:"1,0,0";
        1 = xpoint3:"0,1,0";
        2 = xpoint3:"0,0,1";
      }
      #0 = {
        scale = fixp:"1";
        name = str:"Dummy_L_Foot";
        translation = xpoint3:"74.74561309814453125,-15.4711666107177734375,11.88291645050048828125";
        rotation = {
          0 = xpoint3:"1,0,0";
          1 = xpoint3:"0,1,0";
          2 = xpoint3:"0,0,1";
        }
        #0 = {
          scale = fixp:"1";
          name = str:"pt_foot";
          translation = xpoint3:"-0.108292631804943084716796875,0.626081049442291259765625,-4.4803524017333984375";
          rotation = {
            0 = xpoint3:"1,0,0";
            1 = xpoint3:"0,1,0";
            2 = xpoint3:"0,0,1";
          }
        }
        #1 = {
          scale = fixp:"1";
          name = str:"pt_footprint01";
          translation = xpoint3:"0.456839501857757568359375,-0.98304462432861328125,-12.548839569091796875";
          rotation = {
            0 = xpoint3:"1,0,0";
            1 = xpoint3:"0,1,0";
            2 = xpoint3:"0,0,1";
          }
        }
      }
      #1 = {
        scale = fixp:"1";
        name = str:"Dummy_R_Foot";
        translation = xpoint3:"-74.2958526611328125,-15.4711666107177734375,11.88291263580322265625";
        rotation = {
          0 = xpoint3:"1,0,0";
          1 = xpoint3:"0,1,0";
          2 = xpoint3:"0,0,1";
        }
        #0 = {
          scale = fixp:"1";
          name = str:"pt_foot@#0";
          translation = xpoint3:"-0.009406439028680324554443359375,0.626083314418792724609375,-4.480352878570556640625";
          rotation = {
            0 = xpoint3:"1,0,0";
            1 = xpoint3:"0,1,0";
            2 = xpoint3:"0,0,1";
          }
        }
        #1 = {
          scale = fixp:"1";
          name = str:"pt_footprint02";
          translation = xpoint3:"0.77285063266754150390625,-0.9830434322357177734375,-12.5488433837890625";
          rotation = {
            0 = xpoint3:"1,0,0";
            1 = xpoint3:"0,1,0";
            2 = xpoint3:"0,0,1";
          }
        }
      }
      #2 = {
        scale = fixp:"1";
        name = str:"Pivot";
        translation = xpoint3:"0,6.4916934967041015625,97.94420623779296875";
        rotation = {
          0 = xpoint3:"0.9999983310699462890625,-0.00181673769839107990264892578125,0";
          1 = xpoint3:"0.0018168054521083831787109375,0.999998152256011962890625,0";
          2 = xpoint3:"0,0,0.9999997615814208984375";
        }
        #0 = {
          scale = fixp:"1";
          name = str:"Dummy_L_leg1";
          translation = xpoint3:"73.22467803955078125,0.3605139255523681640625,-0.27110016345977783203125";
          rotation = {
            0 = xpoint3:"0.9999969005584716796875,0,0.00247539090923964977264404296875";
            1 = xpoint3:"0,0.999999940395355224609375,0";
            2 = xpoint3:"-0.00247542909346520900726318359375,0,0.9999969005584716796875";
          }
          #0 = {
            scale = fixp:"1";
            name = str:"Dummy_L_leg2";
            translation = xpoint3:"1.5569994449615478515625,-35.675395965576171875,-19.288787841796875";
            rotation = {
              0 = xpoint3:"1,0,0";
              1 = xpoint3:"0,1,0";
              2 = xpoint3:"0,0,1";
            }
            #0 = {
              scale = fixp:"1";
              name = str:"Bone_foot_L2";
              translation = xpoint3:"0,0,0";
              rotation = {
                0 = xpoint3:"0.0021863877773284912109375,0.0013107359409332275390625,-0.99927246570587158203125";
                1 = xpoint3:"0.82297611236572265625,-0.566071808338165283203125,0";
                2 = xpoint3:"-0.56679570674896240234375,-0.822975218296051025390625,-0.0011824071407318115234375";
              }
              #0 = {
                scale = fixp:"1";
                name = str:"Bone_foot_L3";
                translation = xpoint3:"46.72039031982421875,0,0";
                rotation = {
                  0 = xpoint3:"0.0448474250733852386474609375,-0.9982998371124267578125,0";
                  1 = xpoint3:"0.9982998371124267578125,0.044847428798675537109375,0";
                  2 = xpoint3:"0,0,1";
                }
                #0 = {
                  scale = fixp:"1";
                  name = str:"Bone_L_Foot";
                  translation = xpoint3:"47.379245758056640625,0.3018749058246612548828125,0";
                  rotation = {
                    0 = xpoint3:"0.82547175884246826171875,-0.003972947597503662109375,0.56420505046844482421875";
                    1 = xpoint3:"0.564218938350677490234375,0.0071300566196441650390625,-0.82472133636474609375";
                    2 = xpoint3:"0,0.99924600124359130859375,0.0082547366619110107421875";
                  }
                  #0 = {
                    scale = fixp:"1";
                    name = str:"Bone_finger_L1";
                    translation = xpoint3:"17.18597412109375,0.005838020704686641693115234375,0.811326324939727783203125";
                    rotation = {
                      0 = xpoint3:"0.962477147579193115234375,0.271205842494964599609375,0.00554044544696807861328125";
                      1 = xpoint3:"0.00385250151157379150390625,0.007477231323719024658203125,-0.999244272708892822265625";
                      2 = xpoint3:"-0.27123510837554931640625,0.961743891239166259765625,0.00617812015116214752197265625";
                    }
                  }
                  #1 = {
                    scale = fixp:"1";
                    name = str:"Bone_finger_L2";
                    translation = xpoint3:"4.27824878692626953125,12.33618831634521484375,6.437037944793701171875";
                    rotation = {
                      0 = xpoint3:"0.032595418393611907958984375,-0.934105396270751953125,0.3555063903331756591796875";
                      1 = xpoint3:"0.99380910396575927734375,-0.007508337497711181640625,-0.1108480989933013916015625";
                      2 = xpoint3:"0.106213033199310302734375,0.3569186031818389892578125,0.928077518939971923828125";
                    }
                  }
                  #2 = {
                    scale = fixp:"1";
                    name = str:"Bone_finger_L3";
                    translation = xpoint3:"-8.25942230224609375,-0.083801306784152984619140625,10.57677364349365234375";
                    rotation = {
                      0 = xpoint3:"-0.889623224735260009765625,-0.4566751420497894287109375,0.0042960941791534423828125";
                      1 = xpoint3:"-0.0182721316814422607421875,0.0261923409998416900634765625,-0.999489963054656982421875";
                      2 = xpoint3:"0.4563296735286712646484375,-0.889247953891754150390625,-0.0316458009183406829833984375";
                    }
                  }
                  #3 = {
                    scale = fixp:"1";
                    name = str:"Bone_finger_L4";
                    translation = xpoint3:"4.0740566253662109375,-13.15055084228515625,6.31082820892333984375";
                    rotation = {
                      0 = xpoint3:"0.01593477465212345123291015625,-0.941580355167388916015625,-0.33641111850738525390625";
                      1 = xpoint3:"-0.997059166431427001953125,0.01026017405092716217041015625,-0.07594464719295501708984375";
                      2 = xpoint3:"0.07495962083339691162109375,0.3366320133209228515625,-0.93864786624908447265625";
                    }
                  }
                }
              }
            }
          }
          #1 = {
            scale = fixp:"1";
            name = str:"Bone_foot_L1";
            translation = xpoint3:"1.8296527862548828125,-16.75131988525390625,12.66605281829833984375";
            rotation = {
              0 = xpoint3:"0,0,-0.999999940395355224609375";
              1 = xpoint3:"-0.523759782314300537109375,-0.85186588764190673828125,0";
              2 = xpoint3:"-0.851865947246551513671875,0.523759782314300537109375,0";
            }
          }
        }
        #1 = {
          scale = fixp:"1";
          name = str:"Dummy_R_leg1";
          translation = xpoint3:"-72.684356689453125,0.360516130924224853515625,-0.27110016345977783203125";
          rotation = {
            0 = xpoint3:"1,0,0";
            1 = xpoint3:"0,1,0";
            2 = xpoint3:"0,0,1";
          }
          #0 = {
            scale = fixp:"1";
            name = str:"Bone_foot_R1";
            translation = xpoint3:"-1.60427772998809814453125,-16.8189601898193359375,12.6329345703125";
            rotation = {
              0 = xpoint3:"0,0,-0.999999940395355224609375";
              1 = xpoint3:"-0.52376163005828857421875,-0.85186469554901123046875,0";
              2 = xpoint3:"-0.851864755153656005859375,0.52376163005828857421875,0";
            }
          }
          #1 = {
            scale = fixp:"1";
            name = str:"Dummy_R_leg2";
            translation = xpoint3:"-1.584529876708984375,-35.603038787841796875,-19.16931915283203125";
            rotation = {
              0 = xpoint3:"1,0,0";
              1 = xpoint3:"0,1,0";
              2 = xpoint3:"0,0,1";
            }
            #0 = {
              scale = fixp:"1";
              name = str:"Bone_foot_R2";
              translation = xpoint3:"0,0,0";
              rotation = {
                0 = xpoint3:"0,0,-0.99927389621734619140625";
                1 = xpoint3:"0.8250343799591064453125,-0.56307184696197509765625,0";
                2 = xpoint3:"-0.5637969970703125,-0.82503402233123779296875,0.00177945196628570556640625";
              }
              #0 = {
                scale = fixp:"1";
                name = str:"Bone_foot_R3";
                translation = xpoint3:"46.72039031982421875,0,0";
                rotation = {
                  0 = xpoint3:"0.0462895594537258148193359375,-0.9982349872589111328125,0";
                  1 = xpoint3:"0.9982349872589111328125,0.04628956317901611328125,0";
                  2 = xpoint3:"0,0,1";
                }
                #0 = {
                  scale = fixp:"1";
                  name = str:"Bone_R_Foot";
                  translation = xpoint3:"47.37964630126953125,0.3062616884708404541015625,0";
                  rotation = {
                    0 = xpoint3:"0.824963986873626708984375,-0.004452049732208251953125,0.5649430751800537109375";
                    1 = xpoint3:"0.564960539340972900390625,0.00693641602993011474609375,-0.824214994907379150390625";
                    2 = xpoint3:"0,0.999245226383209228515625,0.008365564048290252685546875";
                  }
                  #0 = {
                    scale = fixp:"1";
                    name = str:"Bone_finger_R1";
                    translation = xpoint3:"17.188930511474609375,0.005741399712860584259033203125,0.8122236728668212890625";
                    rotation = {
                      0 = xpoint3:"0.96261692047119140625,0.270709812641143798828125,0.00553618371486663818359375";
                      1 = xpoint3:"0.00385157763957977294921875,0.007475309073925018310546875,-0.999244153499603271484375";
                      2 = xpoint3:"-0.270739018917083740234375,0.961883485317230224609375,0.006179384887218475341796875";
                    }
                  }
                  #1 = {
                    scale = fixp:"1";
                    name = str:"Bone_finger_R4";
                    translation = xpoint3:"4.07510471343994140625,-13.1504344940185546875,6.309688091278076171875";
                    rotation = {
                      0 = xpoint3:"0.0105734169483184814453125,-0.938312590122222900390625,-0.34562647342681884765625";
                      1 = xpoint3:"-0.995935618877410888671875,0.0210362970829010009765625,-0.087577283382415771484375";
                      2 = xpoint3:"0.08944557607173919677734375,0.345147669315338134765625,-0.93427646160125732421875";
                    }
                  }
                  #2 = {
                    scale = fixp:"1";
                    name = str:"Bone_finger_R3";
                    translation = xpoint3:"-8.26035976409912109375,-0.08348937332630157470703125,10.574474334716796875";
                    rotation = {
                      0 = xpoint3:"-0.882701933383941650390625,-0.469780623912811279296875,0.011983811855316162109375";
                      1 = xpoint3:"-0.024321079254150390625,0.02020181715488433837890625,-0.999500095844268798828125";
                      2 = xpoint3:"0.469303667545318603515625,-0.882552087306976318359375,-0.02925781905651092529296875";
                    }
                  }
                  #3 = {
                    scale = fixp:"1";
                    name = str:"Bone_finger_R2";
                    translation = xpoint3:"4.27918529510498046875,12.33631610870361328125,6.436492443084716796875";
                    rotation = {
                      0 = xpoint3:"0.0393318645656108856201171875,-0.93299102783203125,0.357743799686431884765625";
                      1 = xpoint3:"0.99059760570526123046875,-0.010540910065174102783203125,-0.1364010274410247802734375";
                      2 = xpoint3:"0.13103191554546356201171875,0.359745025634765625,0.92380416393280029296875";
                    }
                  }
                }
              }
            }
          }
        }
        #2 = {
          scale = fixp:"1";
          name = str:"Bone_body";
          translation = xpoint3:"0.010297567583620548248291015625,2.010072231292724609375,27.6668491363525390625";
          rotation = {
            0 = xpoint3:"0,0,-1";
            1 = xpoint3:"-0.999763667583465576171875,-0.02173840813338756561279296875,0";
            2 = xpoint3:"-0.02173840813338756561279296875,0.999763667583465576171875,0";
          }
          #0 = {
            scale = fixp:"1";
            name = str:"pt_head";
            translation = xpoint3:"20.04010772705078125,12.9815883636474609375,-0.02350042201578617095947265625";
            rotation = {
              0 = xpoint3:"0.0017000879161059856414794921875,-0.999883472919464111328125,-0.01516772247850894927978515625";
              1 = xpoint3:"0,-0.01516884751617908477783203125,0.99988472461700439453125";
              2 = xpoint3:"-0.9999983310699462890625,-0.00169001356698572635650634765625,0";
            }
          }
        }
        #3 = {
          scale = fixp:"1";
          name = str:"rot_z";
          translation = xpoint3:"-0.0334440506994724273681640625,-35.942447662353515625,-15.5560855865478515625";
          rotation = {
            0 = xpoint3:"1,0,0";
            1 = xpoint3:"0,1,0";
            2 = xpoint3:"0,0,1";
          }
          #0 = {
            scale = fixp:"1";
            name = str:"rot_x";
            translation = xpoint3:"0.0429636426270008087158203125,0,0";
            rotation = {
              0 = xpoint3:"1,0,0";
              1 = xpoint3:"0,1,0";
              2 = xpoint3:"0,0,1";
            }
            #0 = {
              scale = fixp:"1";
              name = str:"Bone_gun";
              translation = xpoint3:"0,7.77899456024169921875,-2.56240367889404296875";
              rotation = {
                0 = xpoint3:"0.00180599163286387920379638671875,0.999998390674591064453125,0";
                1 = xpoint3:"-0.999998390674591064453125,0.00180599163286387920379638671875,0";
                2 = xpoint3:"0,0,1";
              }
            }
            #1 = {
              scale = fixp:"1";
              name = str:"Bone_weapon_R";
              translation = xpoint3:"-14.442920684814453125,6.396089076995849609375,0.32312071323394775390625";
              rotation = {
                0 = xpoint3:"0,0.999999940395355224609375,0";
                1 = xpoint3:"-0.999999940395355224609375,0,0";
                2 = xpoint3:"0,0,1";
              }
              #0 = {
                scale = fixp:"1";
                name = str:"pt_shoot_1";
                translation = xpoint3:"79.56748199462890625,-0.08643202483654022216796875,0.02142276056110858917236328125";
                rotation = {
                  0 = xpoint3:"0,-1,0";
                  1 = xpoint3:"1,0,0";
                  2 = xpoint3:"0,0,1";
                }
              }
            }
            #2 = {
              scale = fixp:"1";
              name = str:"Bone_weapon_L";
              translation = xpoint3:"13.992431640625,6.396085262298583984375,0.3231072723865509033203125";
              rotation = {
                0 = xpoint3:"0,0.999999940395355224609375,0";
                1 = xpoint3:"-0.999999940395355224609375,0,0";
                2 = xpoint3:"0,0,1";
              }
              #0 = {
                scale = fixp:"1";
                name = str:"pt_shoot_2";
                translation = xpoint3:"79.567474365234375,-0.0182261727750301361083984375,0.0214016176760196685791015625";
                rotation = {
                  0 = xpoint3:"0,-1,0";
                  1 = xpoint3:"1,0,0";
                  2 = xpoint3:"0,0,1";
                }
              }
            }
          }
        }
        #4 = {
          scale = fixp:"1";
          name = str:"pt_center";
          translation = xpoint3:"0,0,0";
          rotation = {
            0 = xpoint3:"0.9999983310699462890625,0.00181824737228453159332275390625,0";
            1 = xpoint3:"-0.0018181796185672283172607421875,0.999998152256011962890625,0";
            2 = xpoint3:"0,0,0.9999997615814208984375";
          }
        }
        #5 = {
          scale = fixp:"1";
          name = str:"pt_cast";
          translation = xpoint3:"-0.21024523675441741943359375,-140.22406005859375,1.91770803928375244140625";
          rotation = {
            0 = xpoint3:"0.9999983310699462890625,0.00181824737228453159332275390625,0";
            1 = xpoint3:"-0.0018181796185672283172607421875,0.999998152256011962890625,0";
            2 = xpoint3:"0,0,0.9999997615814208984375";
          }
        }
        #6 = {
          scale = fixp:"1";
          name = str:"pt_shoot_3";
          translation = xpoint3:"12.7958526611328125,10.42180538177490234375,91.07506561279296875";
          rotation = {
            0 = xpoint3:"0.9999983310699462890625,0.00106615968979895114898681640625,0.00147656654007732868194580078125";
            1 = xpoint3:"-0.001818177290260791778564453125,0.631475150585174560546875,0.775393962860107421875";
            2 = xpoint3:"0,-0.77539539337158203125,0.63147604465484619140625";
          }
        }
        #7 = {
          scale = fixp:"1";
          name = str:"pt_shoot_5";
          translation = xpoint3:"-12.46445941925048828125,10.4677257537841796875,91.077728271484375";
          rotation = {
            0 = xpoint3:"0.9999983310699462890625,0.00106615968979895114898681640625,0.00147656654007732868194580078125";
            1 = xpoint3:"-0.001818177290260791778564453125,0.631475150585174560546875,0.775393962860107421875";
            2 = xpoint3:"0,-0.77539539337158203125,0.63147604465484619140625";
          }
        }
        #8 = {
          scale = fixp:"1";
          name = str:"pt_shoot_4";
          translation = xpoint3:"0.073092006146907806396484375,10.44493579864501953125,91.076416015625";
          rotation = {
            0 = xpoint3:"0.9999983310699462890625,0.00106615968979895114898681640625,0.00147656654007732868194580078125";
            1 = xpoint3:"-0.001818177290260791778564453125,0.631475150585174560546875,0.775393962860107421875";
            2 = xpoint3:"0,-0.77539539337158203125,0.63147604465484619140625";
          }
        }
        #9 = {
          scale = fixp:"1";
          name = str:"pt_shoot_8";
          translation = xpoint3:"-12.1624202728271484375,-8.36742877960205078125,75.738983154296875";
          rotation = {
            0 = xpoint3:"0.9999983310699462890625,0.00106615968979895114898681640625,0.00147656654007732868194580078125";
            1 = xpoint3:"-0.001818177290260791778564453125,0.631475150585174560546875,0.775393962860107421875";
            2 = xpoint3:"0,-0.77539539337158203125,0.63147604465484619140625";
          }
        }
        #10 = {
          scale = fixp:"1";
          name = str:"pt_shoot_7";
          translation = xpoint3:"-0.1796395778656005859375,-8.38921356201171875,75.73770904541015625";
          rotation = {
            0 = xpoint3:"0.9999983310699462890625,0.00106615968979895114898681640625,0.00147656654007732868194580078125";
            1 = xpoint3:"-0.001818177290260791778564453125,0.631475150585174560546875,0.775393962860107421875";
            2 = xpoint3:"0,-0.77539539337158203125,0.63147604465484619140625";
          }
        }
        #11 = {
          scale = fixp:"1";
          name = str:"pt_shoot_6";
          translation = xpoint3:"12.0069866180419921875,-8.41136837005615234375,75.73641204833984375";
          rotation = {
            0 = xpoint3:"0.9999983310699462890625,0.00106615968979895114898681640625,0.00147656654007732868194580078125";
            1 = xpoint3:"-0.001818177290260791778564453125,0.631475150585174560546875,0.775393962860107421875";
            2 = xpoint3:"0,-0.77539539337158203125,0.63147604465484619140625";
          }
        }
      }
      #3 = {
        scale = fixp:"1";
        name = str:"pt_top";
        translation = xpoint3:"0.0444789491593837738037109375,6.26112461090087890625,207.8382110595703125";
        rotation = {
          0 = xpoint3:"1,0,0";
          1 = xpoint3:"0,1,0";
          2 = xpoint3:"0,0,1";
        }
      }
      #4 = {
        scale = fixp:"1";
        name = str:"pt_ground";
        translation = xpoint3:"0,0,-0.66592419147491455078125";
        rotation = {
          0 = xpoint3:"1,0,0";
          1 = xpoint3:"0,1,0";
          2 = xpoint3:"0,0,1";
        }
      }
    }
  }
}