model = {
  file = str:"data\models\lifeforms\armadillo\armadillo.nif";
  animation = {
    loop = fixp:"0";
    duration = fixp:"8.3333339691162109375";
  }
  #1 = {
    scale = fixp:"1";
    name = str:"ROOT";
    translation = xpoint3:"0,0,0";
    rotation = {
      0 = xpoint3:"1,0,0";
      1 = xpoint3:"0,1,0";
      2 = xpoint3:"0,0,1";
    }
    #0 = {
      scale = fixp:"1";
      name = str:"Bip01";
      translation = xpoint3:"-0.00605724751949310302734375,17.7829837799072265625,51.670642852783203125";
      rotation = {
        0 = xpoint3:"1,0,0";
        1 = xpoint3:"0,1,0";
        2 = xpoint3:"0,0,1";
      }
      #0 = {
        scale = fixp:"1";
        name = str:"Box06";
        translation = xpoint3:"-0.03731204569339752197265625,-0.22632598876953125,0.1632080078125";
        rotation = {
          0 = xpoint3:"0.999999940395355224609375,0,0";
          1 = xpoint3:"0,1,0";
          2 = xpoint3:"0,0,0.999999940395355224609375";
        }
        #0 = {
          scale = fixp:"1";
          name = str:"Box01";
          translation = xpoint3:"0.2803653180599212646484375,-6.5614261627197265625,1.66127490997314453125";
          rotation = {
            0 = xpoint3:"1,0,0";
            1 = xpoint3:"0,0.342497408390045166015625,-0.939010798931121826171875";
            2 = xpoint3:"0,0.939010798931121826171875,0.342497408390045166015625";
          }
          #0 = {
            scale = fixp:"1";
            name = str:"Box02";
            translation = xpoint3:"0,1.15031206607818603515625,15.94640254974365234375";
            rotation = {
              0 = xpoint3:"1,0,0";
              1 = xpoint3:"0,0.93973636627197265625,-0.341772019863128662109375";
              2 = xpoint3:"0,0.341772019863128662109375,0.93973636627197265625";
            }
            #0 = {
              scale = fixp:"1";
              name = str:"Box03";
              translation = xpoint3:"0,-0.1863099634647369384765625,16.3041820526123046875";
              rotation = {
                0 = xpoint3:"1,0,0";
                1 = xpoint3:"0,0.939736425876617431640625,-0.3417718708515167236328125";
                2 = xpoint3:"0,0.3417718708515167236328125,0.939736425876617431640625";
              }
              #0 = {
                scale = fixp:"1";
                name = str:"Box04";
                translation = xpoint3:"0,0.013019435107707977294921875,15.6984920501708984375";
                rotation = {
                  0 = xpoint3:"1,0,0";
                  1 = xpoint3:"0,1,0";
                  2 = xpoint3:"0,0,1";
                }
                #0 = {
                  scale = fixp:"1";
                  name = str:"Box05";
                  translation = xpoint3:"0,-2.8428595066070556640625,11.5566387176513671875";
                  rotation = {
                    0 = xpoint3:"1,0,0";
                    1 = xpoint3:"0,0.950883388519287109375,0.3095492422580718994140625";
                    2 = xpoint3:"0,-0.3095492422580718994140625,0.950883388519287109375";
                  }
                }
                #1 = {
                  scale = fixp:"1";
                  name = str:"Bone06";
                  translation = xpoint3:"-10.6919002532958984375,-2.0521104335784912109375,-1.1304633617401123046875";
                  rotation = {
                    0 = xpoint3:"0,0,-0.99927437305450439453125";
                    1 = xpoint3:"-0.99903213977813720703125,-0.021272122859954833984375,0";
                    2 = xpoint3:"-0.0219977200031280517578125,0.9990322589874267578125,0";
                  }
                  #0 = {
                    scale = fixp:"1";
                    name = str:"Bone12";
                    translation = xpoint3:"19.87387847900390625,0,0";
                    rotation = {
                      0 = xpoint3:"0.664631903171539306640625,-0.743836224079132080078125,-0.066973857581615447998046875";
                      1 = xpoint3:"0.743761360645294189453125,0.667361676692962646484375,-0.03105974383652210235595703125";
                      2 = xpoint3:"0.067799739539623260498046875,-0.02921300567686557769775390625,0.997269213199615478515625";
                    }
                    #0 = {
                      scale = fixp:"1";
                      name = str:"Bone13";
                      translation = xpoint3:"18.8900394439697265625,0,0";
                      rotation = {
                        0 = xpoint3:"0.589240550994873046875,0.80758869647979736328125,0";
                        1 = xpoint3:"-0.80758869647979736328125,0.589240550994873046875,0";
                        2 = xpoint3:"0,0,1";
                      }
                      #0 = {
                        scale = fixp:"1";
                        name = str:"Bone14";
                        translation = xpoint3:"14.68172740936279296875,0,0";
                        rotation = {
                          0 = xpoint3:"-0.090113677084445953369140625,-0.995132923126220703125,-0.002867204137146472930908203125";
                          1 = xpoint3:"0.99463665485382080078125,-0.090158917009830474853515625,0.0314232818782329559326171875";
                          2 = xpoint3:"-0.03155381977558135986328125,0,0.999501705169677734375";
                        }
                      }
                    }
                  }
                }
                #2 = {
                  scale = fixp:"1";
                  name = str:"Bone27";
                  translation = xpoint3:"10.7755889892578125,-2.0589854717254638671875,-1.12756633758544921875";
                  rotation = {
                    0 = xpoint3:"0,0,-0.9992744922637939453125";
                    1 = xpoint3:"-0.9990322589874267578125,-0.021272838115692138671875,0";
                    2 = xpoint3:"-0.02199828624725341796875,0.99903237819671630859375,0";
                  }
                  #0 = {
                    scale = fixp:"1";
                    name = str:"Bone28";
                    translation = xpoint3:"19.873882293701171875,0,0";
                    rotation = {
                      0 = xpoint3:"0.665393173694610595703125,-0.741199970245361328125,0.0859590470790863037109375";
                      1 = xpoint3:"0.74106299877166748046875,0.669893562793731689453125,0.039864443242549896240234375";
                      2 = xpoint3:"-0.08713178336620330810546875,0.037231482565402984619140625,0.995497524738311767578125";
                    }
                    #0 = {
                      scale = fixp:"1";
                      name = str:"Bone29";
                      translation = xpoint3:"18.890045166015625,0,0";
                      rotation = {
                        0 = xpoint3:"0.595062792301177978515625,0.803313553333282470703125,0";
                        1 = xpoint3:"-0.803313553333282470703125,0.595062792301177978515625,0";
                        2 = xpoint3:"0,0,1";
                      }
                      #0 = {
                        scale = fixp:"1";
                        name = str:"Bone30";
                        translation = xpoint3:"14.681732177734375,0,0";
                        rotation = {
                          0 = xpoint3:"-0.087115608155727386474609375,-0.99539959430694580078125,0.00358022935688495635986328125";
                          1 = xpoint3:"0.99457275867462158203125,-0.087188534438610076904296875,-0.0405638776719570159912109375";
                          2 = xpoint3:"0.040721572935581207275390625,0,0.99916994571685791015625";
                        }
                      }
                    }
                  }
                }
              }
            }
          }
        }
        #1 = {
          scale = fixp:"1";
          name = str:"Bone22";
          translation = xpoint3:"-9.6558094024658203125,0.306476652622222900390625,-0.18654985725879669189453125";
          rotation = {
            0 = xpoint3:"0,0,-0.99927437305450439453125";
            1 = xpoint3:"-0.2246357500553131103515625,-0.972972571849822998046875,0";
            2 = xpoint3:"-0.973698139190673828125,0.2246357500553131103515625,0";
          }
          #0 = {
            scale = fixp:"1";
            name = str:"Bone23";
            translation = xpoint3:"21.6574535369873046875,0,0";
            rotation = {
              0 = xpoint3:"0.35978710651397705078125,0.9314467906951904296875,-0.04506640136241912841796875";
              1 = xpoint3:"-0.9316074848175048828125,0.3611652553081512451171875,0.02720379643142223358154296875";
              2 = xpoint3:"0.041612803936004638671875,0.032239757478237152099609375,0.99861252307891845703125";
            }
            #0 = {
              scale = fixp:"1";
              name = str:"Bone24";
              translation = xpoint3:"16.5973033905029296875,0,0";
              rotation = {
                0 = xpoint3:"0.236076056957244873046875,-0.97116410732269287109375,0";
                1 = xpoint3:"0.97116410732269287109375,0.236076056957244873046875,0";
                2 = xpoint3:"0,0,1";
              }
              #0 = {
                scale = fixp:"1";
                name = str:"Bone25";
                translation = xpoint3:"16.2859363555908203125,0,0";
                rotation = {
                  0 = xpoint3:"0.754280149936676025390625,-0.656245172023773193359375,0.006868961267173290252685546875";
                  1 = xpoint3:"0.656217157840728759765625,0.754311501979827880859375,0.006061931140720844268798828125";
                  2 = xpoint3:"-0.009161111898720264434814453125,0,0.999957978725433349609375";
                }
              }
            }
          }
        }
        #2 = {
          scale = fixp:"1";
          name = str:"Bone07";
          translation = xpoint3:"10.275249481201171875,0.306476175785064697265625,-0.18654881417751312255859375";
          rotation = {
            0 = xpoint3:"0,0,-0.99927437305450439453125";
            1 = xpoint3:"-0.2246357500553131103515625,-0.972972571849822998046875,0";
            2 = xpoint3:"-0.973698139190673828125,0.2246357500553131103515625,0";
          }
          #0 = {
            scale = fixp:"1";
            name = str:"Bone08";
            translation = xpoint3:"21.6574497222900390625,0,0";
            rotation = {
              0 = xpoint3:"0.360321938991546630859375,0.930505335330963134765625,0.0583079159259796142578125";
              1 = xpoint3:"-0.930771529674530029296875,0.3626303374767303466796875,-0.0351966880261898040771484375";
              2 = xpoint3:"-0.053891718387603759765625,-0.0416449569165706634521484375,0.997676312923431396484375";
            }
            #0 = {
              scale = fixp:"1";
              name = str:"Bone09";
              translation = xpoint3:"16.5973052978515625,0,0";
              rotation = {
                0 = xpoint3:"0.23851335048675537109375,-0.970570087432861328125,0";
                1 = xpoint3:"0.970570087432861328125,0.23851335048675537109375,0";
                2 = xpoint3:"0,0,1";
              }
              #0 = {
                scale = fixp:"1";
                name = str:"Bone10";
                translation = xpoint3:"16.2859401702880859375,0,0";
                rotation = {
                  0 = xpoint3:"0.75347316265106201171875,-0.65714168548583984375,-0.00923296622931957244873046875";
                  1 = xpoint3:"0.65709245204925537109375,0.7535297870635986328125,-0.008048302493989467620849609375";
                  2 = xpoint3:"0.0122483782470226287841796875,0,0.999924957752227783203125";
                }
              }
            }
          }
        }
        #3 = {
          scale = fixp:"1";
          name = str:"Bone01";
          translation = xpoint3:"0.0433702953159809112548828125,5.3388824462890625,-2.4870836734771728515625";
          rotation = {
            0 = xpoint3:"0,0,-0.999999821186065673828125";
            1 = xpoint3:"0.84276497364044189453125,-0.5382812023162841796875,0";
            2 = xpoint3:"-0.538281381130218505859375,-0.84276497364044189453125,0";
          }
          #0 = {
            scale = fixp:"1";
            name = str:"Bone02";
            translation = xpoint3:"16.2322711944580078125,0,0";
            rotation = {
              0 = xpoint3:"0.99070072174072265625,0.13605900108814239501953125,0";
              1 = xpoint3:"-0.13605900108814239501953125,0.99070072174072265625,0";
              2 = xpoint3:"0,0,1";
            }
            #0 = {
              scale = fixp:"1";
              name = str:"Bone03";
              translation = xpoint3:"13.5378284454345703125,0,0";
              rotation = {
                0 = xpoint3:"0.986334860324859619140625,0.164753019809722900390625,0";
                1 = xpoint3:"-0.164753019809722900390625,0.986334860324859619140625,0";
                2 = xpoint3:"0,0,1";
              }
              #0 = {
                scale = fixp:"1";
                name = str:"Bone04";
                translation = xpoint3:"17.1994266510009765625,0,0";
                rotation = {
                  0 = xpoint3:"0.97186672687530517578125,0.23553155362606048583984375,0";
                  1 = xpoint3:"-0.23553155362606048583984375,0.97186672687530517578125,0";
                  2 = xpoint3:"0,0,1";
                }
                #0 = {
                  scale = fixp:"1";
                  name = str:"Bone05";
                  translation = xpoint3:"34.00252532958984375,0,0";
                  rotation = {
                    0 = xpoint3:"0.95533502101898193359375,0.295525014400482177734375,0";
                    1 = xpoint3:"-0.295525014400482177734375,0.95533502101898193359375,0";
                    2 = xpoint3:"0,0,1";
                  }
                }
              }
            }
          }
        }
      }
    }
  }
}