model = {
  file = str:"data\models\lifeforms\bird\bird01.nif";
  animation = {
    loop = fixp:"0";
    duration = fixp:"4.833333492279052734375";
  }
  #1 = {
    scale = fixp:"1";
    name = str:"ROOT";
    translation = xpoint3:"0,0,0";
    rotation = {
      0 = xpoint3:"1,0,0";
      1 = xpoint3:"0,1,0";
      2 = xpoint3:"0,0,1";
    }
    #2 = {
      scale = fixp:"1";
      name = str:"ROOT NonAccum";
      translation = xpoint3:"0,0,0";
      rotation = {
        0 = xpoint3:"1,0,0";
        1 = xpoint3:"0,1,0";
        2 = xpoint3:"0,0,1";
      }
      #0 = {
        scale = fixp:"1";
        name = str:"D_R_leg";
        translation = xpoint3:"-0.5908768177032470703125,0.0181810557842254638671875,0.1440579891204833984375";
        rotation = {
          0 = xpoint3:"1,0,0";
          1 = xpoint3:"0,1,0";
          2 = xpoint3:"0,0,1";
        }
      }
      #1 = {
        scale = fixp:"1";
        name = str:"D_L_leg";
        translation = xpoint3:"0.6029415130615234375,0.0181810557842254638671875,0.1440579891204833984375";
        rotation = {
          0 = xpoint3:"1,0,0";
          1 = xpoint3:"0,1,0";
          2 = xpoint3:"0,0,1";
        }
      }
      #2 = {
        scale = fixp:"1";
        name = str:"Pivot";
        translation = xpoint3:"0,0,1.98799860477447509765625";
        rotation = {
          0 = xpoint3:"-0.0026007592678070068359375,0,-0.999996662139892578125";
          1 = xpoint3:"-0.978074848651885986328125,-0.208237707614898681640625,0.0025865733623504638671875";
          2 = xpoint3:"-0.2082375586032867431640625,0.97807824611663818359375,0";
        }
        #0 = {
          scale = fixp:"1";
          name = str:"Bone_body1";
          translation = xpoint3:"0.04019097983837127685546875,0.0112604014575481414794921875,0";
          rotation = {
            0 = xpoint3:"0.921461045742034912109375,-0.388319075107574462890625,0.0019840896129608154296875";
            1 = xpoint3:"0.38831794261932373046875,0.92146313190460205078125,0";
            2 = xpoint3:"-0.0021911081857979297637939453125,0,0.999997615814208984375";
          }
          #0 = {
            scale = fixp:"1";
            name = str:"Bone_head1";
            translation = xpoint3:"2.7584025859832763671875,0,0";
            rotation = {
              0 = xpoint3:"0.990291416645050048828125,0.13894923031330108642578125,0.00140137807466089725494384765625";
              1 = xpoint3:"-0.13894899189472198486328125,0.990292370319366455078125,0";
              2 = xpoint3:"-0.0014251121319830417633056640625,0,0.999998986721038818359375";
            }
            #0 = {
              scale = fixp:"1";
              name = str:"Bone_head2";
              translation = xpoint3:"1.74422132968902587890625,0,0";
              rotation = {
                0 = xpoint3:"0.96994769573211669921875,0.243223965167999267578125,0";
                1 = xpoint3:"-0.243223965167999267578125,0.96994769573211669921875,0";
                2 = xpoint3:"0,0,1";
              }
            }
          }
        }
        #1 = {
          scale = fixp:"1";
          name = str:"Bone_L_leg1";
          translation = xpoint3:"-0.10268615186214447021484375,-0.3335570991039276123046875,-0.415459930896759033203125";
          rotation = {
            0 = xpoint3:"-0.1493757069110870361328125,0.9867117404937744140625,0.049182541668415069580078125";
            1 = xpoint3:"-0.9651443958282470703125,-0.135106861591339111328125,-0.2204430103302001953125";
            2 = xpoint3:"-0.2109862267971038818359375,-0.080615542829036712646484375,0.97413980960845947265625";
          }
          #0 = {
            scale = fixp:"1";
            name = str:"Bone_L_leg2";
            translation = xpoint3:"0.792177855968475341796875,0,0";
            rotation = {
              0 = xpoint3:"0.65332210063934326171875,-0.7326333522796630859375,-0.18951404094696044921875";
              1 = xpoint3:"0.735236644744873046875,0.673810184001922607421875,-0.070239655673503875732421875";
              2 = xpoint3:"0.1791488826274871826171875,-0.093567393720149993896484375,0.979347169399261474609375";
            }
          }
        }
        #2 = {
          scale = fixp:"1";
          name = str:"Bone_R_leg1";
          translation = xpoint3:"-0.102073855698108673095703125,-0.3496348559856414794921875,0.420862734317779541015625";
          rotation = {
            0 = xpoint3:"-0.14318247139453887939453125,0.98802852630615234375,-0.040487863123416900634765625";
            1 = xpoint3:"-0.9695026874542236328125,-0.132192075252532958984375,0.2023525238037109375";
            2 = xpoint3:"0.1946897804737091064453125,0.068422921001911163330078125,0.97845947742462158203125";
          }
          #0 = {
            scale = fixp:"1";
            name = str:"Bone_R_leg2";
            translation = xpoint3:"0.80193006992340087890625,0,0";
            rotation = {
              0 = xpoint3:"0.651222646236419677734375,-0.735023796558380126953125,0.18746443092823028564453125";
              1 = xpoint3:"0.737810790538787841796875,0.6711652278900146484375,0.068521551787853240966796875";
              2 = xpoint3:"-0.17617638409137725830078125,0.093808285892009735107421875,0.979863584041595458984375";
            }
          }
        }
        #3 = {
          scale = fixp:"1";
          name = str:"D_body01";
          translation = xpoint3:"0.6645352840423583984375,0.391688406467437744140625,-0.0019880426116287708282470703125";
          rotation = {
            0 = xpoint3:"0.977015793323516845703125,-0.21316683292388916015625,0";
            1 = xpoint3:"0.21316683292388916015625,0.977015793323516845703125,0";
            2 = xpoint3:"0,0,1";
          }
          #0 = {
            scale = fixp:"1";
            name = str:"D_head1";
            translation = xpoint3:"2.02276611328125,0.07830333709716796875,0";
            rotation = {
              0 = xpoint3:"0.99872291088104248046875,-0.0505222938954830169677734375,0";
              1 = xpoint3:"0.0505222640931606292724609375,0.99872291088104248046875,0";
              2 = xpoint3:"0,0,0.999999940395355224609375";
            }
            #0 = {
              scale = fixp:"1";
              name = str:"D_head2";
              translation = xpoint3:"1.42570972442626953125,0.4598129093647003173828125,0";
              rotation = {
                0 = xpoint3:"0.9993937015533447265625,0.034816347062587738037109375,0";
                1 = xpoint3:"-0.034816347062587738037109375,0.9993937015533447265625,0";
                2 = xpoint3:"0,0,1";
              }
            }
          }
          #1 = {
            scale = fixp:"1";
            name = str:"Bone_R_wing01";
            translation = xpoint3:"1.320484638214111328125,0.3916809260845184326171875,0.528871476650238037109375";
            rotation = {
              0 = xpoint3:"-0.120370924472808837890625,0.992720544338226318359375,-0.0040661990642547607421875";
              1 = xpoint3:"-0.288558781147003173828125,-0.0389072895050048828125,-0.956671237945556640625";
              2 = xpoint3:"-0.94986546039581298828125,-0.1139821112155914306640625,0.291141688823699951171875";
            }
            #0 = {
              scale = fixp:"1";
              name = str:"D_R_wing01";
              translation = xpoint3:"-1.8697717189788818359375,0.0228167437016963958740234375,0";
              rotation = {
                0 = xpoint3:"0.958232700824737548828125,0.2859896719455718994140625,0";
                1 = xpoint3:"-0.2859896719455718994140625,0.958232700824737548828125,0";
                2 = xpoint3:"0,0,1";
              }
              #0 = {
                scale = fixp:"1";
                name = str:"Bone_R_wing02";
                translation = xpoint3:"0,0,0";
                rotation = {
                  0 = xpoint3:"1,0,0";
                  1 = xpoint3:"0,1,0";
                  2 = xpoint3:"0,0,1";
                }
                #0 = {
                  scale = fixp:"1";
                  name = str:"D_R_wing02";
                  translation = xpoint3:"-3.491600513458251953125,0.004042091779410839080810546875,0";
                  rotation = {
                    0 = xpoint3:"0.74769890308380126953125,-0.664037883281707763671875,0";
                    1 = xpoint3:"0.664037883281707763671875,0.74769890308380126953125,0";
                    2 = xpoint3:"0,0,1";
                  }
                  #0 = {
                    scale = fixp:"1";
                    name = str:"Bone_R_wing05";
                    translation = xpoint3:"-0.2018303573131561279296875,-0.07513786852359771728515625,0.0442186258733272552490234375";
                    rotation = {
                      0 = xpoint3:"0.89808976650238037109375,-0.439812183380126953125,0";
                      1 = xpoint3:"0.439812183380126953125,0.89808976650238037109375,0";
                      2 = xpoint3:"0,0,1";
                    }
                  }
                  #1 = {
                    scale = fixp:"1";
                    name = str:"Bone_R_wing03";
                    translation = xpoint3:"0,0,0";
                    rotation = {
                      0 = xpoint3:"0.99845993518829345703125,0,-0.055477671325206756591796875";
                      1 = xpoint3:"0,1,0";
                      2 = xpoint3:"0.055477671325206756591796875,0,0.99845993518829345703125";
                    }
                  }
                  #2 = {
                    scale = fixp:"1";
                    name = str:"Bone_R_wing04";
                    translation = xpoint3:"-0.045765854418277740478515625,-0.15210075676441192626953125,0.040538169443607330322265625";
                    rotation = {
                      0 = xpoint3:"0.065935619175434112548828125,-0.99781548976898193359375,0.0040575452148914337158203125";
                      1 = xpoint3:"0.99647617340087890625,0.0660572946071624755859375,0.051685392856597900390625";
                      2 = xpoint3:"-0.051840521395206451416015625,0,0.99865520000457763671875";
                    }
                  }
                }
              }
            }
          }
          #2 = {
            scale = fixp:"1";
            name = str:"Bone_L_wing01";
            translation = xpoint3:"1.3179457187652587890625,0.392024457454681396484375,-0.447779178619384765625";
            rotation = {
              0 = xpoint3:"0.1152297556400299072265625,-0.9933230876922607421875,0.005578517913818359375";
              1 = xpoint3:"0.2672626972198486328125,0.036411583423614501953125,0.96293544769287109375";
              2 = xpoint3:"-0.956709206104278564453125,-0.1094677746295928955078125,0.2696740329265594482421875";
            }
            #0 = {
              scale = fixp:"1";
              name = str:"D_L_wing01";
              translation = xpoint3:"1.86977136135101318359375,-0.02281657792627811431884765625,0";
              rotation = {
                0 = xpoint3:"0.958232700824737548828125,0.2859896719455718994140625,0";
                1 = xpoint3:"-0.2859896719455718994140625,0.958232700824737548828125,0";
                2 = xpoint3:"0,0,1";
              }
              #0 = {
                scale = fixp:"1";
                name = str:"Bone_L_wing02";
                translation = xpoint3:"0,0,0";
                rotation = {
                  0 = xpoint3:"1,0,0";
                  1 = xpoint3:"0,1,0";
                  2 = xpoint3:"0,0,1";
                }
                #0 = {
                  scale = fixp:"1";
                  name = str:"D_L_wing02";
                  translation = xpoint3:"3.491600513458251953125,-0.00404191575944423675537109375,0";
                  rotation = {
                    0 = xpoint3:"0.761218011379241943359375,-0.648442208766937255859375,0.008360593579709529876708984375";
                    1 = xpoint3:"0.648462593555450439453125,0.760984480381011962890625,-0.0199720077216625213623046875";
                    2 = xpoint3:"0.0065884105861186981201171875,0.020624585449695587158203125,0.999765574932098388671875";
                  }
                  #0 = {
                    scale = fixp:"1";
                    name = str:"Bone_L_wing05";
                    translation = xpoint3:"0.2018304765224456787109375,0.075137786567211151123046875,-0.044218368828296661376953125";
                    rotation = {
                      0 = xpoint3:"0.89808976650238037109375,-0.439812183380126953125,0";
                      1 = xpoint3:"0.439812183380126953125,0.89808976650238037109375,0";
                      2 = xpoint3:"0,0,1";
                    }
                  }
                  #1 = {
                    scale = fixp:"1";
                    name = str:"Bone_L_wing04";
                    translation = xpoint3:"0.04576601088047027587890625,0.1521009504795074462890625,-0.040538124740123748779296875";
                    rotation = {
                      0 = xpoint3:"0.065935619175434112548828125,-0.99781548976898193359375,0.0040575452148914337158203125";
                      1 = xpoint3:"0.99647617340087890625,0.0660572946071624755859375,0.051685392856597900390625";
                      2 = xpoint3:"-0.051840521395206451416015625,0,0.99865520000457763671875";
                    }
                  }
                  #2 = {
                    scale = fixp:"1";
                    name = str:"Bone_L_wing03";
                    translation = xpoint3:"0,0,0";
                    rotation = {
                      0 = xpoint3:"0.99845993518829345703125,0,-0.055477671325206756591796875";
                      1 = xpoint3:"0,1,0";
                      2 = xpoint3:"0.055477671325206756591796875,0,0.99845993518829345703125";
                    }
                  }
                }
              }
            }
          }
        }
        #4 = {
          scale = fixp:"1";
          name = str:"Bone_body2";
          translation = xpoint3:"-0.009783335030078887939453125,0.01511112041771411895751953125,0.008691524155437946319580078125";
          rotation = {
            0 = xpoint3:"-0.988694667816162109375,0.00263471901416778564453125,-0.1399634778499603271484375";
            1 = xpoint3:"-0.1399638950824737548828125,0,0.9894237518310546875";
            2 = xpoint3:"0.002611644566059112548828125,0.999270915985107421875,0.001074167899787425994873046875";
          }
          #0 = {
            scale = fixp:"1";
            name = str:"Bone_tail3";
            translation = xpoint3:"4.15922832489013671875,0,0";
            rotation = {
              0 = xpoint3:"0.999906241893768310546875,0.013687260448932647705078125,0";
              1 = xpoint3:"-0.013687260448932647705078125,0.999906241893768310546875,0";
              2 = xpoint3:"0,0,1";
            }
          }
          #1 = {
            scale = fixp:"1";
            name = str:"Bone_tail1";
            translation = xpoint3:"2.0565929412841796875,0.4757786691188812255859375,-0.044436462223529815673828125";
            rotation = {
              0 = xpoint3:"0.7215821743011474609375,-0.69232881069183349609375,0";
              1 = xpoint3:"0.69232881069183349609375,0.7215821743011474609375,0";
              2 = xpoint3:"0,0,1";
            }
          }
          #2 = {
            scale = fixp:"1";
            name = str:"Bone_tail2";
            translation = xpoint3:"2.07194042205810546875,-0.552517592906951904296875,-0.0444366522133350372314453125";
            rotation = {
              0 = xpoint3:"0.707106888294219970703125,0.70710670948028564453125,0";
              1 = xpoint3:"-0.70710670948028564453125,0.707106888294219970703125,0";
              2 = xpoint3:"0,0,1";
            }
          }
        }
      }
    }
  }
}