model = {
  file = str:"data\models\units\smith\smith.nif";
  animation = {
    loop = fixp:"0";
    duration = fixp:"24.3333339691162109375";
  }
  #2 = {
    scale = fixp:"1";
    name = str:"IK Chain03";
    translation = xpoint3:"20.7373332977294921875,11.78406047821044921875,26.8721714019775390625";
    rotation = {
      0 = xpoint3:"1,0,0";
      1 = xpoint3:"0,1,0";
      2 = xpoint3:"0,0,1";
    }
    #0 = {
      scale = fixp:"1";
      name = str:"pt_footprint02";
      translation = xpoint3:"0,0,0";
      rotation = {
        0 = xpoint3:"1,0,0";
        1 = xpoint3:"0,1,0";
        2 = xpoint3:"0,0,1";
      }
    }
  }
  #3 = {
    scale = fixp:"1";
    name = str:"IK Chain04";
    translation = xpoint3:"-36.234710693359375,22.80108642578125,26.8721714019775390625";
    rotation = {
      0 = xpoint3:"1,0,0";
      1 = xpoint3:"0,1,0";
      2 = xpoint3:"0,0,1";
    }
    #0 = {
      scale = fixp:"1";
      name = str:"pt_footprint01";
      translation = xpoint3:"0,0,0";
      rotation = {
        0 = xpoint3:"1,0,0";
        1 = xpoint3:"0,1,0";
        2 = xpoint3:"0,0,1";
      }
    }
  }
  #4 = {
    scale = fixp:"1";
    name = str:"ROOT";
    translation = xpoint3:"0,0,0";
    rotation = {
      0 = xpoint3:"1,0,0";
      1 = xpoint3:"0,1,0";
      2 = xpoint3:"0,0,1";
    }
    #6 = {
      scale = fixp:"1";
      name = str:"ROOT NonAccum";
      translation = xpoint3:"0,0,0";
      rotation = {
        0 = xpoint3:"1,0,0";
        1 = xpoint3:"0,1,0";
        2 = xpoint3:"0,0,1";
      }
      #0 = {
        scale = fixp:"1";
        name = str:"Bip01 Pelvis01";
        translation = xpoint3:"4.19520664215087890625,9.663257598876953125,119.82709503173828125";
        rotation = {
          0 = xpoint3:"0,0,1.00000011920928955078125";
          1 = xpoint3:"0,-1.0000002384185791015625,0";
          2 = xpoint3:"1.00000011920928955078125,0,0";
        }
        #0 = {
          scale = fixp:"1";
          name = str:"Bip01 Spine02";
          translation = xpoint3:"23.822017669677734375,-0.0218854211270809173583984375,0";
          rotation = {
            0 = xpoint3:"1,0,0";
            1 = xpoint3:"0,1,0";
            2 = xpoint3:"0,0,1";
          }
          #0 = {
            scale = fixp:"1";
            name = str:"Bip01 Spine03";
            translation = xpoint3:"27.466083526611328125,-0.0218698494136333465576171875,0";
            rotation = {
              0 = xpoint3:"1,0,0";
              1 = xpoint3:"0,0.993568122386932373046875,0.113235950469970703125";
              2 = xpoint3:"0,-0.113235950469970703125,0.993568122386932373046875";
            }
            #0 = {
              scale = fixp:"1";
              name = str:"Bip01 L Clavicle01";
              translation = xpoint3:"27.466075897216796875,0,4.196075439453125";
              rotation = {
                0 = xpoint3:"0,0,0.999999582767486572265625";
                1 = xpoint3:"0.0761988461017608642578125,-0.997092187404632568359375,0";
                2 = xpoint3:"0.997092545032501220703125,0.076198756694793701171875,0";
              }
              #0 = {
                scale = fixp:"1";
                name = str:"Bip01 L UpperArm01";
                translation = xpoint3:"25.850238800048828125,0,0";
                rotation = {
                  0 = xpoint3:"0.289453923702239990234375,0.20252491533756256103515625,0.934969961643218994140625";
                  1 = xpoint3:"-0.417454421520233154296875,0.906133949756622314453125,-0.06720733642578125";
                  2 = xpoint3:"-0.860765397548675537109375,-0.371172010898590087890625,0.3469387590885162353515625";
                }
                #0 = {
                  scale = fixp:"1";
                  name = str:"Bip01 L Forearm01";
                  translation = xpoint3:"42.717212677001953125,0,0";
                  rotation = {
                    0 = xpoint3:"0.598272621631622314453125,0.80092871189117431640625,0";
                    1 = xpoint3:"-0.80092871189117431640625,0.598272621631622314453125,0";
                    2 = xpoint3:"0,0,1";
                  }
                  #0 = {
                    scale = fixp:"1";
                    name = str:"Bip01 L Hand01";
                    translation = xpoint3:"35.880035400390625,0,0";
                    rotation = {
                      0 = xpoint3:"0.835217773914337158203125,-0.502426445484161376953125,0.22302420437335968017578125";
                      1 = xpoint3:"-0.489194095134735107421875,-0.493126928806304931640625,0.717877447605133056640625";
                      2 = xpoint3:"-0.2507214844226837158203125,-0.708679497241973876953125,-0.65765225887298583984375";
                    }
                    #0 = {
                      scale = fixp:"1";
                      name = str:"Bip01 L Finger03";
                      translation = xpoint3:"5.623420238494873046875,4.433920383453369140625,-8.53110408782958984375";
                      rotation = {
                        0 = xpoint3:"0.7357561588287353515625,0.5286982059478759765625,0.4232507050037384033203125";
                        1 = xpoint3:"0.4127199649810791015625,0.14547328650951385498046875,-0.899166166782379150390625";
                        2 = xpoint3:"-0.536959171295166015625,0.836251080036163330078125,-0.111171424388885498046875";
                      }
                      #0 = {
                        scale = fixp:"1";
                        name = str:"Bip01 L Finger04";
                        translation = xpoint3:"6.01370143890380859375,0,0";
                        rotation = {
                          0 = xpoint3:"0.993731200695037841796875,0.111795835196971893310546875,0";
                          1 = xpoint3:"-0.111795835196971893310546875,0.993731200695037841796875,0";
                          2 = xpoint3:"0,0,1";
                        }
                      }
                    }
                    #1 = {
                      scale = fixp:"1";
                      name = str:"Bip01 L Finger05";
                      translation = xpoint3:"17.84897613525390625,-0.30556547641754150390625,-5.0736370086669921875";
                      rotation = {
                        0 = xpoint3:"0.939411103725433349609375,-0.3421605527400970458984375,0.0208077989518642425537109375";
                        1 = xpoint3:"0.3424391448497772216796875,0.939467847347259521484375,-0.0116441808640956878662109375";
                        2 = xpoint3:"-0.015564077533781528472900390625,0.0180640779435634613037109375,0.99971568584442138671875";
                      }
                      #0 = {
                        scale = fixp:"1";
                        name = str:"Bip01 L Finger06";
                        translation = xpoint3:"5.42398166656494140625,0,0";
                        rotation = {
                          0 = xpoint3:"0.578910648822784423828125,-0.815391004085540771484375,0";
                          1 = xpoint3:"0.815391004085540771484375,0.57891070842742919921875,0";
                          2 = xpoint3:"0,0,1";
                        }
                      }
                    }
                    #2 = {
                      scale = fixp:"1";
                      name = str:"Bip01 L Finger07";
                      translation = xpoint3:"17.0485363006591796875,0.00237172166816890239715576171875,2.9743931293487548828125";
                      rotation = {
                        0 = xpoint3:"0.977342426776885986328125,-0.087795890867710113525390625,-0.19259704649448394775390625";
                        1 = xpoint3:"0.117978729307651519775390625,0.98142135143280029296875,0.15130476653575897216796875";
                        2 = xpoint3:"0.17573492228984832763671875,-0.17059893906116485595703125,0.969542801380157470703125";
                      }
                      #0 = {
                        scale = fixp:"1";
                        name = str:"Bip01 L Finger08";
                        translation = xpoint3:"5.352315425872802734375,0,0";
                        rotation = {
                          0 = xpoint3:"0.29912984371185302734375,-0.954212367534637451171875,0";
                          1 = xpoint3:"0.954212367534637451171875,0.29912984371185302734375,0";
                          2 = xpoint3:"0,0,1";
                        }
                      }
                    }
                  }
                }
              }
            }
            #1 = {
              scale = fixp:"1";
              name = str:"Bip01 R Clavicle01";
              translation = xpoint3:"27.466083526611328125,0,-4.196029186248779296875";
              rotation = {
                0 = xpoint3:"0,-0.001081354916095733642578125,-0.99999940395355224609375";
                1 = xpoint3:"0.076192177832126617431640625,-0.997092545032501220703125,0.0010788105428218841552734375";
                2 = xpoint3:"-0.99709308147430419921875,-0.0761921405792236328125,0";
              }
              #0 = {
                scale = fixp:"1";
                name = str:"Bip01 R UpperArm01";
                translation = xpoint3:"25.850261688232421875,0,0";
                rotation = {
                  0 = xpoint3:"0.596111357212066650390625,0.688885509967803955078125,-0.4117060601711273193359375";
                  1 = xpoint3:"-0.433348953723907470703125,0.708164632320404052734375,0.557034969329833984375";
                  2 = xpoint3:"0.675480365753173828125,-0.15334951877593994140625,0.7209751605987548828125";
                }
                #0 = {
                  scale = fixp:"1";
                  name = str:"Bip01 R Forearm01";
                  translation = xpoint3:"42.71722412109375,0,0";
                  rotation = {
                    0 = xpoint3:"0.072493933141231536865234375,0.995193004608154296875,0.0546766221523284912109375";
                    1 = xpoint3:"-0.99472630023956298828125,0.0756871402263641357421875,-0.058733440935611724853515625";
                    2 = xpoint3:"-0.062595166265964508056640625,-0.05020950734615325927734375,0.99677288532257080078125";
                  }
                  #0 = {
                    scale = fixp:"1";
                    name = str:"Bip01 R Hand01";
                    translation = xpoint3:"35.070178985595703125,1.84200060367584228515625,-1.52498877048492431640625";
                    rotation = {
                      0 = xpoint3:"0.889104068279266357421875,-0.4298070371150970458984375,-0.15684045851230621337890625";
                      1 = xpoint3:"-0.4059019982814788818359375,-0.581581532955169677734375,-0.70335710048675537109375";
                      2 = xpoint3:"0.21113170683383941650390625,0.68900907039642333984375,-0.69154536724090576171875";
                    }
                    #0 = {
                      scale = fixp:"1";
                      name = str:"Bip01 R Finger03";
                      translation = xpoint3:"5.623436450958251953125,4.433925628662109375,8.53110790252685546875";
                      rotation = {
                        0 = xpoint3:"0.903581678867340087890625,-0.06632526218891143798828125,-0.423250615596771240234375";
                        1 = xpoint3:"0.409942448139190673828125,-0.1531259119510650634765625,0.89916598796844482421875";
                        2 = xpoint3:"-0.12444810569286346435546875,-0.9859783649444580078125,-0.111172221601009368896484375";
                      }
                      #0 = {
                        scale = fixp:"1";
                        name = str:"Bip01 R Finger04";
                        translation = xpoint3:"6.0137119293212890625,0,0";
                        rotation = {
                          0 = xpoint3:"0.993731200695037841796875,0.111795835196971893310546875,0";
                          1 = xpoint3:"-0.111795835196971893310546875,0.993731200695037841796875,0";
                          2 = xpoint3:"0,0,1";
                        }
                      }
                    }
                    #1 = {
                      scale = fixp:"1";
                      name = str:"Bip01 R Finger05";
                      translation = xpoint3:"17.848995208740234375,-0.3055571019649505615234375,5.073633670806884765625";
                      rotation = {
                        0 = xpoint3:"0.939411222934722900390625,-0.3421601355075836181640625,-0.0208080299198627471923828125";
                        1 = xpoint3:"0.3424387276172637939453125,0.93946802616119384765625,0.011644222773611545562744140625";
                        2 = xpoint3:"0.0155642889440059661865234375,-0.0180641897022724151611328125,0.99971568584442138671875";
                      }
                      #0 = {
                        scale = fixp:"1";
                        name = str:"Bip01 R Finger06";
                        translation = xpoint3:"5.42395877838134765625,0,0";
                        rotation = {
                          0 = xpoint3:"0.46457064151763916015625,-0.885536015033721923828125,0";
                          1 = xpoint3:"0.885536015033721923828125,0.46457064151763916015625,0";
                          2 = xpoint3:"0,0,1";
                        }
                      }
                    }
                    #2 = {
                      scale = fixp:"1";
                      name = str:"Bip01 R Finger07";
                      translation = xpoint3:"17.0485363006591796875,0.00237393728457391262054443359375,-2.9743754863739013671875";
                      rotation = {
                        0 = xpoint3:"0.68697941303253173828125,-0.700689494609832763671875,0.1925968229770660400390625";
                        1 = xpoint3:"0.726309001445770263671875,0.670508921146392822265625,-0.1513044536113739013671875";
                        2 = xpoint3:"-0.02312044799327850341796875,0.2438278496265411376953125,0.969542920589447021484375";
                      }
                      #0 = {
                        scale = fixp:"1";
                        name = str:"Bip01 R Finger08";
                        translation = xpoint3:"5.352327823638916015625,0,0";
                        rotation = {
                          0 = xpoint3:"-0.05034410953521728515625,-0.99873197078704833984375,0";
                          1 = xpoint3:"0.99873197078704833984375,-0.05034410953521728515625,0";
                          2 = xpoint3:"0,0,1";
                        }
                      }
                    }
                    #3 = {
                      scale = fixp:"1";
                      name = str:"Bone_Gun";
                      translation = xpoint3:"-1.150981426239013671875,11.54242038726806640625,6.71041584014892578125";
                      rotation = {
                        0 = xpoint3:"0.147624433040618896484375,-0.986804544925689697265625,-0.06651188433170318603515625";
                        1 = xpoint3:"0.986552774906158447265625,0.15168891847133636474609375,-0.0608615316450595855712890625";
                        2 = xpoint3:"0.07014755904674530029296875,-0.0566328354179859161376953125,0.995927751064300537109375";
                      }
                      #0 = {
                        scale = fixp:"1";
                        name = str:"pt_aim";
                        translation = xpoint3:"0,0,0";
                        rotation = {
                          0 = xpoint3:"1,0,0";
                          1 = xpoint3:"0,1,0";
                          2 = xpoint3:"0,0,1";
                        }
                      }
                      #1 = {
                        scale = fixp:"1";
                        name = str:"pt_shoot_1";
                        translation = xpoint3:"0,-147.2739410400390625,0";
                        rotation = {
                          0 = xpoint3:"1,0,0";
                          1 = xpoint3:"0,1,0";
                          2 = xpoint3:"0,0,1";
                        }
                      }
                      #2 = {
                        scale = fixp:"1";
                        name = str:"pt_priklad";
                        translation = xpoint3:"0,18.60646820068359375,0";
                        rotation = {
                          0 = xpoint3:"1,0,0";
                          1 = xpoint3:"0,1,0";
                          2 = xpoint3:"0,0,1";
                        }
                      }
                    }
                  }
                }
              }
            }
            #2 = {
              scale = fixp:"1";
              name = str:"Bip01 Neck01";
              translation = xpoint3:"27.47107696533203125,-0.00733250193297863006591796875,0";
              rotation = {
                0 = xpoint3:"0.826172888278961181640625,-0.563416659832000732421875,0";
                1 = xpoint3:"0.563416659832000732421875,0.826172888278961181640625,0";
                2 = xpoint3:"0,0,1";
              }
              #0 = {
                scale = fixp:"1";
                name = str:"Bip01 Head01";
                translation = xpoint3:"11.14434337615966796875,0,0";
                rotation = {
                  0 = xpoint3:"0.93429529666900634765625,0.35277497768402099609375,-0.0514013879001140594482421875";
                  1 = xpoint3:"-0.35650002956390380859375,0.92453205585479736328125,-0.1347151696681976318359375";
                  2 = xpoint3:"0,0.144188344478607177734375,0.98955023288726806640625";
                }
                #0 = {
                  scale = fixp:"1";
                  name = str:"pt_head";
                  translation = xpoint3:"0,0,0";
                  rotation = {
                    0 = xpoint3:"1,0,0";
                    1 = xpoint3:"0,1,0";
                    2 = xpoint3:"0,0,1";
                  }
                }
              }
            }
            #3 = {
              scale = fixp:"1";
              name = str:"Cloak1";
              translation = xpoint3:"29.1451511383056640625,-20.4172382354736328125,0.567657470703125";
              rotation = {
                0 = xpoint3:"0,0.999769985675811767578125,0.0214420258998870849609375";
                1 = xpoint3:"0,-0.021441936492919921875,0.99977004528045654296875";
                2 = xpoint3:"0.99999988079071044921875,0,0";
              }
              #0 = {
                scale = fixp:"1";
                name = str:"Cloak2";
                translation = xpoint3:"0,-44.206653594970703125,0";
                rotation = {
                  0 = xpoint3:"0.99915063381195068359375,0.041206419467926025390625,0";
                  1 = xpoint3:"-0.041027642786502838134765625,0.994815886020660400390625,-0.093048565089702606201171875";
                  2 = xpoint3:"-0.00383423804305493831634521484375,0.092969529330730438232421875,0.995661556720733642578125";
                }
                #0 = {
                  scale = fixp:"1";
                  name = str:"Cloak3";
                  translation = xpoint3:"0,-44.624530792236328125,0";
                  rotation = {
                    0 = xpoint3:"0.992465496063232421875,-0.0526841543614864349365234375,-0.1106193363666534423828125";
                    1 = xpoint3:"0.0371669493615627288818359375,0.989745318889617919921875,-0.1379232704639434814453125";
                    2 = xpoint3:"0.1167513430118560791015625,0.1327727138996124267578125,0.984246194362640380859375";
                  }
                  #0 = {
                    scale = fixp:"1";
                    name = str:"Cloak4";
                    translation = xpoint3:"0,-44.883655548095703125,0.013808283023536205291748046875";
                    rotation = {
                      0 = xpoint3:"1,0,0";
                      1 = xpoint3:"0,0.97817170619964599609375,-0.20779812335968017578125";
                      2 = xpoint3:"0,0.20779812335968017578125,0.97817170619964599609375";
                    }
                  }
                }
              }
            }
            #4 = {
              scale = fixp:"1";
              name = str:"pt_chest";
              translation = xpoint3:"0,0,0";
              rotation = {
                0 = xpoint3:"1,0,0";
                1 = xpoint3:"0,1,0";
                2 = xpoint3:"0,0,1";
              }
            }
            #5 = {
              scale = fixp:"1";
              name = str:"pt_cast";
              translation = xpoint3:"10.239711761474609375,0,0";
              rotation = {
                0 = xpoint3:"1,0,0";
                1 = xpoint3:"0,1,0";
                2 = xpoint3:"0,0,1";
              }
            }
          }
          #1 = {
            scale = fixp:"1";
            name = str:"pt_center";
            translation = xpoint3:"0,0,0";
            rotation = {
              0 = xpoint3:"1,0,0";
              1 = xpoint3:"0,1,0";
              2 = xpoint3:"0,0,1";
            }
          }
        }
        #1 = {
          scale = fixp:"1";
          name = str:"Bip01 R Thigh01";
          translation = xpoint3:"-1.35002315044403076171875,8.2401027679443359375,-17.1412200927734375";
          rotation = {
            0 = xpoint3:"-0.950127303600311279296875,0.0496823452413082122802734375,0.30324852466583251953125";
            1 = xpoint3:"-0.0540613569319248199462890625,0.944426476955413818359375,-0.324122488498687744140625";
            2 = xpoint3:"-0.3024985790252685546875,-0.32482254505157470703125,-0.89455878734588623046875";
          }
          #0 = {
            scale = fixp:"1";
            name = str:"Bip01 R Calf01";
            translation = xpoint3:"48.96661376953125,0,0";
            rotation = {
              0 = xpoint3:"0.937887251377105712890625,0.346810281276702880859375,0";
              1 = xpoint3:"-0.346810281276702880859375,0.937887251377105712890625,0";
              2 = xpoint3:"0,0,1";
            }
            #0 = {
              scale = fixp:"1";
              name = str:"Bip01 R Foot01";
              translation = xpoint3:"49.481464385986328125,0,0";
              rotation = {
                0 = xpoint3:"0.932368755340576171875,-0.3501603603363037109375,0.08932034671306610107421875";
                1 = xpoint3:"0.33218586444854736328125,0.927794039249420166015625,0.1695463359355926513671875";
                2 = xpoint3:"-0.14227770268917083740234375,-0.12837886810302734375,0.981452524662017822265625";
              }
            }
          }
        }
        #2 = {
          scale = fixp:"1";
          name = str:"Bip01 L Thigh01";
          translation = xpoint3:"-1.35006892681121826171875,8.24016094207763671875,17.1411991119384765625";
          rotation = {
            0 = xpoint3:"-0.96805393695831298828125,0.24495555460453033447265625,-0.003534321673214435577392578125";
            1 = xpoint3:"0.24368347227573394775390625,0.96575534343719482421875,0.088799178600311279296875";
            2 = xpoint3:"0.0251808464527130126953125,0.0852274000644683837890625,-0.994589328765869140625";
          }
          #0 = {
            scale = fixp:"1";
            name = str:"Bip01 L Calf01";
            translation = xpoint3:"48.9666290283203125,0,0";
            rotation = {
              0 = xpoint3:"0.754016578197479248046875,0.656583607196807861328125,0";
              1 = xpoint3:"-0.656583607196807861328125,0.754016578197479248046875,0";
              2 = xpoint3:"0,0,1";
            }
            #0 = {
              scale = fixp:"1";
              name = str:"Bip01 L Foot01";
              translation = xpoint3:"49.4814605712890625,0,0";
              rotation = {
                0 = xpoint3:"0.887528598308563232421875,-0.460282504558563232421875,-0.0164231359958648681640625";
                1 = xpoint3:"0.45898449420928955078125,0.88094437122344970703125,0.114444293081760406494140625";
                2 = xpoint3:"-0.0382485091686248779296875,-0.109106682240962982177734375,0.99328899383544921875";
              }
            }
          }
        }
      }
      #1 = {
        scale = fixp:"1";
        name = str:"IK Chain02";
        translation = xpoint3:"36.253620147705078125,-49.992580413818359375,154.0238037109375";
        rotation = {
          0 = xpoint3:"1,0,0";
          1 = xpoint3:"0,1,0";
          2 = xpoint3:"0,0,1";
        }
        #0 = {
          scale = fixp:"1";
          name = str:"pt_hand";
          translation = xpoint3:"0,0,0";
          rotation = {
            0 = xpoint3:"1,0,0";
            1 = xpoint3:"0,1,0";
            2 = xpoint3:"0,0,1";
          }
        }
      }
      #2 = {
        scale = fixp:"1";
        name = str:"IK Chain01";
        translation = xpoint3:"-33.21014404296875,-35.703891754150390625,164.29388427734375";
        rotation = {
          0 = xpoint3:"1,0,0";
          1 = xpoint3:"0,1,0";
          2 = xpoint3:"0,0,1";
        }
        #0 = {
          scale = fixp:"1";
          name = str:"pt_hand@#0";
          translation = xpoint3:"0,0,0";
          rotation = {
            0 = xpoint3:"1,0,0";
            1 = xpoint3:"0,1,0";
            2 = xpoint3:"0,0,1";
          }
        }
      }
      #3 = {
        scale = fixp:"1";
        name = str:"pt_ground";
        translation = xpoint3:"0,0,0";
        rotation = {
          0 = xpoint3:"1,0,0";
          1 = xpoint3:"0,1,0";
          2 = xpoint3:"0,0,1";
        }
      }
      #4 = {
        scale = fixp:"1";
        name = str:"pt_top";
        translation = xpoint3:"-0.45162200927734375,0.049228668212890625,273.9320068359375";
        rotation = {
          0 = xpoint3:"1,0,0";
          1 = xpoint3:"0,1,0";
          2 = xpoint3:"0,0,1";
        }
      }
      #5 = {
        scale = fixp:"0.0000999239273369312286376953125";
        name = str:"Bone_Gun01";
        translation = xpoint3:"-65.00917816162109375,-23.246654510498046875,-31.198596954345703125";
        rotation = {
          0 = xpoint3:"0.999994575977325439453125,-0.00222541205585002899169921875,0.00242467434145510196685791015625";
          1 = xpoint3:"0.0024296171031892299652099609375,0.0022211261093616485595703125,-0.9999945163726806640625";
          2 = xpoint3:"0.00222001434303820133209228515625,0.9999949932098388671875,0.00222652102820575237274169921875";
        }
      }
      #6 = {
        scale = fixp:"1";
        name = str:"SuperSpray01-Emitter";
        translation = xpoint3:"-65.51654052734375,-154.1762847900390625,87.61196136474609375";
        rotation = {
          0 = xpoint3:"1,0,0";
          1 = xpoint3:"0,1,0";
          2 = xpoint3:"0,0,1";
        }
      }
    }
  }
}