model = {
  file = str:"data\models\lifeforms\king_beetle\king_beetle.nif";
  animation = {
    loop = fixp:"0";
    duration = fixp:"20.0333347320556640625";
  }
  #1 = {
    scale = fixp:"1";
    name = str:"ROOT";
    translation = xpoint3:"0,0,0";
    rotation = {
      0 = xpoint3:"1,0,0";
      1 = xpoint3:"0,1,0";
      2 = xpoint3:"0,0,1";
    }
    #0 = {
      scale = fixp:"1";
      name = str:"Bip01";
      translation = xpoint3:"0,44.5967864990234375,139.329315185546875";
      rotation = {
        0 = xpoint3:"0,0,-0.999999940395355224609375";
        1 = xpoint3:"-0.999999940395355224609375,0,0";
        2 = xpoint3:"0,0.999999940395355224609375,0";
      }
      #0 = {
        scale = fixp:"1";
        name = str:"Bone01";
        translation = xpoint3:"24.832256317138671875,18.2728424072265625,0";
        rotation = {
          0 = xpoint3:"0.908829629421234130859375,-0.4171675145626068115234375,0";
          1 = xpoint3:"0.4171675145626068115234375,0.908829629421234130859375,0";
          2 = xpoint3:"0,0,1";
        }
        #0 = {
          scale = fixp:"1";
          name = str:"BONE_GUN";
          translation = xpoint3:"138.24072265625,0,0";
          rotation = {
            0 = xpoint3:"0.721922218799591064453125,0.691635072231292724609375,-0.021662630140781402587890625";
            1 = xpoint3:"-0.690418541431427001953125,0.722044169902801513671875,0.0444352813065052032470703125";
            2 = xpoint3:"0.046374373137950897216796875,-0.0171225368976593017578125,0.9987773895263671875";
          }
          #0 = {
            scale = fixp:"1";
            name = str:"Bone03";
            translation = xpoint3:"71.68310546875,0,0";
            rotation = {
              0 = xpoint3:"0.960286080837249755859375,-0.2790172994136810302734375,0";
              1 = xpoint3:"0.2790172994136810302734375,0.960286080837249755859375,0";
              2 = xpoint3:"0,0,1";
            }
          }
          #1 = {
            scale = fixp:"1";
            name = str:"Bone05";
            translation = xpoint3:"16.6697330474853515625,-34.563663482666015625,0";
            rotation = {
              0 = xpoint3:"0.99946796894073486328125,0.0326155982911586761474609375,0";
              1 = xpoint3:"-0.0326155982911586761474609375,0.99946796894073486328125,0";
              2 = xpoint3:"0,0,1";
            }
          }
          #2 = {
            scale = fixp:"1";
            name = str:"pt_head";
            translation = xpoint3:"46.9631500244140625,-0.044866569340229034423828125,0.55848681926727294921875";
            rotation = {
              0 = xpoint3:"-0.0473568253219127655029296875,-0.9440758228302001953125,-0.3263099193572998046875";
              1 = xpoint3:"0.01678158156573772430419921875,-0.3273822963237762451171875,0.9447429180145263671875";
              2 = xpoint3:"-0.998737037181854248046875,0.0392640344798564910888671875,0.03134687244892120361328125";
            }
          }
          #3 = {
            scale = fixp:"1";
            name = str:"pt_shoot_1";
            translation = xpoint3:"132.257080078125,-6.075382709503173828125,0.481872737407684326171875";
            rotation = {
              0 = xpoint3:"-0.0411425344645977020263671875,-0.978046715259552001953125,-0.20428399741649627685546875";
              1 = xpoint3:"0.02883689664304256439208984375,-0.20553429424762725830078125,0.9782249927520751953125";
              2 = xpoint3:"-0.9987370967864990234375,0.034355737268924713134765625,0.03666006028652191162109375";
            }
          }
        }
        #1 = {
          scale = fixp:"1";
          name = str:"pt_chest ";
          translation = xpoint3:"57.0496368408203125,3.462606906890869140625,2.3689117431640625";
          rotation = {
            0 = xpoint3:"0,-0.90882968902587890625,0.4171673953533172607421875";
            1 = xpoint3:"0,0.417167365550994873046875,0.90882968902587890625";
            2 = xpoint3:"-1,0,0";
          }
        }
      }
      #1 = {
        scale = fixp:"1";
        name = str:"Bone25";
        translation = xpoint3:"40.60581207275390625,-39.8623809814453125,7.51319122314453125";
        rotation = {
          0 = xpoint3:"0.407856762409210205078125,0.0082835853099822998046875,0.912537634372711181640625";
          1 = xpoint3:"0.414226949214935302734375,-0.89131629467010498046875,-0.17671096324920654296875";
          2 = xpoint3:"0.813147962093353271484375,0.450268924236297607421875,-0.366149961948394775390625";
        }
        #0 = {
          scale = fixp:"1";
          name = str:"Bone26";
          translation = xpoint3:"137.2650909423828125,0,0";
          rotation = {
            0 = xpoint3:"-0.4419765770435333251953125,-0.885818064212799072265625,0.1337554752826690673828125";
            1 = xpoint3:"0.851772010326385498046875,-0.461699545383453369140625,-0.24330408871173858642578125";
            2 = xpoint3:"0.277576446533203125,0.006222426891326904296875,0.96065366268157958984375";
          }
          #0 = {
            scale = fixp:"1";
            name = str:"Bone27";
            translation = xpoint3:"138.9307098388671875,0,0";
            rotation = {
              0 = xpoint3:"0.27632772922515869140625,0.86010587215423583984375,-0.4275636374950408935546875";
              1 = xpoint3:"-0.95696175098419189453125,0.284839153289794921875,-0.04531009495258331298828125";
              2 = xpoint3:"0.0825650393962860107421875,0.421955764293670654296875,0.90277087688446044921875";
            }
            #0 = {
              scale = fixp:"1";
              name = str:"pt_foot";
              translation = xpoint3:"27.9170989990234375,-3.561506748199462890625,-0.999670088291168212890625";
              rotation = {
                0 = xpoint3:"-0.8417017459869384765625,-0.4432782828807830810546875,-0.308289706707000732421875";
                1 = xpoint3:"0.37967050075531005859375,-0.0799277722835540771484375,-0.9216625690460205078125";
                2 = xpoint3:"0.38391208648681640625,-0.892813503742218017578125,0.23557500541210174560546875";
              }
            }
            #1 = {
              scale = fixp:"1";
              name = str:"pt_footprint02";
              translation = xpoint3:"31.8727397918701171875,8.18531513214111328125,-4.019114017486572265625";
              rotation = {
                0 = xpoint3:"-0.8417017459869384765625,-0.4432782828807830810546875,-0.308289706707000732421875";
                1 = xpoint3:"0.37967050075531005859375,-0.0799277722835540771484375,-0.9216625690460205078125";
                2 = xpoint3:"0.38391208648681640625,-0.892813503742218017578125,0.23557500541210174560546875";
              }
            }
          }
        }
      }
      #2 = {
        scale = fixp:"1";
        name = str:"Bone04";
        translation = xpoint3:"2.7420518398284912109375,-40.370601654052734375,-9.88439178466796875";
        rotation = {
          0 = xpoint3:"0.001096852123737335205078125,0,0.99927437305450439453125";
          1 = xpoint3:"0.40601193904876708984375,0.913799345493316650390625,0";
          2 = xpoint3:"-0.91307365894317626953125,0.40601193904876708984375,0.0011060573160648345947265625";
        }
        #0 = {
          scale = fixp:"1";
          name = str:"Bone06";
          translation = xpoint3:"151.419403076171875,0,0";
          rotation = {
            0 = xpoint3:"-0.45784223079681396484375,0.887842833995819091796875,0";
            1 = xpoint3:"-0.887842833995819091796875,-0.45784223079681396484375,0";
            2 = xpoint3:"0,0,1";
          }
          #0 = {
            scale = fixp:"1";
            name = str:"Bone07";
            translation = xpoint3:"137.4950408935546875,0,0";
            rotation = {
              0 = xpoint3:"0.324329674243927001953125,-0.9454257488250732421875,0";
              1 = xpoint3:"0.9454257488250732421875,0.324329674243927001953125,0";
              2 = xpoint3:"0,0,1";
            }
            #0 = {
              scale = fixp:"1";
              name = str:"pt_foot";
              translation = xpoint3:"25.0494937896728515625,0.3071852624416351318359375,-2.4177448749542236328125";
              rotation = {
                0 = xpoint3:"0.92556226253509521484375,-0.0010547027923166751861572265625,-0.3785939514636993408203125";
                1 = xpoint3:"0.3697263896465301513671875,-0.21266375482082366943359375,0.904475867748260498046875";
                2 = xpoint3:"-0.08146716654300689697265625,-0.977124869823455810546875,-0.1964435875415802001953125";
              }
            }
            #1 = {
              scale = fixp:"1";
              name = str:"pt_footprint03";
              translation = xpoint3:"30.53241729736328125,-12.80454540252685546875,0.4451998174190521240234375";
              rotation = {
                0 = xpoint3:"0.92556226253509521484375,-0.0010547027923166751861572265625,-0.3785939514636993408203125";
                1 = xpoint3:"0.3697263896465301513671875,-0.21266375482082366943359375,0.904475867748260498046875";
                2 = xpoint3:"-0.08146716654300689697265625,-0.977124869823455810546875,-0.1964435875415802001953125";
              }
            }
          }
        }
      }
      #3 = {
        scale = fixp:"1";
        name = str:"Bone13";
        translation = xpoint3:"42.00395965576171875,-40.37059783935546875,-6.8952484130859375";
        rotation = {
          0 = xpoint3:"0.4101189672946929931640625,0.005180418491363525390625,0.911547958850860595703125";
          1 = xpoint3:"0.393320977687835693359375,0.90117514133453369140625,-0.1817652285099029541015625";
          2 = xpoint3:"-0.822341263294219970703125,0.4332587420940399169921875,0.3675923049449920654296875";
        }
        #0 = {
          scale = fixp:"1";
          name = str:"Bone14";
          translation = xpoint3:"135.354736328125,0,0";
          rotation = {
            0 = xpoint3:"-0.412465631961822509765625,0.900986731052398681640625,0.1266697347164154052734375";
            1 = xpoint3:"-0.870924293994903564453125,-0.431193411350250244140625,0.23127077519893646240234375";
            2 = xpoint3:"0.2632739841938018798828125,-0.014771401882171630859375,0.96458137035369873046875";
          }
          #0 = {
            scale = fixp:"1";
            name = str:"Bone15";
            translation = xpoint3:"135.7649688720703125,0,0";
            rotation = {
              0 = xpoint3:"0.2607626020908355712890625,-0.857177317142486572265625,-0.4429187774658203125";
              1 = xpoint3:"0.957434952259063720703125,0.2867207229137420654296875,0.0086245238780975341796875";
              2 = xpoint3:"0.11936642229557037353515625,-0.426618158817291259765625,0.8964364528656005859375";
            }
            #0 = {
              scale = fixp:"1";
              name = str:"pt_foot";
              translation = xpoint3:"29.033935546875,7.811702251434326171875,3.5157282352447509765625";
              rotation = {
                0 = xpoint3:"0.836790025234222412109375,-0.477820336818695068359375,-0.2673391401767730712890625";
                1 = xpoint3:"0.3517071902751922607421875,0.094878621399402618408203125,0.931289494037628173828125";
                2 = xpoint3:"-0.419624269008636474609375,-0.873318850994110107421875,0.24744634330272674560546875";
              }
            }
            #1 = {
              scale = fixp:"1";
              name = str:"pt_footprint01";
              translation = xpoint3:"33.649677276611328125,-8.35478496551513671875,-0.7933294773101806640625";
              rotation = {
                0 = xpoint3:"0.8367903232574462890625,-0.4778199493885040283203125,-0.26733887195587158203125";
                1 = xpoint3:"0.351706922054290771484375,0.0948789417743682861328125,0.93128955364227294921875";
                2 = xpoint3:"-0.4196238815784454345703125,-0.87331902980804443359375,0.247446358203887939453125";
              }
            }
          }
        }
      }
      #4 = {
        scale = fixp:"1";
        name = str:"Bone09";
        translation = xpoint3:"2.1867454051971435546875,-39.86238861083984375,8.7334136962890625";
        rotation = {
          0 = xpoint3:"0,0,0.999274551868438720703125";
          1 = xpoint3:"0.3954524993896484375,-0.916971027851104736328125,0";
          2 = xpoint3:"0.917696535587310791015625,0.3954524993896484375,0";
        }
        #0 = {
          scale = fixp:"1";
          name = str:"Bone10";
          translation = xpoint3:"152.4064178466796875,0,0";
          rotation = {
            0 = xpoint3:"-0.45011866092681884765625,-0.891789734363555908203125,0";
            1 = xpoint3:"0.891789734363555908203125,-0.45011866092681884765625,0";
            2 = xpoint3:"0,0,1";
          }
          #0 = {
            scale = fixp:"1";
            name = str:"Bone11";
            translation = xpoint3:"135.4830322265625,0,0";
            rotation = {
              0 = xpoint3:"0.3432478606700897216796875,0.938737332820892333984375,0";
              1 = xpoint3:"-0.938737332820892333984375,0.343247950077056884765625,0";
              2 = xpoint3:"0,0,0.99999988079071044921875";
            }
            #0 = {
              scale = fixp:"1";
              name = str:"pt_foot";
              translation = xpoint3:"28.1496734619140625,-0.143095552921295166015625,-4.085075855255126953125";
              rotation = {
                0 = xpoint3:"-0.916433155536651611328125,0,-0.40018761157989501953125";
                1 = xpoint3:"0.3922832310199737548828125,0.1985960304737091064453125,-0.898150026798248291015625";
                2 = xpoint3:"0.0791461765766143798828125,-0.980081379413604736328125,-0.182143867015838623046875";
              }
            }
            #1 = {
              scale = fixp:"1";
              name = str:"pt_footprint04";
              translation = xpoint3:"33.969699859619140625,12.54815769195556640625,-1.5272312164306640625";
              rotation = {
                0 = xpoint3:"-0.916433274745941162109375,0,-0.400187313556671142578125";
                1 = xpoint3:"0.3922830522060394287109375,0.19859574735164642333984375,-0.898150146007537841796875";
                2 = xpoint3:"0.07914553582668304443359375,-0.98008143901824951171875,-0.18214380741119384765625";
              }
            }
          }
        }
      }
      #5 = {
        scale = fixp:"1";
        name = str:"Bone21";
        translation = xpoint3:"-31.230350494384765625,-39.862384796142578125,5.38114166259765625";
        rotation = {
          0 = xpoint3:"-0.602130889892578125,0.090710140764713287353515625,0.79176044464111328125";
          1 = xpoint3:"0.23951399326324462890625,-0.925533771514892578125,0.2884884178638458251953125";
          2 = xpoint3:"0.760096073150634765625,0.3638189136981964111328125,0.537790775299072265625";
        }
        #0 = {
          scale = fixp:"1";
          name = str:"Bone22";
          translation = xpoint3:"114.81661224365234375,0,0";
          rotation = {
            0 = xpoint3:"-0.33675730228424072265625,-0.932139575481414794921875,-0.1255804002285003662109375";
            1 = xpoint3:"0.916239917278289794921875,-0.3552315235137939453125,0.1798565089702606201171875";
            2 = xpoint3:"-0.2125068008899688720703125,-0.054402761161327362060546875,0.97562587261199951171875";
          }
          #0 = {
            scale = fixp:"1";
            name = str:"Bone23";
            translation = xpoint3:"108.114990234375,0,0";
            rotation = {
              0 = xpoint3:"0.323269546031951904296875,0.753016531467437744140625,0.572259426116943359375";
              1 = xpoint3:"-0.941034853458404541015625,0.31677734851837158203125,0.114516079425811767578125";
              2 = xpoint3:"-0.094699800014495849609375,-0.57587039470672607421875,0.811869561672210693359375";
            }
            #0 = {
              scale = fixp:"1";
              name = str:"pt_footprint06";
              translation = xpoint3:"25.7568492889404296875,9.1009063720703125,4.34032726287841796875";
              rotation = {
                0 = xpoint3:"-0.75886452198028564453125,0.50281870365142822265625,-0.4138815701007843017578125";
                1 = xpoint3:"0.60000431537628173828125,0.2927019894123077392578125,-0.744526922702789306640625";
                2 = xpoint3:"-0.2532180845737457275390625,-0.813325822353363037109375,-0.52381455898284912109375";
              }
            }
            #1 = {
              scale = fixp:"1";
              name = str:"pt_foot";
              translation = xpoint3:"20.469470977783203125,-0.245526254177093505859375,-2.38178539276123046875";
              rotation = {
                0 = xpoint3:"-0.7588646411895751953125,0.50281846523284912109375,-0.41388165950775146484375";
                1 = xpoint3:"0.60000431537628173828125,0.2927021682262420654296875,-0.74452686309814453125";
                2 = xpoint3:"-0.2532177865505218505859375,-0.8133258819580078125,-0.523814618587493896484375";
              }
            }
          }
        }
      }
      #6 = {
        scale = fixp:"1";
        name = str:"Bone17";
        translation = xpoint3:"-31.4818706512451171875,-40.370601654052734375,-4.82366180419921875";
        rotation = {
          0 = xpoint3:"-0.564778745174407958984375,-0.08907197415828704833984375,0.8190362453460693359375";
          1 = xpoint3:"0.269812762737274169921875,0.919335305690765380859375,0.28619325160980224609375";
          2 = xpoint3:"-0.77843129634857177734375,0.383107960224151611328125,-0.49507915973663330078125";
        }
        #0 = {
          scale = fixp:"1";
          name = str:"Bone18";
          translation = xpoint3:"117.11161041259765625,0,0";
          rotation = {
            0 = xpoint3:"-0.4160279333591461181640625,0.89563214778900146484375,-0.1506955623626708984375";
            1 = xpoint3:"-0.8714239597320556640625,-0.4403173029422760009765625,-0.211307942867279052734375";
            2 = xpoint3:"-0.2559030354022979736328125,0.043287813663482666015625,0.965707004070281982421875";
          }
          #0 = {
            scale = fixp:"1";
            name = str:"Bone19";
            translation = xpoint3:"115.26801300048828125,0,0";
            rotation = {
              0 = xpoint3:"0.1704393923282623291015625,-0.855339109897613525390625,0.48799741268157958984375";
              1 = xpoint3:"0.979937255382537841796875,0.196347653865814208984375,0.0020785629749298095703125";
              2 = xpoint3:"-0.09731154143810272216796875,0.478201091289520263671875,0.87273681163787841796875";
            }
            #0 = {
              scale = fixp:"1";
              name = str:"pt_foot";
              translation = xpoint3:"22.4689006805419921875,3.4449326992034912109375,-2.3924388885498046875";
              rotation = {
                0 = xpoint3:"0.8086431026458740234375,0.4935440719127655029296875,-0.320172846317291259765625";
                1 = xpoint3:"0.525456845760345458984375,-0.3611874878406524658203125,0.7703497409820556640625";
                2 = xpoint3:"0.264559090137481689453125,-0.79117500782012939453125,-0.55140781402587890625";
              }
            }
            #1 = {
              scale = fixp:"1";
              name = str:"pt_footprint05";
              translation = xpoint3:"26.8336086273193359375,-6.9615020751953125,5.05132198333740234375";
              rotation = {
                0 = xpoint3:"0.808643400669097900390625,0.493543207645416259765625,-0.3201731741428375244140625";
                1 = xpoint3:"0.525456607341766357421875,-0.361187517642974853515625,0.77034986019134521484375";
                2 = xpoint3:"0.2645584046840667724609375,-0.79117548465728759765625,-0.55140745639801025390625";
              }
            }
          }
        }
      }
      #7 = {
        scale = fixp:"1";
        name = str:"pt_cast";
        translation = xpoint3:"158.7454986572265625,-45.393924713134765625,3.86590576171875";
        rotation = {
          0 = xpoint3:"0,-1,0";
          1 = xpoint3:"0,0,1";
          2 = xpoint3:"-1,0,0";
        }
      }
      #8 = {
        scale = fixp:"1";
        name = str:"pt_center";
        translation = xpoint3:"21.4296360015869140625,41.3883056640625,1.526641845703125";
        rotation = {
          0 = xpoint3:"0,-1,0";
          1 = xpoint3:"0,0,0.999999940395355224609375";
          2 = xpoint3:"-1,0,0";
        }
      }
    }
    #1 = {
      scale = fixp:"1";
      name = str:"pt_top";
      translation = xpoint3:"-1.09249937534332275390625,-6.339866161346435546875,366.68939208984375";
      rotation = {
        0 = xpoint3:"1,0,0";
        1 = xpoint3:"0,1,0";
        2 = xpoint3:"0,0,1";
      }
    }
    #2 = {
      scale = fixp:"1";
      name = str:"pt_aim";
      translation = xpoint3:"-5.31353759765625,-120.0285186767578125,159.9521636962890625";
      rotation = {
        0 = xpoint3:"1,0,0";
        1 = xpoint3:"0,1,0";
        2 = xpoint3:"0,0,1";
      }
    }
    #3 = {
      scale = fixp:"1";
      name = str:"pt_ground";
      translation = xpoint3:"0,0,0";
      rotation = {
        0 = xpoint3:"1,0,0";
        1 = xpoint3:"0,1,0";
        2 = xpoint3:"0,0,1";
      }
    }
  }
}