model = {
  file = str:"data\models\units\kai_rider\kai_rider.nif";
  animation = {
    loop = fixp:"0";
    duration = fixp:"7.80000019073486328125";
  }
  #1 = {
    scale = fixp:"1";
    name = str:"ROOT";
    translation = xpoint3:"0,0,0";
    rotation = {
      0 = xpoint3:"1,0,0";
      1 = xpoint3:"0,1,0";
      2 = xpoint3:"0,0,1";
    }
    #3 = {
      scale = fixp:"1";
      name = str:"ROOT NonAccum";
      translation = xpoint3:"0,0,0";
      rotation = {
        0 = xpoint3:"1,0,0";
        1 = xpoint3:"0,1,0";
        2 = xpoint3:"0,0,1";
      }
      #0 = {
        scale = fixp:"1";
        name = str:"Bip01";
        translation = xpoint3:"-1.44323432445526123046875,-5.090997219085693359375,181.418060302734375";
        rotation = {
          0 = xpoint3:"0,0,0.99999988079071044921875";
          1 = xpoint3:"0.99999988079071044921875,0,0";
          2 = xpoint3:"0,0.99999988079071044921875,0";
        }
        #0 = {
          scale = fixp:"1";
          name = str:"Bone14";
          translation = xpoint3:"7.25440692901611328125,-7.7317352294921875,1.4432525634765625";
          rotation = {
            0 = xpoint3:"0.488486349582672119140625,0.872146070003509521484375,0";
            1 = xpoint3:"-0.872146070003509521484375,0.488486349582672119140625,0";
            2 = xpoint3:"0,0,1";
          }
          #0 = {
            scale = fixp:"1";
            name = str:"Bone15";
            translation = xpoint3:"61.79236602783203125,0,0";
            rotation = {
              0 = xpoint3:"0.87320768833160400390625,-0.4871594905853271484375,0";
              1 = xpoint3:"0.4871594905853271484375,0.87320768833160400390625,0";
              2 = xpoint3:"0,0,1";
            }
            #0 = {
              scale = fixp:"1";
              name = str:"Bone16";
              translation = xpoint3:"43.392627716064453125,0,0";
              rotation = {
                0 = xpoint3:"0.916040360927581787109375,-0.400934159755706787109375,0";
                1 = xpoint3:"0.400934159755706787109375,0.916040360927581787109375,0";
                2 = xpoint3:"0,0,1";
              }
              #0 = {
                scale = fixp:"1";
                name = str:"Bone17";
                translation = xpoint3:"39.908535003662109375,0,0";
                rotation = {
                  0 = xpoint3:"0.94061267375946044921875,-0.33935463428497314453125,0";
                  1 = xpoint3:"0.33935463428497314453125,0.94061267375946044921875,0";
                  2 = xpoint3:"0,0,1";
                }
                #0 = {
                  scale = fixp:"1";
                  name = str:"Bone18";
                  translation = xpoint3:"43.967731475830078125,0,0";
                  rotation = {
                    0 = xpoint3:"0.954957187175750732421875,-0.296633422374725341796875,0";
                    1 = xpoint3:"0.296633422374725341796875,0.954957187175750732421875,0";
                    2 = xpoint3:"0,0,1";
                  }
                  #0 = {
                    scale = fixp:"1";
                    name = str:"Bone19";
                    translation = xpoint3:"65.58271026611328125,0,0";
                    rotation = {
                      0 = xpoint3:"1,0,0";
                      1 = xpoint3:"0,1,0";
                      2 = xpoint3:"0,0,1";
                    }
                  }
                }
              }
            }
          }
        }
        #1 = {
          scale = fixp:"1";
          name = str:"Bone26";
          translation = xpoint3:"-4.72667598724365234375,-9.62358188629150390625,-12.1652374267578125";
          rotation = {
            0 = xpoint3:"0.427740573883056640625,-0.871845066547393798828125,-0.23684124648571014404296875";
            1 = xpoint3:"0.881192266941070556640625,0.4604377448558807373046875,-0.103510223329067230224609375";
            2 = xpoint3:"0.19926826655864715576171875,-0.1646216809749603271484375,0.965992987155914306640625";
          }
          #0 = {
            scale = fixp:"1";
            name = str:"Bone27";
            translation = xpoint3:"-87.3552703857421875,0,0";
            rotation = {
              0 = xpoint3:"-0.1930649280548095703125,-0.98030316829681396484375,0";
              1 = xpoint3:"0.962604999542236328125,-0.18949444591999053955078125,-0.1890959441661834716796875";
              2 = xpoint3:"0.1854350864887237548828125,-0.0370303094387054443359375,0.981945216655731201171875";
            }
            #0 = {
              scale = fixp:"1";
              name = str:"Bone28";
              translation = xpoint3:"-56.120258331298828125,0,0";
              rotation = {
                0 = xpoint3:"0.3578155338764190673828125,0.925937175750732421875,0.116946436464786529541015625";
                1 = xpoint3:"-0.92180073261260986328125,0.3702280819416046142578125,-0.11090804636478424072265625";
                2 = xpoint3:"-0.146011829376220703125,-0.0682466924190521240234375,0.986916363239288330078125";
              }
              #0 = {
                scale = fixp:"1";
                name = str:"Bone29";
                translation = xpoint3:"-47.06494903564453125,0,0";
                rotation = {
                  0 = xpoint3:"0.893043220043182373046875,0.4486937224864959716796875,0.0315041430294513702392578125";
                  1 = xpoint3:"-0.4484362304210662841796875,0.88271343708038330078125,0.13982729613780975341796875";
                  2 = xpoint3:"0.0349787436425685882568359375,-0.13899882137775421142578125,0.989666998386383056640625";
                }
                #0 = {
                  scale = fixp:"1";
                  name = str:"Bone30";
                  translation = xpoint3:"-27.715084075927734375,0,0";
                  rotation = {
                    0 = xpoint3:"0.4719471633434295654296875,-0.0537221729755401611328125,-0.879553020000457763671875";
                    1 = xpoint3:"-0.880326747894287109375,-0.0721689760684967041015625,-0.467183768749237060546875";
                    2 = xpoint3:"-0.039044857025146484375,0.995163142681121826171875,-0.0809762477874755859375";
                  }
                  #0 = {
                    scale = fixp:"1";
                    name = str:"Bone31";
                    translation = xpoint3:"-28.6805057525634765625,0,0";
                    rotation = {
                      0 = xpoint3:"0.99864041805267333984375,0,0.05210922658443450927734375";
                      1 = xpoint3:"-0.052023351192474365234375,-0.0566058047115802764892578125,0.9962711334228515625";
                      2 = xpoint3:"0.00299046374857425689697265625,-0.9976284503936767578125,-0.0565277598798274993896484375";
                    }
                  }
                  #1 = {
                    scale = fixp:"1";
                    name = str:"pt_foot";
                    translation = xpoint3:"-10.6527996063232421875,0.86910331249237060546875,-6.78274822235107421875";
                    rotation = {
                      0 = xpoint3:"0.2578938305377960205078125,0.958087444305419921875,0.124736480414867401123046875";
                      1 = xpoint3:"0.96277523040771484375,-0.24401779472827911376953125,-0.116272203624248504638671875";
                      2 = xpoint3:"-0.080961011350154876708984375,0.150079071521759033203125,-0.985353529453277587890625";
                    }
                  }
                  #2 = {
                    scale = fixp:"1";
                    name = str:"pt_footprint01";
                    translation = xpoint3:"-12.73040866851806640625,2.9464251995086669921875,6.26288509368896484375";
                    rotation = {
                      0 = xpoint3:"0.255698978900909423828125,0.959310472011566162109375,0.119755826890468597412109375";
                      1 = xpoint3:"0.964015901088714599609375,-0.2436896264553070068359375,-0.10624833405017852783203125";
                      2 = xpoint3:"-0.072741888463497161865234375,0.14261411130428314208984375,-0.987101733684539794921875";
                    }
                  }
                }
              }
            }
          }
        }
        #2 = {
          scale = fixp:"1";
          name = str:"Bone20";
          translation = xpoint3:"-4.72667980194091796875,-9.62356472015380859375,14.921051025390625";
          rotation = {
            0 = xpoint3:"-0.4257103502750396728515625,0.870315730571746826171875,0.24341727793216705322265625";
            1 = xpoint3:"-0.880600035190582275390625,-0.4599323272705078125,0.104340784251689910888671875";
            2 = xpoint3:"0.20308892428874969482421875,-0.1699819266796112060546875,0.964266121387481689453125";
          }
          #0 = {
            scale = fixp:"1";
            name = str:"Bone21";
            translation = xpoint3:"87.35527801513671875,0,0";
            rotation = {
              0 = xpoint3:"-0.193065166473388671875,-0.98030316829681396484375,0";
              1 = xpoint3:"0.962604999542236328125,-0.18949468433856964111328125,-0.189095914363861083984375";
              2 = xpoint3:"0.18543507158756256103515625,-0.037030272185802459716796875,0.981945216655731201171875";
            }
            #0 = {
              scale = fixp:"1";
              name = str:"Bone22";
              translation = xpoint3:"56.120265960693359375,0,0";
              rotation = {
                0 = xpoint3:"0.3578156530857086181640625,0.92593705654144287109375,0.1169464588165283203125";
                1 = xpoint3:"-0.9218006134033203125,0.3702282011508941650390625,-0.1109080612659454345703125";
                2 = xpoint3:"-0.1460118591785430908203125,-0.0682466924190521240234375,0.986916363239288330078125";
              }
              #0 = {
                scale = fixp:"1";
                name = str:"Bone23";
                translation = xpoint3:"47.06494140625,0,0";
                rotation = {
                  0 = xpoint3:"0.8940486907958984375,0.446995437145233154296875,0.0267999060451984405517578125";
                  1 = xpoint3:"-0.44647276401519775390625,0.88521039485931396484375,0.1299922764301300048828125";
                  2 = xpoint3:"0.0344268269836902618408203125,-0.128183543682098388671875,0.991146266460418701171875";
                }
                #0 = {
                  scale = fixp:"1";
                  name = str:"Bone24";
                  translation = xpoint3:"27.715084075927734375,0,0";
                  rotation = {
                    0 = xpoint3:"0.4702341258525848388671875,-0.0538432300090789794921875,-0.880461275577545166015625";
                    1 = xpoint3:"-0.8812396526336669921875,-0.072102844715118408203125,-0.46546995639801025390625";
                    2 = xpoint3:"-0.0390884876251220703125,0.995161533355712890625,-0.0809760987758636474609375";
                  }
                  #0 = {
                    scale = fixp:"1";
                    name = str:"Bone25";
                    translation = xpoint3:"28.680507659912109375,0,0";
                    rotation = {
                      0 = xpoint3:"0.99864041805267333984375,0,0.052109241485595703125";
                      1 = xpoint3:"-0.0520233623683452606201171875,-0.0566058047115802764892578125,0.9962711334228515625";
                      2 = xpoint3:"0.00299041159451007843017578125,-0.9976284503936767578125,-0.0565277598798274993896484375";
                    }
                  }
                  #1 = {
                    scale = fixp:"1";
                    name = str:"pt_foot@#0";
                    translation = xpoint3:"11.0970249176025390625,-1.10044574737548828125,6.985795497894287109375";
                    rotation = {
                      0 = xpoint3:"0.2536538541316986083984375,-0.95947551727294921875,-0.122745685279369354248046875";
                      1 = xpoint3:"0.96395123004913330078125,0.24019145965576171875,0.114481665194034576416015625";
                      2 = xpoint3:"-0.08035989105701446533203125,-0.14735956490039825439453125,0.985813081264495849609375";
                    }
                  }
                  #2 = {
                    scale = fixp:"1";
                    name = str:"pt_footprint02";
                    translation = xpoint3:"12.87498950958251953125,-2.679292201995849609375,-6.143641948699951171875";
                    rotation = {
                      0 = xpoint3:"0.252819955348968505859375,-0.95930373668670654296875,-0.12577114999294281005859375";
                      1 = xpoint3:"0.96439230442047119140625,0.2394330501556396484375,0.11233572661876678466796875";
                      2 = xpoint3:"-0.0776503086090087890625,-0.14969344437122344970703125,0.985678613185882568359375";
                    }
                  }
                }
              }
            }
          }
        }
        #3 = {
          scale = fixp:"1";
          name = str:"Bip02";
          translation = xpoint3:"-11.8117313385009765625,1.68458545207977294921875,-0.009048501960933208465576171875";
          rotation = {
            0 = xpoint3:"1,0,0";
            1 = xpoint3:"0,1,0";
            2 = xpoint3:"0,0,1";
          }
          #0 = {
            scale = fixp:"1";
            name = str:"Bip03";
            translation = xpoint3:"-28.191730499267578125,0,0";
            rotation = {
              0 = xpoint3:"1,0,0";
              1 = xpoint3:"0,1,0";
              2 = xpoint3:"0,0,1";
            }
            #0 = {
              scale = fixp:"1";
              name = str:"Bone01";
              translation = xpoint3:"-45.428497314453125,8.9129180908203125,8.3986053466796875";
              rotation = {
                0 = xpoint3:"-0.11580713093280792236328125,0.989644944667816162109375,0.084803082048892974853515625";
                1 = xpoint3:"-0.798455715179443359375,-0.1435369551181793212890625,0.584692776203155517578125";
                2 = xpoint3:"0.59081065654754638671875,0,0.80681025981903076171875";
              }
              #0 = {
                scale = fixp:"1";
                name = str:"Bone02";
                translation = xpoint3:"33.349620819091796875,0,0";
                rotation = {
                  0 = xpoint3:"0.830270588397979736328125,0.363906383514404296875,0.421872675418853759765625";
                  1 = xpoint3:"-0.317603886127471923828125,0.931279361248016357421875,-0.1781763732433319091796875";
                  2 = xpoint3:"-0.45774686336517333984375,0.013826929032802581787109375,0.8888843059539794921875";
                }
                #0 = {
                  scale = fixp:"1";
                  name = str:"Bone03";
                  translation = xpoint3:"32.138072967529296875,0,0";
                  rotation = {
                    0 = xpoint3:"0.361121952533721923828125,0.92049407958984375,0.14613126218318939208984375";
                    1 = xpoint3:"-0.9184284210205078125,0.37813413143157958984375,-0.11225579679012298583984375";
                    2 = xpoint3:"-0.15859706699848175048828125,-0.09382259845733642578125,0.982862889766693115234375";
                  }
                  #0 = {
                    scale = fixp:"1";
                    name = str:"Bone04";
                    translation = xpoint3:"46.31502532958984375,0,0";
                    rotation = {
                      0 = xpoint3:"0.892823994159698486328125,-0.3246968686580657958984375,-0.3119002282619476318359375";
                      1 = xpoint3:"0.3718614280223846435546875,0.922366559505462646484375,0.104145668447017669677734375";
                      2 = xpoint3:"0.2538284361362457275390625,-0.2090435326099395751953125,0.944346964359283447265625";
                    }
                    #0 = {
                      scale = fixp:"1";
                      name = str:"Bone54";
                      translation = xpoint3:"16.721164703369140625,4.003310680389404296875,9.20212078094482421875";
                      rotation = {
                        0 = xpoint3:"0.612993538379669189453125,-0.789717972278594970703125,-0.004784715361893177032470703125";
                        1 = xpoint3:"0.789732396602630615234375,0.61298072338104248046875,0.0039677233435213565826416015625";
                        2 = xpoint3:"0,-0.0062124622054398059844970703125,0.9999806880950927734375";
                      }
                      #0 = {
                        scale = fixp:"1";
                        name = str:"Bone70";
                        translation = xpoint3:"11.19564056396484375,0,0";
                        rotation = {
                          0 = xpoint3:"0.435322940349578857421875,-0.8998191356658935546875,0";
                          1 = xpoint3:"0.8998191356658935546875,0.435322940349578857421875,0";
                          2 = xpoint3:"0,0,1";
                        }
                      }
                    }
                    #1 = {
                      scale = fixp:"1";
                      name = str:"Bone72";
                      translation = xpoint3:"19.51053619384765625,3.17539691925048828125,0.855721771717071533203125";
                      rotation = {
                        0 = xpoint3:"0.855774402618408203125,-0.5171267986297607421875,-0.0045603583566844463348388671875";
                        1 = xpoint3:"0.51714324951171875,0.85576808452606201171875,0.00381032587029039859771728515625";
                        2 = xpoint3:"0.00193027895875275135040283203125,-0.00562045164406299591064453125,0.999982357025146484375";
                      }
                      #0 = {
                        scale = fixp:"1";
                        name = str:"Bone73";
                        translation = xpoint3:"12.72651386260986328125,0,0";
                        rotation = {
                          0 = xpoint3:"0.45241343975067138671875,-0.891362726688385009765625,0";
                          1 = xpoint3:"0.891362726688385009765625,0.45241343975067138671875,0";
                          2 = xpoint3:"0,0,1";
                        }
                      }
                    }
                    #2 = {
                      scale = fixp:"1";
                      name = str:"Bone75";
                      translation = xpoint3:"19.76361083984375,-0.35263884067535400390625,-8.51828670501708984375";
                      rotation = {
                        0 = xpoint3:"0.968677520751953125,-0.248177230358123779296875,-0.005145014263689517974853515625";
                        1 = xpoint3:"0.2481989562511444091796875,0.968676865100860595703125,0.0041160653345286846160888671875";
                        2 = xpoint3:"0.003961483947932720184326171875,-0.0052649606950581073760986328125,0.9999783039093017578125";
                      }
                      #0 = {
                        scale = fixp:"1";
                        name = str:"Bone76";
                        translation = xpoint3:"11.7069377899169921875,0.001010040752589702606201171875,0";
                        rotation = {
                          0 = xpoint3:"0.415974140167236328125,-0.908910334110260009765625,0";
                          1 = xpoint3:"0.908910334110260009765625,0.415974140167236328125,0";
                          2 = xpoint3:"0,0,1";
                        }
                      }
                    }
                  }
                }
              }
            }
            #1 = {
              scale = fixp:"1";
              name = str:"Bone05";
              translation = xpoint3:"-45.428497314453125,8.912933349609375,-6.3223724365234375";
              rotation = {
                0 = xpoint3:"0.11580698192119598388671875,-0.9896450042724609375,-0.084802977740764617919921875";
                1 = xpoint3:"0.798455715179443359375,0.1435367763042449951171875,-0.58469283580780029296875";
                2 = xpoint3:"0.59081065654754638671875,0,0.80681025981903076171875";
              }
              #0 = {
                scale = fixp:"1";
                name = str:"Bone06";
                translation = xpoint3:"-33.349609375,0,0";
                rotation = {
                  0 = xpoint3:"0.829577863216400146484375,0.362651050090789794921875,0.4243082106113433837890625";
                  1 = xpoint3:"-0.31702601909637451171875,0.931797504425048828125,-0.17649066448211669921875";
                  2 = xpoint3:"-0.4593993127346038818359375,0.0117764770984649658203125,0.8880603313446044921875";
                }
                #0 = {
                  scale = fixp:"1";
                  name = str:"Bone07";
                  translation = xpoint3:"-32.1380615234375,0,0";
                  rotation = {
                    0 = xpoint3:"0.361121952533721923828125,0.92049407958984375,0.14613129198551177978515625";
                    1 = xpoint3:"-0.9184284210205078125,0.37813413143157958984375,-0.112255819141864776611328125";
                    2 = xpoint3:"-0.15859709680080413818359375,-0.093822620809078216552734375,0.982862889766693115234375";
                  }
                  #0 = {
                    scale = fixp:"1";
                    name = str:"Bone08";
                    translation = xpoint3:"-46.3150177001953125,0,0";
                    rotation = {
                      0 = xpoint3:"0.8928239345550537109375,-0.32469689846038818359375,-0.3119002878665924072265625";
                      1 = xpoint3:"0.37186145782470703125,0.922366559505462646484375,0.104145623743534088134765625";
                      2 = xpoint3:"0.2538284957408905029296875,-0.2090435326099395751953125,0.944346904754638671875";
                    }
                    #0 = {
                      scale = fixp:"1";
                      name = str:"Bone78";
                      translation = xpoint3:"-19.765796661376953125,0.3600258529186248779296875,9.2182636260986328125";
                      rotation = {
                        0 = xpoint3:"0.9680492877960205078125,-0.250631392002105712890625,-0.0042529641650617122650146484375";
                        1 = xpoint3:"0.250640094280242919921875,0.9680550098419189453125,0.00164936413057148456573486328125";
                        2 = xpoint3:"0.0037033217959105968475341796875,-0.00266336486674845218658447265625,0.999989569187164306640625";
                      }
                      #0 = {
                        scale = fixp:"1";
                        name = str:"Bone79";
                        translation = xpoint3:"-11.706939697265625,-0.00100172124803066253662109375,0";
                        rotation = {
                          0 = xpoint3:"0.418685734272003173828125,-0.907666623592376708984375,0";
                          1 = xpoint3:"0.907666623592376708984375,0.418685734272003173828125,0";
                          2 = xpoint3:"0,0,1";
                        }
                      }
                    }
                    #1 = {
                      scale = fixp:"1";
                      name = str:"Bone81";
                      translation = xpoint3:"-19.5184478759765625,-3.140744686126708984375,-0.16610591113567352294921875";
                      rotation = {
                        0 = xpoint3:"0.854504168033599853515625,-0.51922070980072021484375,-0.0046237432397902011871337890625";
                        1 = xpoint3:"0.519232273101806640625,0.854507923126220703125,0.0017156801186501979827880859375";
                        2 = xpoint3:"0.00305907311849296092987060546875,-0.0038684145547449588775634765625,0.9999878406524658203125";
                      }
                      #0 = {
                        scale = fixp:"1";
                        name = str:"Bone82";
                        translation = xpoint3:"-12.72650814056396484375,0,0";
                        rotation = {
                          0 = xpoint3:"0.4555871486663818359375,-0.889747321605682373046875,0";
                          1 = xpoint3:"0.889747321605682373046875,0.4555871486663818359375,0";
                          2 = xpoint3:"0,0,1";
                        }
                      }
                    }
                    #2 = {
                      scale = fixp:"1";
                      name = str:"Bone84";
                      translation = xpoint3:"-16.7324657440185546875,-3.9463036060333251953125,-8.51582813262939453125";
                      rotation = {
                        0 = xpoint3:"0.611025035381317138671875,-0.7912409305572509765625,-0.0046641570515930652618408203125";
                        1 = xpoint3:"0.79125308990478515625,0.61102497577667236328125,0.00159241422079503536224365234375";
                        2 = xpoint3:"0.001587701030075550079345703125,-0.0046657635830342769622802734375,0.9999878406524658203125";
                      }
                      #0 = {
                        scale = fixp:"1";
                        name = str:"Bone85";
                        translation = xpoint3:"-11.19562530517578125,0,0";
                        rotation = {
                          0 = xpoint3:"0.439192831516265869140625,-0.89793980121612548828125,0";
                          1 = xpoint3:"0.89793980121612548828125,0.439192831516265869140625,0";
                          2 = xpoint3:"0,0,1";
                        }
                      }
                    }
                  }
                }
              }
            }
            #2 = {
              scale = fixp:"1";
              name = str:"Bone09";
              translation = xpoint3:"-54.3720855712890625,5.660491943359375,1.4522705078125";
              rotation = {
                0 = xpoint3:"-0.84794330596923828125,-0.52755069732666015625,0";
                1 = xpoint3:"0.52755105495452880859375,-0.847943246364593505859375,0";
                2 = xpoint3:"0,0,0.999999582767486572265625";
              }
              #0 = {
                scale = fixp:"1";
                name = str:"Bone10";
                translation = xpoint3:"26.56682586669921875,0,0";
                rotation = {
                  0 = xpoint3:"0.69219934940338134765625,0.721396744251251220703125,0";
                  1 = xpoint3:"-0.721396744251251220703125,0.69219934940338134765625,0";
                  2 = xpoint3:"0,0,1";
                }
                #0 = {
                  scale = fixp:"1";
                  name = str:"Bone11";
                  translation = xpoint3:"37.39481353759765625,0,0";
                  rotation = {
                    0 = xpoint3:"0.1698831021785736083984375,-0.98485279083251953125,0";
                    1 = xpoint3:"0.98485243320465087890625,0.16988290846347808837890625,0";
                    2 = xpoint3:"0,0,0.99999964237213134765625";
                  }
                  #0 = {
                    scale = fixp:"1";
                    name = str:"Bone12";
                    translation = xpoint3:"48.20937347412109375,0,0";
                    rotation = {
                      0 = xpoint3:"-0.4510672092437744140625,-0.89130938053131103515625,0";
                      1 = xpoint3:"0.89130938053131103515625,-0.4510672092437744140625,0";
                      2 = xpoint3:"0,0,1";
                    }
                  }
                  #1 = {
                    scale = fixp:"1";
                    name = str:"Bone46";
                    translation = xpoint3:"26.583087921142578125,15.6320476531982421875,12.21360683441162109375";
                    rotation = {
                      0 = xpoint3:"-0.718957424163818359375,-0.5193655490875244140625,0.4592003524303436279296875";
                      1 = xpoint3:"0.55704987049102783203125,-0.82651507854461669921875,-0.062589220702648162841796875";
                      2 = xpoint3:"0.4126754105091094970703125,0.2109061181545257568359375,0.88603174686431884765625";
                    }
                    #0 = {
                      scale = fixp:"1";
                      name = str:"Bone47";
                      translation = xpoint3:"27.5587825775146484375,0,0";
                      rotation = {
                        0 = xpoint3:"0.6541793346405029296875,-0.721690952777862548828125,0.225188195705413818359375";
                        1 = xpoint3:"0.689497053623199462890625,0.691715776920318603515625,0.21371863782405853271484375";
                        2 = xpoint3:"-0.310066640377044677734375,0.01562269032001495361328125,0.950548708438873291015625";
                      }
                      #0 = {
                        scale = fixp:"1";
                        name = str:"Bone48";
                        translation = xpoint3:"32.622203826904296875,0,0";
                        rotation = {
                          0 = xpoint3:"0.87834918498992919921875,-0.4210956096649169921875,0.22584219276905059814453125";
                          1 = xpoint3:"0.407809317111968994140625,0.906941831111907958984375,0.1049431860446929931640625";
                          2 = xpoint3:"-0.24903367459774017333984375,0,0.968471229076385498046875";
                        }
                        #0 = {
                          scale = fixp:"1";
                          name = str:"Bone49";
                          translation = xpoint3:"24.68762969970703125,0,0";
                          rotation = {
                            0 = xpoint3:"0.996826350688934326171875,-0.079577505588531494140625,0";
                            1 = xpoint3:"0.079577505588531494140625,0.996826350688934326171875,0";
                            2 = xpoint3:"0,0,1";
                          }
                        }
                      }
                    }
                  }
                  #2 = {
                    scale = fixp:"1";
                    name = str:"Bone50";
                    translation = xpoint3:"26.58307647705078125,15.63208484649658203125,-12.7647686004638671875";
                    rotation = {
                      0 = xpoint3:"0.878614366054534912109375,0.47723782062530517578125,0.010231361724436283111572265625";
                      1 = xpoint3:"-0.4770233631134033203125,0.87702763080596923828125,0.055612377822399139404296875";
                      2 = xpoint3:"0.0175873301923274993896484375,-0.053741075098514556884765625,0.998398840427398681640625";
                    }
                    #0 = {
                      scale = fixp:"1";
                      name = str:"Bone51";
                      translation = xpoint3:"-27.55877685546875,0,0";
                      rotation = {
                        0 = xpoint3:"0.735794842243194580078125,-0.6421954631805419921875,0.21402680873870849609375";
                        1 = xpoint3:"0.62049829959869384765625,0.766242325305938720703125,0.1658772528171539306640625";
                        2 = xpoint3:"-0.270563066005706787109375,0.010879896581172943115234375,0.962612569332122802734375";
                      }
                      #0 = {
                        scale = fixp:"1";
                        name = str:"Bone52";
                        translation = xpoint3:"-32.622219085693359375,0,0";
                        rotation = {
                          0 = xpoint3:"0.91827762126922607421875,-0.341197311878204345703125,0.20057928562164306640625";
                          1 = xpoint3:"0.333325922489166259765625,0.93994534015655517578125,0.072865910828113555908203125";
                          2 = xpoint3:"-0.21340453624725341796875,0,0.976946771144866943359375";
                        }
                        #0 = {
                          scale = fixp:"1";
                          name = str:"Bone53";
                          translation = xpoint3:"-24.68762969970703125,0,0";
                          rotation = {
                            0 = xpoint3:"0.996826350688934326171875,-0.07957744598388671875,0";
                            1 = xpoint3:"0.07957744598388671875,0.996826350688934326171875,0";
                            2 = xpoint3:"0,0,1";
                          }
                        }
                      }
                    }
                  }
                }
              }
            }
          }
          #1 = {
            scale = fixp:"1";
            name = str:"Box01";
            translation = xpoint3:"-23.95748138427734375,45.2076568603515625,1.45623779296875";
            rotation = {
              0 = xpoint3:"1,0,0";
              1 = xpoint3:"0,1,0";
              2 = xpoint3:"0,0,1";
            }
            #0 = {
              scale = fixp:"1";
              name = str:"Bone32";
              translation = xpoint3:"-2.898506641387939453125,-3.827239513397216796875,8.9744873046875";
              rotation = {
                0 = xpoint3:"-0.372891366481781005859375,0.643574893474578857421875,0.66691148281097412109375";
                1 = xpoint3:"-0.736363947391510009765625,-0.64204609394073486328125,0.2077541649341583251953125";
                2 = xpoint3:"0.562785625457763671875,-0.4137693345546722412109375,0.71529996395111083984375";
              }
              #0 = {
                scale = fixp:"1";
                name = str:"Bone33";
                translation = xpoint3:"46.6046295166015625,0,0";
                rotation = {
                  0 = xpoint3:"0.8042125701904296875,-0.587924420833587646484375,0.085456974804401397705078125";
                  1 = xpoint3:"0.582207977771759033203125,0.808555781841278076171875,0.083628177642822265625";
                  2 = xpoint3:"-0.118287600576877593994140625,-0.0174530781805515289306640625,0.99282073974609375";
                }
                #0 = {
                  scale = fixp:"1";
                  name = str:"Bone34";
                  translation = xpoint3:"39.334850311279296875,0,0";
                  rotation = {
                    0 = xpoint3:"0.132227241992950439453125,0.988874495029449462890625,0.058170221745967864990234375";
                    1 = xpoint3:"-0.986098825931549072265625,0.13698364794254302978515625,-0.087131880223751068115234375";
                    2 = xpoint3:"-0.094156973063945770263671875,-0.045936949551105499267578125,0.994492948055267333984375";
                  }
                  #0 = {
                    scale = fixp:"1";
                    name = str:"Bone35";
                    translation = xpoint3:"23.2334537506103515625,0,0";
                    rotation = {
                      0 = xpoint3:"0.999317586421966552734375,0,0.0369228683412075042724609375";
                      1 = xpoint3:"-0.0011287094093859195709228515625,0.999407470226287841796875,0.0343884266912937164306640625";
                      2 = xpoint3:"-0.0369058884680271148681640625,-0.0344066508114337921142578125,0.998725354671478271484375";
                    }
                  }
                }
              }
            }
            #1 = {
              scale = fixp:"1";
              name = str:"Box02";
              translation = xpoint3:"0,6.3952178955078125,0";
              rotation = {
                0 = xpoint3:"0.995830059051513671875,-0.0912279784679412841796875,0";
                1 = xpoint3:"0.0912279784679412841796875,0.995830059051513671875,0";
                2 = xpoint3:"0,0,1";
              }
              #0 = {
                scale = fixp:"1";
                name = str:"Box03";
                translation = xpoint3:"0,17.7822055816650390625,0";
                rotation = {
                  0 = xpoint3:"1,0,0";
                  1 = xpoint3:"0,1,0";
                  2 = xpoint3:"0,0,1";
                }
                #0 = {
                  scale = fixp:"1";
                  name = str:"Bone43";
                  translation = xpoint3:"0.870086014270782470703125,15.5513553619384765625,20.9293975830078125";
                  rotation = {
                    0 = xpoint3:"0.4624993503093719482421875,-0.45062148571014404296875,0.7630560398101806640625";
                    1 = xpoint3:"0.8671844005584716796875,0.40770065784454345703125,-0.2844500243663787841796875";
                    2 = xpoint3:"-0.1824979484081268310546875,0.793637752532958984375,0.57984817028045654296875";
                  }
                  #0 = {
                    scale = fixp:"1";
                    name = str:"Bone44";
                    translation = xpoint3:"-22.416675567626953125,0,0";
                    rotation = {
                      0 = xpoint3:"0.639878928661346435546875,0.4082730114459991455078125,-0.650650084018707275390625";
                      1 = xpoint3:"-0.2185164391994476318359375,0.908831417560577392578125,0.3551672399044036865234375";
                      2 = xpoint3:"0.736398637294769287109375,-0.084890186786651611328125,0.67084503173828125";
                    }
                    #0 = {
                      scale = fixp:"1";
                      name = str:"Bone45";
                      translation = xpoint3:"-25.9042301177978515625,0,0";
                      rotation = {
                        0 = xpoint3:"0.873149812221527099609375,0.4275079667568206787109375,-0.23379956185817718505859375";
                        1 = xpoint3:"-0.0883613526821136474609375,0.611055552959442138671875,0.786281764507293701171875";
                        2 = xpoint3:"0.47918426990509033203125,-0.665795505046844482421875,0.57138144969940185546875";
                      }
                      #0 = {
                        scale = fixp:"1";
                        name = str:"Bone68";
                        translation = xpoint3:"-4.276981830596923828125,-0.52922308444976806640625,-4.870576381683349609375";
                        rotation = {
                          0 = xpoint3:"-0.707996666431427001953125,-0.5741269588470458984375,-0.4112401902675628662109375";
                          1 = xpoint3:"-0.4559942781925201416015625,-0.07301557064056396484375,0.88698232173919677734375";
                          2 = xpoint3:"-0.53926753997802734375,0.81550395488739013671875,-0.210103571414947509765625";
                        }
                        #0 = {
                          scale = fixp:"1";
                          name = str:"Bone69";
                          translation = xpoint3:"3.76096630096435546875,0,0";
                          rotation = {
                            0 = xpoint3:"0.976807653903961181640625,-0.159004628658294677734375,0.143402516841888427734375";
                            1 = xpoint3:"0.1692238748073577880859375,0.98362219333648681640625,-0.062054060399532318115234375";
                            2 = xpoint3:"-0.131187021732330322265625,0.084882013499736785888671875,0.987717092037200927734375";
                          }
                        }
                      }
                      #1 = {
                        scale = fixp:"1";
                        name = str:"Bone66";
                        translation = xpoint3:"-8.62976551055908203125,-0.154194176197052001953125,-0.5237305164337158203125";
                        rotation = {
                          0 = xpoint3:"-0.33703124523162841796875,-0.26028525829315185546875,-0.904798984527587890625";
                          1 = xpoint3:"-0.9060046672821044921875,-0.17170560359954833984375,0.38687527179718017578125";
                          2 = xpoint3:"-0.2560571134090423583984375,0.95014131069183349609375,-0.177949428558349609375";
                        }
                        #0 = {
                          scale = fixp:"1";
                          name = str:"Bone67";
                          translation = xpoint3:"4.547598361968994140625,0,0";
                          rotation = {
                            0 = xpoint3:"0.4380591213703155517578125,0.44216978549957275390625,0.782681286334991455078125";
                            1 = xpoint3:"-0.713366031646728515625,0.700783550739288330078125,0.0033617317676544189453125";
                            2 = xpoint3:"-0.547003686428070068359375,-0.5598108768463134765625,0.622413575649261474609375";
                          }
                        }
                      }
