model = {
  file = str:"data\models\lifeforms\bambi\bambi.nif";
  animation = {
    loop = fixp:"0";
    duration = fixp:"7";
  }
  #0 = {
    scale = fixp:"1";
    name = str:"ROOT";
    translation = xpoint3:"0,-0.6264140605926513671875,0";
    rotation = {
      0 = xpoint3:"1,0,0";
      1 = xpoint3:"0,1,0";
      2 = xpoint3:"0,0,1";
    }
    #0 = {
      scale = fixp:"1";
      name = str:"Bip01";
      translation = xpoint3:"-8.4525146484375,32.2840576171875,317.3084716796875";
      rotation = {
        0 = xpoint3:"0.0090789496898651123046875,0.00191938877105712890625,-0.999957025051116943359375";
        1 = xpoint3:"-0.996079266071319580078125,-0.0879852771759033203125,-0.009212672710418701171875";
        2 = xpoint3:"-0.087999045848846435546875,0.996120035648345947265625,0.0011129081249237060546875";
      }
      #0 = {
        scale = fixp:"1";
        name = str:"Bone14";
        translation = xpoint3:"10.516414642333984375,1.79134786128997802734375,0";
        rotation = {
          0 = xpoint3:"0.9927337169647216796875,0.12033176422119140625,0";
          1 = xpoint3:"-0.12033176422119140625,0.9927337169647216796875,0";
          2 = xpoint3:"0,0,1";
        }
        #0 = {
          scale = fixp:"1";
          name = str:"Bone15";
          translation = xpoint3:"53.624385833740234375,0,0";
          rotation = {
            0 = xpoint3:"0.878256022930145263671875,-0.4781906902790069580078125,0";
            1 = xpoint3:"0.4781906902790069580078125,0.878256022930145263671875,0";
            2 = xpoint3:"0,0,1";
          }
          #0 = {
            scale = fixp:"1";
            name = str:"Bone17";
            translation = xpoint3:"39.3420562744140625,0,0";
            rotation = {
              0 = xpoint3:"0.948393762111663818359375,-0.317094981670379638671875,0";
              1 = xpoint3:"0.317094981670379638671875,0.948393762111663818359375,0";
              2 = xpoint3:"0,0,1";
            }
            #0 = {
              scale = fixp:"1";
              name = str:"Bone18";
              translation = xpoint3:"58.38451385498046875,0,0";
              rotation = {
                0 = xpoint3:"0.060583591461181640625,-0.998163163661956787109375,0";
                1 = xpoint3:"0.998163163661956787109375,0.060583591461181640625,0";
                2 = xpoint3:"0,0,1";
              }
              #0 = {
                scale = fixp:"1";
                name = str:"Bone41";
                translation = xpoint3:"-19.6632900238037109375,-13.4904842376708984375,-4.969510555267333984375";
                rotation = {
                  0 = xpoint3:"0.04729114472866058349609375,0.803187847137451171875,0.593845784664154052734375";
                  1 = xpoint3:"0.0968414247035980224609375,-0.59539699554443359375,0.797573864459991455078125";
                  2 = xpoint3:"0.994175612926483154296875,0.019790709018707275390625,-0.10593880712985992431640625";
                }
                #0 = {
                  scale = fixp:"1";
                  name = str:"Bone42";
                  translation = xpoint3:"-29.4710483551025390625,0,0";
                  rotation = {
                    0 = xpoint3:"0.842726409435272216796875,0.53834211826324462890625,0";
                    1 = xpoint3:"-0.53834211826324462890625,0.842726409435272216796875,0";
                    2 = xpoint3:"0,0,1";
                  }
                }
                #1 = {
                  scale = fixp:"1";
                  name = str:"Bone44";
                  translation = xpoint3:"-29.471042633056640625,0,0";
                  rotation = {
                    0 = xpoint3:"0.938453197479248046875,-0.3454065024852752685546875,0";
                    1 = xpoint3:"0.3454065024852752685546875,0.938453137874603271484375,0";
                    2 = xpoint3:"0,0,1";
                  }
                }
              }
              #1 = {
                scale = fixp:"1";
                name = str:"Bone36";
                translation = xpoint3:"-19.6632823944091796875,-13.49049854278564453125,5.681235790252685546875";
                rotation = {
                  0 = xpoint3:"-0.047291100025177001953125,-0.80318748950958251953125,-0.59384644031524658203125";
                  1 = xpoint3:"-0.096841037273406982421875,0.59539759159088134765625,-0.797573566436767578125";
                  2 = xpoint3:"0.99417579174041748046875,0.019790589809417724609375,-0.1059385240077972412109375";
                }
                #0 = {
                  scale = fixp:"1";
                  name = str:"Bone37";
                  translation = xpoint3:"29.471042633056640625,0,0";
                  rotation = {
                    0 = xpoint3:"0.842726409435272216796875,0.53834211826324462890625,0";
                    1 = xpoint3:"-0.53834211826324462890625,0.842726409435272216796875,0";
                    2 = xpoint3:"0,0,1";
                  }
                }
                #1 = {
                  scale = fixp:"1";
                  name = str:"Bone39";
                  translation = xpoint3:"29.4710369110107421875,0,0";
                  rotation = {
                    0 = xpoint3:"0.938453197479248046875,-0.3454065024852752685546875,0";
                    1 = xpoint3:"0.3454065024852752685546875,0.938453137874603271484375,0";
                    2 = xpoint3:"0,0,1";
                  }
                }
              }
            }
          }
        }
        #1 = {
          scale = fixp:"1";
          name = str:"Bone32";
          translation = xpoint3:"78.16356658935546875,-54.9831390380859375,-26.30811309814453125";
          rotation = {
            0 = xpoint3:"-0.01359371840953826904296875,-0.99804782867431640625,0.047379009425640106201171875";
            1 = xpoint3:"0.9824008941650390625,-0.02198270149528980255126953125,-0.181444466114044189453125";
            2 = xpoint3:"0.1822984218597412109375,0.04397894442081451416015625,0.982246100902557373046875";
          }
          #0 = {
            scale = fixp:"1";
            name = str:"Bone33";
            translation = xpoint3:"-112.6365509033203125,0,0";
            rotation = {
              0 = xpoint3:"0.91417157649993896484375,-0.392723262310028076171875,0.0996706783771514892578125";
              1 = xpoint3:"0.38098657131195068359375,0.916909039020538330078125,0.118348710238933563232421875";
              2 = xpoint3:"-0.13789497315883636474609375,-0.070182882249355316162109375,0.98794829845428466796875";
            }
            #0 = {
              scale = fixp:"1";
              name = str:"Bone34";
              translation = xpoint3:"-94.645172119140625,0,0";
              rotation = {
                0 = xpoint3:"0.753028094768524169921875,-0.641481339931488037109375,-0.1452310085296630859375";
                1 = xpoint3:"0.653431951999664306640625,0.75482261180877685546875,0.0539783425629138946533203125";
                2 = xpoint3:"0.0749465525150299072265625,-0.13560502231121063232421875,0.987915337085723876953125";
              }
              #0 = {
                scale = fixp:"1";
                name = str:"Bone35";
                translation = xpoint3:"-83.7590179443359375,0,0";
                rotation = {
                  0 = xpoint3:"0.927437961101531982421875,0,-0.3738349378108978271484375";
                  1 = xpoint3:"-0.07253818213939666748046875,0.981471538543701171875,-0.1772709190845489501953125";
                  2 = xpoint3:"0.3667311370372772216796875,0.1915354430675506591796875,0.91032540798187255859375";
                }
              }
            }
          }
        }
        #2 = {
          scale = fixp:"1";
          name = str:"Bone01";
          translation = xpoint3:"78.16357421875,-54.98311614990234375,26.7147064208984375";
          rotation = {
            0 = xpoint3:"0.24846149981021881103515625,0.9680347442626953125,-0.0092091858386993408203125";
            1 = xpoint3:"-0.9649837017059326171875,0.24841783940792083740234375,0.07748715579509735107421875";
            2 = xpoint3:"0.077347435057163238525390625,-0.0103171169757843017578125,0.99694859981536865234375";
          }
          #0 = {
            scale = fixp:"1";
            name = str:"Bone02";
            translation = xpoint3:"112.636566162109375,0,0";
            rotation = {
              0 = xpoint3:"0.951664745807647705078125,-0.2912572920322418212890625,0.09712468087673187255859375";
              1 = xpoint3:"0.2824440896511077880859375,0.954541862010955810546875,0.094917096197605133056640625";
              2 = xpoint3:"-0.1203717291355133056640625,-0.062873713672161102294921875,0.9907290935516357421875";
            }
            #0 = {
              scale = fixp:"1";
              name = str:"Bone03";
              translation = xpoint3:"94.64519500732421875,0,0";
              rotation = {
                0 = xpoint3:"0.824909389019012451171875,-0.547835528850555419921875,-0.1383713781833648681640625";
                1 = xpoint3:"0.559960186481475830078125,0.825370132923126220703125,0.070393860340118408203125";
                2 = xpoint3:"0.0755977928638458251953125,-0.1355983316898345947265625,0.9878666400909423828125";
              }
            }
          }
        }
      }
      #1 = {
        scale = fixp:"1";
        name = str:"Bone20";
        translation = xpoint3:"-9.3793048858642578125,0.715902745723724365234375,0";
        rotation = {
          0 = xpoint3:"-0.90838086605072021484375,0.4181436598300933837890625,0";
          1 = xpoint3:"-0.4181436598300933837890625,-0.90838086605072021484375,0";
          2 = xpoint3:"0,0,1";
        }
        #0 = {
          scale = fixp:"1";
          name = str:"Bone21";
          translation = xpoint3:"74.58678436279296875,0,0";
          rotation = {
            0 = xpoint3:"0.798488080501556396484375,-0.602010667324066162109375,0";
            1 = xpoint3:"0.602010667324066162109375,0.798488080501556396484375,0";
            2 = xpoint3:"0,0,1";
          }
        }
        #1 = {
          scale = fixp:"1";
          name = str:"Bone23";
          translation = xpoint3:"59.842548370361328125,12.7066097259521484375,-46.788875579833984375";
          rotation = {
            0 = xpoint3:"-0.281314373016357421875,0.956581294536590576171875,-0.06288969516754150390625";
            1 = xpoint3:"-0.818877279758453369140625,-0.20558965206146240234375,0.5342502593994140625";
            2 = xpoint3:"0.49844038486480712890625,0.2023256719112396240234375,0.84284842014312744140625";
          }
          #0 = {
            scale = fixp:"1";
            name = str:"Bone24";
            translation = xpoint3:"-96.1032867431640625,0,0";
            rotation = {
              0 = xpoint3:"0.2054355442523956298828125,0.90137386322021484375,0.3796951770782470703125";
              1 = xpoint3:"-0.9022986888885498046875,0.324482977390289306640625,-0.282112896442413330078125";
              2 = xpoint3:"-0.3774921894073486328125,-0.2850539684295654296875,0.880948960781097412109375";
            }
            #0 = {
              scale = fixp:"1";
              name = str:"Bone25";
              translation = xpoint3:"-75.7717437744140625,0,0";
              rotation = {
                0 = xpoint3:"0.341350853443145751953125,-0.9176442623138427734375,-0.2011285722255706787109375";
                1 = xpoint3:"0.9380223751068115234375,0.3446512520313262939453125,0.019453696906566619873046875";
                2 = xpoint3:"0.051358960568904876708984375,-0.19543135166168212890625,0.979356348514556884765625";
              }
              #0 = {
                scale = fixp:"1";
                name = str:"Bone26";
                translation = xpoint3:"-102.3384552001953125,0,0";
                rotation = {
                  0 = xpoint3:"0.872460544109344482421875,-0.486552774906158447265625,-0.0435196124017238616943359375";
                  1 = xpoint3:"0.487470209598541259765625,0.872936427593231201171875,0.013056385330855846405029296875";
                  2 = xpoint3:"0.0316286049783229827880859375,-0.032619886100292205810546875,0.998966515064239501953125";
                }
                #0 = {
                  scale = fixp:"1";
                  name = str:"Bone27";
                  translation = xpoint3:"-84.59862518310546875,0,0";
                  rotation = {
                    0 = xpoint3:"1,0,0";
                    1 = xpoint3:"0,1,0";
                    2 = xpoint3:"0,0,1";
                  }
                }
              }
            }
          }
        }
        #2 = {
          scale = fixp:"1";
          name = str:"Bone09";
          translation = xpoint3:"59.842517852783203125,12.70661640167236328125,45.328521728515625";
          rotation = {
            0 = xpoint3:"0.18718515336513519287109375,-0.9754292964935302734375,0.1109948456287384033203125";
            1 = xpoint3:"0.8583126068115234375,0.107859976589679718017578125,-0.500370800495147705078125";
            2 = xpoint3:"0.4765307605266571044921875,0.18870411813259124755859375,0.85854756832122802734375";
          }
          #0 = {
            scale = fixp:"1";
            name = str:"Bone10";
            translation = xpoint3:"96.1032562255859375,0,0";
            rotation = {
              0 = xpoint3:"0.2144022285938262939453125,0.903488457202911376953125,0.369594573974609375";
              1 = xpoint3:"-0.901859104633331298828125,0.32822430133819580078125,-0.2791845798492431640625";
              2 = xpoint3:"-0.373552858829498291015625,-0.273865759372711181640625,0.886166274547576904296875";
            }
            #0 = {
              scale = fixp:"1";
              name = str:"Bone11";
              translation = xpoint3:"75.771759033203125,0,0";
              rotation = {
                0 = xpoint3:"0.3726664483547210693359375,-0.90492665767669677734375,-0.2032661736011505126953125";
                1 = xpoint3:"0.92527091503143310546875,0.3778499662876129150390625,0.014149792492389678955078125";
                2 = xpoint3:"0.063898481428623199462890625,-0.1934795379638671875,0.97900569438934326171875";
              }
              #0 = {
                scale = fixp:"1";
                name = str:"Bone12";
                translation = xpoint3:"102.3384857177734375,0,0";
                rotation = {
                  0 = xpoint3:"0.8869495391845703125,-0.459508419036865234375,-0.0448154695332050323486328125";
                  1 = xpoint3:"0.46046698093414306640625,0.88748228549957275390625,0.0134933553636074066162109375";
                  2 = xpoint3:"0.0335644595324993133544921875,-0.0326178483664989471435546875,0.998903334140777587890625";
                }
              }
            }
          }
        }
      }
      #2 = {
        scale = fixp:"1";
        name = str:"Bone28";
        translation = xpoint3:"12.66713809967041015625,-63.27325439453125,-56.918651580810546875";
        rotation = {
          0 = xpoint3:"0.23018322885036468505859375,-0.972551882266998291015625,-0.006433911621570587158203125";
          1 = xpoint3:"0.972286999225616455078125,0.230271041393280029296875,-0.0227197892963886260986328125";
          2 = xpoint3:"0.02359016425907611846923828125,-0.001043136231601238250732421875,0.999720990657806396484375";
        }
        #0 = {
          scale = fixp:"1";
          name = str:"Bone29";
          translation = xpoint3:"-111.629852294921875,0,0";
          rotation = {
            0 = xpoint3:"0.89372217655181884765625,-0.4326172769069671630859375,-0.11810494959354400634765625";
            1 = xpoint3:"0.4452047646045684814453125,0.887562811374664306640625,0.117736272513866424560546875";
            2 = xpoint3:"0.0538441874086856842041015625,-0.1578334867954254150390625,0.98598635196685791015625";
          }
          #0 = {
            scale = fixp:"1";
            name = str:"Bone30";
            translation = xpoint3:"-97.07049560546875,0,0";
            rotation = {
              0 = xpoint3:"0.77870655059814453125,-0.569505393505096435546875,-0.26259982585906982421875";
              1 = xpoint3:"0.591999351978302001953125,0.80572330951690673828125,0.008049003779888153076171875";
              2 = xpoint3:"0.20695848762989044189453125,-0.1618383228778839111328125,0.96484482288360595703125";
            }
          }
        }
      }
      #3 = {
        scale = fixp:"1";
        name = str:"Bone05";
        translation = xpoint3:"12.667156219482421875,-63.27324676513671875,55.585567474365234375";
        rotation = {
          0 = xpoint3:"-0.082203261554241180419921875,0.99582731723785400390625,0";
          1 = xpoint3:"-0.99279820919036865234375,-0.08195449411869049072265625,0.077877171337604522705078125";
          2 = xpoint3:"0.07761220633983612060546875,0.006418772041797637939453125,0.99696075916290283203125";
        }
        #0 = {
          scale = fixp:"1";
          name = str:"Bone06";
          translation = xpoint3:"111.62985992431640625,0,0";
          rotation = {
            0 = xpoint3:"0.921474397182464599609375,-0.3747664988040924072265625,-0.10159252583980560302734375";
            1 = xpoint3:"0.3856919109821319580078125,0.913657128810882568359375,0.1278559267520904541015625";
            2 = xpoint3:"0.04486344754695892333984375,-0.1570205390453338623046875,0.98656594753265380859375";
          }
          #0 = {
            scale = fixp:"1";
            name = str:"Bone07";
            translation = xpoint3:"97.07048797607421875,0,0";
            rotation = {
              0 = xpoint3:"0.8178703784942626953125,-0.51891040802001953125,-0.24810437858104705810546875";
              1 = xpoint3:"0.54267346858978271484375,0.839123785495758056640625,0.033813409507274627685546875";
              2 = xpoint3:"0.19060243666172027587890625,-0.1623879373073577880859375,0.968119084835052490234375";
            }
            #0 = {
              scale = fixp:"1";
              name = str:"Bone08";
              translation = xpoint3:"81.72788238525390625,0,0";
              rotation = {
                0 = xpoint3:"0.75496184825897216796875,0,-0.65549755096435546875";
                1 = xpoint3:"-0.2328376471996307373046875,0.93489873409271240234375,-0.2676872313022613525390625";
                2 = xpoint3:"0.61275088787078857421875,0.3547813594341278076171875,0.70586097240447998046875";
              }
            }
          }
        }
      }
    }
  }
}