model = {
  file = str:"data\models\units\unitplaceholder\unit.nif";
  animation = {
    loop = fixp:"0";
    duration = fixp:"18.03333282470703125";
  }
  #0 = {
    scale = fixp:"1";
    name = str:"ROOT";
    translation = xpoint3:"0,0,0";
    rotation = {
      0 = xpoint3:"1,0,0";
      1 = xpoint3:"0,1,0";
      2 = xpoint3:"0,0,1";
    }
    #3 = {
      scale = fixp:"1";
      name = str:"ROOT NonAccum";
      translation = xpoint3:"0,0,0";
      rotation = {
        0 = xpoint3:"1,0,0";
        1 = xpoint3:"0,1,0";
        2 = xpoint3:"0,0,1";
      }
      #0 = {
        scale = fixp:"1";
        name = str:"Bip01";
        translation = xpoint3:"-0.468767344951629638671875,-9.3773708343505859375,96.00295257568359375";
        rotation = {
          0 = xpoint3:"0.0054524005390703678131103515625,0.99920642375946044921875,-0.010666263289749622344970703125";
          1 = xpoint3:"-0.9990022182464599609375,0.0056947213597595691680908203125,0.0227909199893474578857421875";
          2 = xpoint3:"0.0228424109518527984619140625,0.0105555467307567596435546875,0.9996831417083740234375";
        }
        #0 = {
          scale = fixp:"1";
          name = str:"Bip01 Footsteps";
          translation = xpoint3:"-2.191870212554931640625,-1.01286971569061279296875,-95.85614013671875";
          rotation = {
            0 = xpoint3:"0.0047302977181971073150634765625,-0.9997274875640869140625,0.02285899408161640167236328125";
            1 = xpoint3:"0.999931871891021728515625,0.0049727945588529109954833984375,0.010563210584223270416259765625";
            2 = xpoint3:"-0.01067400537431240081787109375,0.0228074677288532257080078125,0.999682903289794921875";
          }
        }
        #1 = {
          scale = fixp:"1";
          name = str:"Bip01 Pelvis";
          translation = xpoint3:"0,0,0";
          rotation = {
            0 = xpoint3:"0,0.999274432659149169921875,0";
            1 = xpoint3:"0.039728343486785888671875,0,0.9984843730926513671875";
            2 = xpoint3:"0.998484432697296142578125,0,-0.039002835750579833984375";
          }
          #0 = {
            scale = fixp:"1";
            name = str:"Bip01 Spine";
            translation = xpoint3:"10.16955852508544921875,-0.01104509271681308746337890625,-0.3995434343814849853515625";
            rotation = {
              0 = xpoint3:"0.981981337070465087890625,-0.107617639005184173583984375,0.15525782108306884765625";
              1 = xpoint3:"0.031959705054759979248046875,0.904729366302490234375,0.4246233999729156494140625";
              2 = xpoint3:"-0.18618571758270263671875,-0.4120011031627655029296875,0.8918704986572265625";
            }
            #0 = {
              scale = fixp:"1";
              name = str:"Bip01 Spine1";
              translation = xpoint3:"15.33789825439453125,-0.0122089684009552001953125,0";
              rotation = {
                0 = xpoint3:"0.99949848651885986328125,0.02316095493733882904052734375,0.02157940156757831573486328125";
                1 = xpoint3:"-0.02350177057087421417236328125,0.99960076808929443359375,0.015664316713809967041015625";
                2 = xpoint3:"-0.02120771817862987518310546875,-0.0161639787256717681884765625,0.99964416027069091796875";
              }
              #0 = {
                scale = fixp:"1";
                name = str:"Bip01 Spine2";
                translation = xpoint3:"15.33742427825927734375,-0.015792548656463623046875,0";
                rotation = {
                  0 = xpoint3:"0.997994482517242431640625,0.0459519661962985992431640625,0.04350340366363525390625";
                  1 = xpoint3:"-0.0473147965967655181884765625,0.998403608798980712890625,0.0308092534542083740234375";
                  2 = xpoint3:"-0.0420171320438385009765625,-0.032807268202304840087890625,0.998577058315277099609375";
                }
                #0 = {
                  scale = fixp:"1";
                  name = str:"Bip01 Neck";
                  translation = xpoint3:"19.8644618988037109375,-0.0062771285884082317352294921875,0";
                  rotation = {
                    0 = xpoint3:"0.985484063625335693359375,0.16800628602504730224609375,-0.023959018290042877197265625";
                    1 = xpoint3:"-0.16688783466815948486328125,0.985034644603729248046875,0.0428192727267742156982421875";
                    2 = xpoint3:"0.0307993330061435699462890625,-0.0381958894431591033935546875,0.998794615268707275390625";
                  }
                  #0 = {
                    scale = fixp:"1";
                    name = str:"Bip01 Head";
                    translation = xpoint3:"8.00298213958740234375,0,0";
                    rotation = {
                      0 = xpoint3:"0.976649343967437744140625,-0.196011245250701904296875,-0.0877595841884613037109375";
                      1 = xpoint3:"0.1255659759044647216796875,0.852785527706146240234375,-0.5067310333251953125";
                      2 = xpoint3:"0.17422783374786376953125,0.4838623106479644775390625,0.857505142688751220703125";
                    }
                    #0 = {
                      scale = fixp:"1";
                      name = str:"pt_head";
                      translation = xpoint3:"10.70595455169677734375,9.8436450958251953125,0.14820854365825653076171875";
                      rotation = {
                        0 = xpoint3:"-0.010236472822725772857666015625,0.0226539783179759979248046875,0.999690949916839599609375";
                        1 = xpoint3:"-0.0430195815861225128173828125,-0.9988276958465576171875,0.0221939124166965484619140625";
                        2 = xpoint3:"0.999021828174591064453125,-0.0427790991961956024169921875,0.011199026368558406829833984375";
                      }
                    }
                  }
                  #1 = {
                    scale = fixp:"1";
                    name = str:"Bip01 L Clavicle";
                    translation = xpoint3:"-7.259398937225341796875,-1.55408084392547607421875,7.71828937530517578125";
                    rotation = {
                      0 = xpoint3:"-0.064232043921947479248046875,0.1517032682895660400390625,0.98555362224578857421875";
                      1 = xpoint3:"-0.3220374286174774169921875,-0.93718516826629638671875,0.12314434349536895751953125";
                      2 = xpoint3:"0.94372761249542236328125,-0.309610664844512939453125,0.110583968460559844970703125";
                    }
                    #0 = {
                      scale = fixp:"1";
                      name = str:"Bip01 L UpperArm";
                      translation = xpoint3:"14.83709239959716796875,0,0";
                      rotation = {
                        0 = xpoint3:"0.06135253608226776123046875,0.70561945438385009765625,0.7049643993377685546875";
                        1 = xpoint3:"-0.157875716686248779296875,0.70487654209136962890625,-0.69122791290283203125";
                        2 = xpoint3:"-0.98485982418060302734375,-0.0694401562213897705078125,0.1549281775951385498046875";
                      }
                      #0 = {
                        scale = fixp:"1";
                        name = str:"Bip01 L Forearm";
                        translation = xpoint3:"28.948261260986328125,0,0";
                        rotation = {
                          0 = xpoint3:"0.395279228687286376953125,0.918083250522613525390625,0";
                          1 = xpoint3:"-0.918083250522613525390625,0.395279228687286376953125,0";
                          2 = xpoint3:"0,0,1";
                        }
                        #0 = {
                          scale = fixp:"1";
                          name = str:"Bip01 L Hand";
                          translation = xpoint3:"23.4047393798828125,0,0";
                          rotation = {
                            0 = xpoint3:"0.9820573329925537109375,-0.18225203454494476318359375,0.048182733356952667236328125";
                            1 = xpoint3:"-0.15424598753452301025390625,-0.922385752201080322265625,-0.3501758575439453125";
                            2 = xpoint3:"0.108376927673816680908203125,0.3364508152008056640625,-0.933942735195159912109375";
                          }
                          #0 = {
                            scale = fixp:"1";
                            name = str:"pt_hand";
                            translation = xpoint3:"10.21190357208251953125,5.478981494903564453125,0";
                            rotation = {
                              0 = xpoint3:"1,0,0";
                              1 = xpoint3:"0,1,0";
                              2 = xpoint3:"0,0,1";
                            }
                          }
                        }
                      }
                    }
                  }
                  #2 = {
                    scale = fixp:"1";
                    name = str:"Bip01 R Clavicle";
                    translation = xpoint3:"-7.724500179290771484375,-0.977255880832672119140625,-7.35326385498046875";
                    rotation = {
                      0 = xpoint3:"0.1392258703708648681640625,0.1388413608074188232421875,-0.97984182834625244140625";
                      1 = xpoint3:"0.4657949507236480712890625,-0.881365954875946044921875,-0.05915044248104095458984375";
                      2 = xpoint3:"-0.8731563091278076171875,-0.448538482189178466796875,-0.1862515509128570556640625";
                    }
                    #0 = {
                      scale = fixp:"1";
                      name = str:"Bip01 R UpperArm";
                      translation = xpoint3:"14.83709239959716796875,0,0";
                      rotation = {
                        0 = xpoint3:"0.705012261867523193359375,0.57084524631500244140625,-0.42031574249267578125";
                        1 = xpoint3:"-0.0701476037502288818359375,0.646425902843475341796875,0.759407520294189453125";
                        2 = xpoint3:"0.7054140567779541015625,-0.50572335720062255859375,0.49588644504547119140625";
                      }
                      #0 = {
                        scale = fixp:"1";
                        name = str:"Bip01 R Forearm";
                        translation = xpoint3:"28.948253631591796875,0,0";
                        rotation = {
                          0 = xpoint3:"-0.04704391956329345703125,0.99813187122344970703125,0";
                          1 = xpoint3:"-0.99813187122344970703125,-0.04704391956329345703125,0";
                          2 = xpoint3:"0,0,1";
                        }
                        #0 = {
                          scale = fixp:"1";
                          name = str:"Bip01 R Hand";
                          translation = xpoint3:"23.4047393798828125,0,0";
                          rotation = {
                            0 = xpoint3:"0.999213159084320068359375,0.006036152131855487823486328125,-0.0391855724155902862548828125";
                            1 = xpoint3:"-0.0359241254627704620361328125,-0.2794029414653778076171875,-0.958533585071563720703125";
                            2 = xpoint3:"-0.0167750231921672821044921875,0.959187567234039306640625,-0.27896535396575927734375";
                          }
                          #0 = {
                            scale = fixp:"1";
                            name = str:"Bone_Gun";
                            translation = xpoint3:"6.052103519439697265625,-3.27648162841796875,10.72278594970703125";
                            rotation = {
                              0 = xpoint3:"0.880793869495391845703125,-0.20765481889247894287109375,-0.4255369007587432861328125";
                              1 = xpoint3:"0.36717307567596435546875,0.8669910430908203125,0.336913049221038818359375";
                              2 = xpoint3:"0.2989750802516937255859375,-0.45299661159515380859375,0.839885652065277099609375";
                            }
                            #0 = {
                              scale = fixp:"1";
                              name = str:"pt_shoot_1";
                              translation = xpoint3:"57.695079803466796875,-1.04670441150665283203125,4.035434246063232421875";
                              rotation = {
                                0 = xpoint3:"0.999780595302581787109375,0.004767741076648235321044921875,-0.02039731852710247039794921875";
                                1 = xpoint3:"-0.0047436989843845367431640625,0.999988019466400146484375,0.00122689642012119293212890625";
                                2 = xpoint3:"0.02040292136371135711669921875,-0.00112986867316067218780517578125,0.999791204929351806640625";
                              }
                            }
                          }
                          #1 = {
                            scale = fixp:"1";
                            name = str:"pt_hand@#0";
                            translation = xpoint3:"6.118659496307373046875,2.9566471576690673828125,0";
                            rotation = {
                              0 = xpoint3:"1,0,0";
                              1 = xpoint3:"0,1,0";
                              2 = xpoint3:"0,0,1";
                            }
                          }
                          #2 = {
                            scale = fixp:"1";
                            name = str:"pt_tools";
                            translation = xpoint3:"0,0,0";
                            rotation = {
                              0 = xpoint3:"1,0,0";
                              1 = xpoint3:"0,1,0";
                              2 = xpoint3:"0,0,1";
                            }
                            #0 = {
                              scale = fixp:"1";
                              name = str:"Bone_kluch";
                              translation = xpoint3:"8.2605152130126953125,5.910729885101318359375,-0.07250051200389862060546875";
                              rotation = {
                                0 = xpoint3:"0.3579149544239044189453125,0.0242702066898345947265625,-0.933438777923583984375";
                                1 = xpoint3:"-0.2308438122272491455078125,0.970931589603424072265625,-0.06326901912689208984375";
                                2 = xpoint3:"0.9047696590423583984375,0.238123476505279541015625,0.3531135618686676025390625";
                              }
                            }
                            #1 = {
                              scale = fixp:"1";
                              name = str:"Bone_hammer";
                              translation = xpoint3:"8.3441925048828125,6.524526119232177734375,-1.5259635448455810546875";
                              rotation = {
                                0 = xpoint3:"0.12581171095371246337890625,-0.67221224308013916015625,0.72959029674530029296875";
                                1 = xpoint3:"-0.07632744312286376953125,-0.73981297016143798828125,-0.668468952178955078125";
                                2 = xpoint3:"0.98911345005035400390625,0.02841341495513916015625,-0.14438532292842864990234375";
                              }
                            }
                          }
                        }
                      }
                    }
                  }
                }
              }
              #1 = {
                scale = fixp:"1";
                name = str:"pt_chest";
                translation = xpoint3:"15.30790424346923828125,11.6126880645751953125,0.0395823083817958831787109375";
                rotation = {
                  0 = xpoint3:"0,0.08126340806484222412109375,0.996692717075347900390625";
                  1 = xpoint3:"0,-0.99669277667999267578125,0.081263415515422821044921875";
                  2 = xpoint3:"1,0,0";
                }
              }
              #2 = {
                scale = fixp:"1";
                name = str:"pt_charge01";
                translation = xpoint3:"48.528903961181640625,-2.8760473728179931640625,-32.804229736328125";
                rotation = {
                  0 = xpoint3:"0,0.08126340806484222412109375,0.996692717075347900390625";
                  1 = xpoint3:"0,-0.99669277667999267578125,0.081263415515422821044921875";
                  2 = xpoint3:"1,0,0";
                }
              }
              #3 = {
                scale = fixp:"1";
                name = str:"pt_charge02";
                translation = xpoint3:"42.022388458251953125,-3.2897727489471435546875,35.180606842041015625";
                rotation = {
                  0 = xpoint3:"0,0.08126340806484222412109375,0.996692717075347900390625";
                  1 = xpoint3:"0,-0.99669277667999267578125,0.081263415515422821044921875";
                  2 = xpoint3:"1,0,0";
                }
              }
            }
            #1 = {
              scale = fixp:"1";
              name = str:"Bip01 L Thigh";
              translation = xpoint3:"-12.0877895355224609375,-3.546077728271484375,8.48527240753173828125";
              rotation = {
                0 = xpoint3:"-0.97777688503265380859375,0.20262964069843292236328125,0.004855878651142120361328125";
                1 = xpoint3:"0.15266199409961700439453125,0.72176229953765869140625,0.674796044826507568359375";
                2 = xpoint3:"0.1333291530609130859375,0.661510884761810302734375,-0.7362792491912841796875";
              }
              #0 = {
                scale = fixp:"1";
                name = str:"Bip01 L Calf";
                translation = xpoint3:"44.24474334716796875,0,0";
                rotation = {
                  0 = xpoint3:"0.88501071929931640625,0.4653913676738739013671875,0";
                  1 = xpoint3:"-0.4653913676738739013671875,0.88501071929931640625,0";
                  2 = xpoint3:"0,0,1";
                }
                #0 = {
                  scale = fixp:"1";
                  name = str:"Bip01 L Foot";
                  translation = xpoint3:"44.24474334716796875,0,0";
                  rotation = {
                    0 = xpoint3:"0.965282976627349853515625,-0.2361856997013092041015625,-0.11133165657520294189453125";
                    1 = xpoint3:"0.2368771135807037353515625,0.971491754055023193359375,-0.0071814418770372867584228515625";
                    2 = xpoint3:"0.10985286533832550048828125,-0.01945913024246692657470703125,0.993752777576446533203125";
                  }
                  #0 = {
                    scale = fixp:"1";
                    name = str:"pt_footprint01";
                    translation = xpoint3:"11.1510829925537109375,9.6049652099609375,0.06370151042938232421875";
                    rotation = {
                      0 = xpoint3:"1,0,0";
                      1 = xpoint3:"0,1,0";
                      2 = xpoint3:"0,0,1";
                    }
                  }
                  #1 = {
                    scale = fixp:"1";
                    name = str:"pt_foot";
                    translation = xpoint3:"6.20155620574951171875,3.1871130466461181640625,0.06370200216770172119140625";
                    rotation = {
                      0 = xpoint3:"1,0,0";
                      1 = xpoint3:"0,1,0";
                      2 = xpoint3:"0,0,1";
                    }
                  }
                }
              }
            }
            #2 = {
              scale = fixp:"1";
              name = str:"Bip01 R Thigh";
              translation = xpoint3:"-8.03274440765380859375,5.427041530609130859375,-10.92336368560791015625";
              rotation = {
                0 = xpoint3:"-0.9189300537109375,0.3511749207973480224609375,0.17163574695587158203125";
                1 = xpoint3:"0.2838263213634490966796875,0.90238416194915771484375,-0.3240428864955902099609375";
                2 = xpoint3:"-0.2687475681304931640625,-0.24947418272495269775390625,-0.92883694171905517578125";
              }
              #0 = {
                scale = fixp:"1";
                name = str:"Bip01 R Calf";
                translation = xpoint3:"44.244739532470703125,0,0";
                rotation = {
                  0 = xpoint3:"0.89913499355316162109375,0.4375042021274566650390625,0";
                  1 = xpoint3:"-0.4375042021274566650390625,0.89913499355316162109375,0";
                  2 = xpoint3:"0,0,1";
                }
                #0 = {
                  scale = fixp:"1";
                  name = str:"Bip01 R Foot";
                  translation = xpoint3:"44.24472808837890625,0,0";
                  rotation = {
                    0 = xpoint3:"0.978452026844024658203125,-0.18752400577068328857421875,0.086226880550384521484375";
                    1 = xpoint3:"0.20061458647251129150390625,0.962284982204437255859375,-0.1835937201976776123046875";
                    2 = xpoint3:"-0.04851923882961273193359375,0.1969456970691680908203125,0.979197680950164794921875";
                  }
                  #0 = {
                    scale = fixp:"1";
                    name = str:"pt_footprint02";
                    translation = xpoint3:"12.31581974029541015625,9.60496807098388671875,0.061258085072040557861328125";
                    rotation = {
                      0 = xpoint3:"1,0,0";
                      1 = xpoint3:"0,1,0";
                      2 = xpoint3:"0,0,1";
                    }
                  }
                  #1 = {
                    scale = fixp:"1";
                    name = str:"pt_foot@#1";
                    translation = xpoint3:"6.425977230072021484375,1.93690502643585205078125,0.0612584017217159271240234375";
                    rotation = {
                      0 = xpoint3:"1,0,0";
                      1 = xpoint3:"0,1,0";
                      2 = xpoint3:"0,0,1";
                    }
                  }
                }
              }
            }
          }
        }
        #2 = {
          scale = fixp:"1";
          name = str:"pt_center";
          translation = xpoint3:"1.538790225982666015625,-0.3074400424957275390625,14.38099765777587890625";
          rotation = {
            0 = xpoint3:"0,-0.9994127750396728515625,0.0342669300734996795654296875";
            1 = xpoint3:"1,0,0";
            2 = xpoint3:"0,0.03426693379878997802734375,0.999412715435028076171875";
          }
        }
        #3 = {
          scale = fixp:"1";
          name = str:"pt_cast";
          translation = xpoint3:"69.90627288818359375,-0.307531535625457763671875,11.83662891387939453125";
          rotation = {
            0 = xpoint3:"0,-0.9994127750396728515625,0.0342669300734996795654296875";
            1 = xpoint3:"1,0,0";
            2 = xpoint3:"0,0.03426693379878997802734375,0.999412715435028076171875";
          }
        }
      }
      #1 = {
        scale = fixp:"1";
        name = str:"pt_ground";
        translation = xpoint3:"0,-2.702612400054931640625,0";
        rotation = {
          0 = xpoint3:"1,0,0";
          1 = xpoint3:"0,1,0";
          2 = xpoint3:"0,0,1";
        }
      }
      #2 = {
        scale = fixp:"1";
        name = str:"pt_top";
        translation = xpoint3:"0.2308788001537322998046875,-2.094110965728759765625,196.391021728515625";
        rotation = {
          0 = xpoint3:"0.9999825954437255859375,-0.005304113961756229400634765625,-0.00258412328548729419708251953125";
          1 = xpoint3:"0.00527425296604633331298828125,0.999920785427093505859375,-0.011428349651396274566650390625";
          2 = xpoint3:"0.00264453585259616374969482421875,0.011414521373808383941650390625,0.99993133544921875";
        }
      }
      #3 = {
        scale = fixp:"1";
        name = str:"pt_aim";
        translation = xpoint3:"0,-59.591236114501953125,68.24156951904296875";
        rotation = {
          0 = xpoint3:"1,0,0";
          1 = xpoint3:"0,1,0";
          2 = xpoint3:"0,0,1";
        }
      }
    }
  }
  #1 = {
    scale = fixp:"1";
    name = str:"Unit";
    translation = xpoint3:"-1.105185031890869140625,8.04535961151123046875,132.5423431396484375";
    rotation = {
      0 = xpoint3:"1,0,0";
      1 = xpoint3:"0,0,-0.999999940395355224609375";
      2 = xpoint3:"0,0.999999940395355224609375,0";
    }
  }
  #2 = {
    scale = fixp:"1";
    name = str:"gun";
    translation = xpoint3:"-36.516979217529296875,-63.439090728759765625,103.67333221435546875";
    rotation = {
      0 = xpoint3:"0.275698959827423095703125,0.0731649100780487060546875,0.958455502986907958984375";
      1 = xpoint3:"-0.68421173095703125,0.71528339385986328125,0.1422108709812164306640625";
      2 = xpoint3:"-0.675162494182586669921875,-0.69499385356903076171875,0.24726317822933197021484375";
    }
  }
  #3 = {
    scale = fixp:"1";
    name = str:"Tool_hammer";
    translation = xpoint3:"0,0,3.305858612060546875";
    rotation = {
      0 = xpoint3:"1,0,0";
      1 = xpoint3:"0,1,0";
      2 = xpoint3:"0,0,1";
    }
  }
  #4 = {
    scale = fixp:"1";
    name = str:"Tool_Kluch";
    translation = xpoint3:"0,0,0";
    rotation = {
      0 = xpoint3:"1,0,0";
      1 = xpoint3:"0,-0.0041930675506591796875,-0.9999911785125732421875";
      2 = xpoint3:"0,0.9999911785125732421875,-0.0041930675506591796875";
    }
  }
}