model = {
  file = str:"data\models\units\priest\priest.nif";
  animation = {
    loop = fixp:"0";
    duration = fixp:"11.66666698455810546875";
  }
  #0 = {
    scale = fixp:"1";
    name = str:"ROOT";
    translation = xpoint3:"0,0,0";
    rotation = {
      0 = xpoint3:"1,0,0";
      1 = xpoint3:"0,1,0";
      2 = xpoint3:"0,0,1";
    }
    #3 = {
      scale = fixp:"1";
      name = str:"ROOT NonAccum";
      translation = xpoint3:"0,0,0";
      rotation = {
        0 = xpoint3:"1,0,0";
        1 = xpoint3:"0,1,0";
        2 = xpoint3:"0,0,1";
      }
      #0 = {
        scale = fixp:"1";
        name = str:"Bip01";
        translation = xpoint3:"-0.4697139263153076171875,-15.635265350341796875,109.86737060546875";
        rotation = {
          0 = xpoint3:"0.0054524005390703678131103515625,0.99920642375946044921875,-0.01066626049578189849853515625";
          1 = xpoint3:"-0.9990022182464599609375,0.0056947213597595691680908203125,0.02279092185199260711669921875";
          2 = xpoint3:"0.02284240908920764923095703125,0.01055554486811161041259765625,0.9996831417083740234375";
        }
        #0 = {
          scale = fixp:"1";
          name = str:"Bip01 Footsteps";
          translation = xpoint3:"-2.3123357295989990234375,-1.0685374736785888671875,-101.12444305419921875";
          rotation = {
            0 = xpoint3:"0.0047302977181971073150634765625,-0.9997274875640869140625,0.02285899035632610321044921875";
            1 = xpoint3:"0.999931871891021728515625,0.0049727945588529109954833984375,0.010563208721578121185302734375";
            2 = xpoint3:"-0.010674002580344676971435546875,0.02280746586620807647705078125,0.999682903289794921875";
          }
        }
        #1 = {
          scale = fixp:"1";
          name = str:"Bip01 Pelvis";
          translation = xpoint3:"0.21589265763759613037109375,0,0.0174429975450038909912109375";
          rotation = {
            0 = xpoint3:"0,0.999274432659149169921875,0";
            1 = xpoint3:"0.039728343486785888671875,0,0.9984843730926513671875";
            2 = xpoint3:"0.998484432697296142578125,0,-0.039002835750579833984375";
          }
          #0 = {
            scale = fixp:"1";
            name = str:"Bip01 Spine";
            translation = xpoint3:"12.046382904052734375,0.42080247402191162109375,-0.4795958697795867919921875";
            rotation = {
              0 = xpoint3:"0.98787915706634521484375,-0.1281460821628570556640625,0.08749727904796600341796875";
              1 = xpoint3:"0.1297370493412017822265625,0.9914608001708984375,-0.01270400546491146087646484375";
              2 = xpoint3:"-0.08512042462825775146484375,0.02390979044139385223388671875,0.996080875396728515625";
            }
            #0 = {
              scale = fixp:"1";
              name = str:"Bip01 Spine1";
              translation = xpoint3:"19.067813873291015625,-0.0191341154277324676513671875,0.001543439924716949462890625";
              rotation = {
                0 = xpoint3:"0.967166244983673095703125,0.24159656465053558349609375,0.078567661345005035400390625";
                1 = xpoint3:"-0.24652941524982452392578125,0.9672195911407470703125,0.060513548552989959716796875";
                2 = xpoint3:"-0.061359830200672149658203125,-0.077908523380756378173828125,0.9950668811798095703125";
              }
              #0 = {
                scale = fixp:"1";
                name = str:"Bip01 Neck";
                translation = xpoint3:"24.7661342620849609375,-2.4221532344818115234375,0";
                rotation = {
                  0 = xpoint3:"0.983898818492889404296875,-0.17682731151580810546875,-0.02553039230406284332275390625";
                  1 = xpoint3:"0.1780841052532196044921875,0.982132136821746826171875,0.060635291039943695068359375";
                  2 = xpoint3:"0.01434412784874439239501953125,-0.064208142459392547607421875,0.997831881046295166015625";
                }
                #0 = {
                  scale = fixp:"1";
                  name = str:"Bip01 Head";
                  translation = xpoint3:"14.17561054229736328125,0,0";
                  rotation = {
                    0 = xpoint3:"0.9906499385833740234375,0.0572374500334262847900390625,-0.123786263167858123779296875";
                    1 = xpoint3:"-0.06852401793003082275390625,0.9936797618865966796875,-0.08885820209980010986328125";
                    2 = xpoint3:"0.117913626134395599365234375,0.09651525318622589111328125,0.988313853740692138671875";
                  }
                  #0 = {
                    scale = fixp:"1";
                    name = str:"pt_head";
                    translation = xpoint3:"10.36205577850341796875,0.361117422580718994140625,0.148162841796875";
                    rotation = {
                      0 = xpoint3:"-0.010236823000013828277587890625,0.0226539559662342071533203125,0.999690949916839599609375";
                      1 = xpoint3:"-0.0430194623768329620361328125,-0.9988276958465576171875,0.0221938751637935638427734375";
                      2 = xpoint3:"0.9990217685699462890625,-0.0427789725363254547119140625,0.01119938306510448455810546875";
                    }
                  }
                }
                #1 = {
                  scale = fixp:"1";
                  name = str:"Bip01 L Clavicle";
                  translation = xpoint3:"0.16534729301929473876953125,-1.21027338504791259765625,6.146674633026123046875";
                  rotation = {
                    0 = xpoint3:"-0.123834751546382904052734375,-0.178396046161651611328125,0.975299417972564697265625";
                    1 = xpoint3:"-0.0103948116302490234375,-0.98195135593414306640625,-0.18107305467128753662109375";
                    2 = xpoint3:"0.991426289081573486328125,-0.0327163040637969970703125,0.121361233294010162353515625";
                  }
                  #0 = {
                    scale = fixp:"1";
                    name = str:"Bip01 L UpperArm";
                    translation = xpoint3:"15.4992465972900390625,0,0";
                    rotation = {
                      0 = xpoint3:"0.524043500423431396484375,0.09419678151607513427734375,0.846058368682861328125";
                      1 = xpoint3:"0.469414532184600830078125,0.79729950428009033203125,-0.379037380218505859375";
                      2 = xpoint3:"-0.710167407989501953125,0.5959415435791015625,0.3736402094364166259765625";
                    }
                    #0 = {
                      scale = fixp:"1";
                      name = str:"Bip01 L Forearm";
                      translation = xpoint3:"29.251049041748046875,0,0";
                      rotation = {
                        0 = xpoint3:"0.9073832035064697265625,0.420144379138946533203125,0";
                        1 = xpoint3:"-0.420144379138946533203125,0.9073832035064697265625,0";
                        2 = xpoint3:"0,0,1";
                      }
                      #0 = {
                        scale = fixp:"1";
                        name = str:"Bip01 L Hand";
                        translation = xpoint3:"25.97101593017578125,0,0";
                        rotation = {
                          0 = xpoint3:"0.8896815776824951171875,-0.446522653102874755859375,-0.09446741640567779541015625";
                          1 = xpoint3:"-0.10512559115886688232421875,-0.400866210460662841796875,0.908967554569244384765625";
                          2 = xpoint3:"-0.444134235382080078125,-0.798680722713470458984375,-0.403506100177764892578125";
                        }
                        #0 = {
                          scale = fixp:"1";
                          name = str:"Bip01 L Finger0";
                          translation = xpoint3:"5.62452602386474609375,0.3710621893405914306640625,-3.686107158660888671875";
                          rotation = {
                            0 = xpoint3:"0.86357629299163818359375,0.4540180861949920654296875,0.218873500823974609375";
                            1 = xpoint3:"0.2779001295566558837890625,-0.06580232083797454833984375,-0.957546412944793701171875";
                            2 = xpoint3:"-0.42048728466033935546875,0.887688696384429931640625,-0.18298305571079254150390625";
                          }
                          #0 = {
                            scale = fixp:"1";
                            name = str:"Bip01 L Finger01";
                            translation = xpoint3:"5.750789165496826171875,0,0";
                            rotation = {
                              0 = xpoint3:"0.9785311222076416015625,-0.2060236036777496337890625,0";
                              1 = xpoint3:"0.2060236036777496337890625,0.9785311222076416015625,0";
                              2 = xpoint3:"0,0,1";
                            }
                          }
                        }
                        #1 = {
                          scale = fixp:"1";
                          name = str:"Bip01 L Finger1";
                          translation = xpoint3:"9.9357929229736328125,0.3352503478527069091796875,0";
                          rotation = {
                            0 = xpoint3:"0.98987495899200439453125,-0.074221231043338775634765625,-0.120930135250091552734375";
                            1 = xpoint3:"0.097139872610569000244140625,0.9757339954376220703125,0.19614233076572418212890625";
                            2 = xpoint3:"0.10342501103878021240234375,-0.20591060817241668701171875,0.9730699062347412109375";
                          }
                          #0 = {
                            scale = fixp:"1";
                            name = str:"Bip01 L Finger11";
                            translation = xpoint3:"5.30878543853759765625,0,0";
                            rotation = {
                              0 = xpoint3:"0.8979141712188720703125,-0.44000232219696044921875,0";
                              1 = xpoint3:"0.44000232219696044921875,0.8979141712188720703125,0";
                              2 = xpoint3:"0,0,1";
                            }
                          }
                        }
                        #2 = {
                          scale = fixp:"1";
                          name = str:"pt_hand";
                          translation = xpoint3:"10.2119045257568359375,5.4789886474609375,0";
                          rotation = {
                            0 = xpoint3:"1,0,0";
                            1 = xpoint3:"0,1,0";
                            2 = xpoint3:"0,0,1";
                          }
                        }
                      }
                    }
                  }
                }
                #2 = {
                  scale = fixp:"1";
                  name = str:"Bip01 R Clavicle";
                  translation = xpoint3:"-0.013048076070845127105712890625,-0.4116545617580413818359375,-6.254769802093505859375";
                  rotation = {
                    0 = xpoint3:"0.08609814941883087158203125,-0.17268164455890655517578125,-0.9805314540863037109375";
                    1 = xpoint3:"-0.15043614804744720458984375,-0.974342405796051025390625,0.15862135589122772216796875";
                    2 = xpoint3:"-0.9841899871826171875,0.13406272232532501220703125,-0.10857532918453216552734375";
                  }
                  #0 = {
                    scale = fixp:"1";
                    name = str:"Bip01 R UpperArm";
                    translation = xpoint3:"15.49924945831298828125,0,0";
                    rotation = {
                      0 = xpoint3:"0.4856872856616973876953125,0.1842463910579681396484375,-0.854057788848876953125";
                      1 = xpoint3:"0.1276576220989227294921875,0.952103137969970703125,0.27772939205169677734375";
                      2 = xpoint3:"0.86432921886444091796875,-0.24389207363128662109375,0.43890476226806640625";
                    }
                    #0 = {
                      scale = fixp:"1";
                      name = str:"Bip01 R Forearm";
                      translation = xpoint3:"29.251049041748046875,0,0";
                      rotation = {
                        0 = xpoint3:"0.313800334930419921875,0.948964536190032958984375,0";
                        1 = xpoint3:"-0.948964536190032958984375,0.313800334930419921875,0";
                        2 = xpoint3:"0,0,1";
                      }
                      #0 = {
                        scale = fixp:"1";
                        name = str:"Bip01 R Hand";
                        translation = xpoint3:"25.9710330963134765625,0,0";
                        rotation = {
                          0 = xpoint3:"0.979238033294677734375,0.01630507409572601318359375,-0.2019825279712677001953125";
                          1 = xpoint3:"-0.1471710205078125,-0.62677562236785888671875,-0.76363098621368408203125";
                          2 = xpoint3:"-0.13929641246795654296875,0.77751255035400390625,-0.61133658885955810546875";
                        }
                        #0 = {
                          scale = fixp:"1";
                          name = str:"Bip01 R Finger0";
                          translation = xpoint3:"5.42457675933837890625,0.666752278804779052734375,3.711269378662109375";
                          rotation = {
                            0 = xpoint3:"0.11581565439701080322265625,0.451757609844207763671875,-0.883865773677825927734375";
                            1 = xpoint3:"0.796062529087066650390625,0.4902368485927581787109375,0.35385382175445556640625";
                            2 = xpoint3:"0.592948615550994873046875,-0.74487793445587158203125,-0.302784025669097900390625";
                          }
                          #0 = {
                            scale = fixp:"1";
                            name = str:"Bip01 R Finger01";
                            translation = xpoint3:"5.750787258148193359375,0,0";
                            rotation = {
                              0 = xpoint3:"0.6109335422515869140625,-0.79132521152496337890625,0";
                              1 = xpoint3:"0.79132521152496337890625,0.6109335422515869140625,0";
                              2 = xpoint3:"0,0,1";
                            }
                          }
                        }
                        #1 = {
                          scale = fixp:"1";
                          name = str:"Bip01 R Finger1";
                          translation = xpoint3:"9.93579387664794921875,0.335249423980712890625,0";
                          rotation = {
                            0 = xpoint3:"0.537642419338226318359375,-0.817140877246856689453125,-0.2062778174877166748046875";
                            1 = xpoint3:"0.811525523662567138671875,0.56799304485321044921875,-0.134845912456512451171875";
                            2 = xpoint3:"0.2273677885532379150390625,-0.09506763517856597900390625,0.969134271144866943359375";
                          }
                          #0 = {
                            scale = fixp:"1";
                            name = str:"Bip01 R Finger11";
                            translation = xpoint3:"5.308786869049072265625,0,0";
                            rotation = {
                              0 = xpoint3:"-0.115861415863037109375,-0.99244987964630126953125,0";
                              1 = xpoint3:"0.99244987964630126953125,-0.115861415863037109375,0";
                              2 = xpoint3:"0,0,1";
                            }
                          }
                        }
                        #2 = {
                          scale = fixp:"1";
                          name = str:"bone_staff";
                          translation = xpoint3:"16.02666473388671875,-7.831409454345703125,-122.58332061767578125";
                          rotation = {
                            0 = xpoint3:"-0.06746353209018707275390625,0.22384929656982421875,0.972286045551300048828125";
                            1 = xpoint3:"0.08600127696990966796875,-0.969574451446533203125,0.22919233143329620361328125";
                            2 = xpoint3:"0.994008243083953857421875,0.09907995164394378662109375,0.04615961015224456787109375";
                          }
                        }
                      }
                    }
                  }
                }
              }
              #1 = {
                scale = fixp:"1";
                name = str:"pt_chest";
                translation = xpoint3:"15.29941272735595703125,0.956357479095458984375,0.0395509861409664154052734375";
                rotation = {
                  0 = xpoint3:"0,0.08126424252986907958984375,0.996692597866058349609375";
                  1 = xpoint3:"0,-0.996692597866058349609375,0.08126424252986907958984375";
                  2 = xpoint3:"1,0,0";
                }
              }
            }
            #1 = {
              scale = fixp:"1";
              name = str:"Bip01 L Thigh";
              translation = xpoint3:"-13.06767749786376953125,1.440203189849853515625,11.96263027191162109375";
              rotation = {
                0 = xpoint3:"-0.98363840579986572265625,0.15103034675121307373046875,-0.082260914146900177001953125";
                1 = xpoint3:"0.14107857644557952880859375,0.983209550380706787109375,0.1156348884105682373046875";
                2 = xpoint3:"0.098355777561664581298828125,0.1022957861423492431640625,-0.988421142101287841796875";
              }
              #0 = {
                scale = fixp:"1";
                name = str:"Bip01 L Calf";
                translation = xpoint3:"52.20195770263671875,0,0";
                rotation = {
                  0 = xpoint3:"0.958021938800811767578125,0.2865886390209197998046875,0";
                  1 = xpoint3:"-0.2865886390209197998046875,0.958021938800811767578125,0";
                  2 = xpoint3:"0,0,1";
                }
                #0 = {
                  scale = fixp:"1";
                  name = str:"Bip01 L Foot";
                  translation = xpoint3:"45.471416473388671875,0,0";
                  rotation = {
                    0 = xpoint3:"0.97129929065704345703125,-0.18487203121185302734375,-0.1495269834995269775390625";
                    1 = xpoint3:"0.2099565565586090087890625,0.962021172046661376953125,0.1742939651012420654296875";
                    2 = xpoint3:"0.1115985214710235595703125,-0.20070493221282958984375,0.97325456142425537109375";
                  }
                  #0 = {
                    scale = fixp:"1";
                    name = str:"Bip01 L Toe0";
                    translation = xpoint3:"13.2891445159912109375,18.121799468994140625,0";
                    rotation = {
                      0 = xpoint3:"-0.01503920368850231170654296875,-0.99909770488739013671875,-0.01022030413150787353515625";
                      1 = xpoint3:"0.9984524250030517578125,-0.01540926657617092132568359375,0.03717137873172760009765625";
                      2 = xpoint3:"-0.037329830229282379150390625,-0.00962547026574611663818359375,0.999256074428558349609375";
                    }
                  }
                  #1 = {
                    scale = fixp:"1";
                    name = str:"pt_footprint01";
                    translation = xpoint3:"13.02880573272705078125,6.475127696990966796875,0.0345876626670360565185546875";
                    rotation = {
                      0 = xpoint3:"1,0,0";
                      1 = xpoint3:"0,1,0";
                      2 = xpoint3:"0,0,1";
                    }
                  }
                  #2 = {
                    scale = fixp:"1";
                    name = str:"pt_foot";
                    translation = xpoint3:"5.582409381866455078125,-0.337524235248565673828125,-0.1344007551670074462890625";
                    rotation = {
                      0 = xpoint3:"1,0,0";
                      1 = xpoint3:"0,1,0";
                      2 = xpoint3:"0,0,1";
                    }
                  }
                }
              }
              #1 = {
                scale = fixp:"1";
                name = str:"robe_L";
                translation = xpoint3:"20.7473201751708984375,16.0096874237060546875,-2.9014041423797607421875";
                rotation = {
                  0 = xpoint3:"0.010829508304595947265625,0.0868718922138214111328125,-0.99616062641143798828125";
                  1 = xpoint3:"-0.04353179037570953369140625,-0.995233595371246337890625,-0.087264291942119598388671875";
                  2 = xpoint3:"-0.998993337154388427734375,0.044309683144092559814453125,-0.0069962018169462680816650390625";
                }
              }
            }
            #2 = {
              scale = fixp:"1";
              name = str:"Bip01 R Thigh";
              translation = xpoint3:"-10.923828125,0.837978541851043701171875,-13.10608386993408203125";
              rotation = {
                0 = xpoint3:"-0.996451556682586669921875,0.05984200537204742431640625,0.0246269516646862030029296875";
                1 = xpoint3:"0.055428676307201385498046875,0.986842215061187744140625,-0.1518256962299346923828125";
                2 = xpoint3:"-0.03339482843875885009765625,-0.1501409709453582763671875,-0.986640751361846923828125";
              }
              #0 = {
                scale = fixp:"1";
                name = str:"Bip01 R Calf";
                translation = xpoint3:"52.201946258544921875,0,0";
                rotation = {
                  0 = xpoint3:"0.994220674037933349609375,0.1073164045810699462890625,0";
                  1 = xpoint3:"-0.1073164045810699462890625,0.994220674037933349609375,0";
                  2 = xpoint3:"0,0,1";
                }
                #0 = {
                  scale = fixp:"1";
                  name = str:"Bip01 R Foot";
                  translation = xpoint3:"45.4714202880859375,0,0";
                  rotation = {
                    0 = xpoint3:"0.990395486354827880859375,-0.1378714144229888916015625,-0.0097092092037200927734375";
                    1 = xpoint3:"0.1333353519439697265625,0.9715955257415771484375,-0.1954036653041839599609375";
                    2 = xpoint3:"0.0363933630287647247314453125,0.1922300159931182861328125,0.98066055774688720703125";
                  }
                  #0 = {
                    scale = fixp:"1";
                    name = str:"Bip01 R Toe0";
                    translation = xpoint3:"13.2891445159912109375,18.12180328369140625,0";
                    rotation = {
                      0 = xpoint3:"-0.01503920368850231170654296875,-0.99909770488739013671875,0.010220293886959552764892578125";
                      1 = xpoint3:"0.9984524250030517578125,-0.015409265644848346710205078125,-0.0371713526546955108642578125";
                      2 = xpoint3:"0.03732980787754058837890625,0.009625460021197795867919921875,0.999256074428558349609375";
                    }
                  }
                  #1 = {
                    scale = fixp:"1";
                    name = str:"pt_footprint02";
                    translation = xpoint3:"14.0456523895263671875,6.472927093505859375,0.06200246512889862060546875";
                    rotation = {
                      0 = xpoint3:"1,0,0";
                      1 = xpoint3:"0,1,0";
                      2 = xpoint3:"0,0,1";
                    }
                  }
                  #2 = {
                    scale = fixp:"1";
                    name = str:"pt_foot@#0";
                    translation = xpoint3:"5.582502841949462890625,-0.3375248014926910400390625,0.23284375667572021484375";
                    rotation = {
                      0 = xpoint3:"1,0,0";
                      1 = xpoint3:"0,1,0";
                      2 = xpoint3:"0,0,1";
                    }
                  }
                }
              }
              #1 = {
                scale = fixp:"1";
                name = str:"robe_R";
                translation = xpoint3:"21.731487274169921875,16.0096683502197265625,3.0475385189056396484375";
                rotation = {
                  0 = xpoint3:"-0.003617429174482822418212890625,0.0868766605854034423828125,-0.996212482452392578125";
                  1 = xpoint3:"0.043536126613616943359375,-0.995260775089263916015625,-0.08695174753665924072265625";
                  2 = xpoint3:"-0.999045312404632568359375,-0.0436857752501964569091796875,0";
                }
              }
            }
          }
        }
        #2 = {
          scale = fixp:"1";
          name = str:"pt_center";
          translation = xpoint3:"-0.02429784648120403289794921875,-0.3074512183666229248046875,14.234363555908203125";
          rotation = {
            0 = xpoint3:"0,-0.999412715435028076171875,0.0342667959630489349365234375";
            1 = xpoint3:"1,0,0";
            2 = xpoint3:"0,0.0342667959630489349365234375,0.999412715435028076171875";
          }
        }
        #3 = {
          scale = fixp:"1";
          name = str:"pt_cast";
          translation = xpoint3:"104.2936859130859375,-130.4250335693359375,29.709075927734375";
          rotation = {
            0 = xpoint3:"0.727678239345550537109375,-0.685126602649688720703125,0.0329531244933605194091796875";
            1 = xpoint3:"0.6856405735015869140625,0.72791111469268798828125,-0.00650806166231632232666015625";
            2 = xpoint3:"-0.01952810026705265045166015625,0.02732977457344532012939453125,0.999435722827911376953125";
          }
        }
      }
      #1 = {
        scale = fixp:"1";
        name = str:"pt_ground";
        translation = xpoint3:"1.672408580780029296875,-13.08620166778564453125,0";
        rotation = {
          0 = xpoint3:"0.999931871891021728515625,-0.0052417875267565250396728515625,-0.010431715287268161773681640625";
          1 = xpoint3:"0.00497155450284481048583984375,0.999655663967132568359375,-0.02576438151299953460693359375";
          2 = xpoint3:"0.010563175193965435028076171875,0.02571076340973377227783203125,0.99961364269256591796875";
        }
      }
      #2 = {
        scale = fixp:"1";
        name = str:"pt_top";
        translation = xpoint3:"-5.06709766387939453125,-14.24796390533447265625,231.5390472412109375";
        rotation = {
          0 = xpoint3:"0.9999825954437255859375,-0.00530411303043365478515625,-0.0025841225869953632354736328125";
          1 = xpoint3:"0.0052742525003850460052490234375,0.999920785427093505859375,-0.011428349651396274566650390625";
          2 = xpoint3:"0.0026445351541042327880859375,0.011414521373808383941650390625,0.99993133544921875";
        }
      }
      #3 = {
        scale = fixp:"1";
        name = str:"pt_aim";
        translation = xpoint3:"0,-145.61993408203125,180.4472503662109375";
        rotation = {
          0 = xpoint3:"1,0,0";
          1 = xpoint3:"0,1,0";
          2 = xpoint3:"0,0,1";
        }
      }
    }
  }
  #1 = {
    scale = fixp:"1";
    name = str:"default";
    translation = xpoint3:"0.427341461181640625,-5.114073276519775390625,0";
    rotation = {
      0 = xpoint3:"1,0,0";
      1 = xpoint3:"0,1,0";
      2 = xpoint3:"0,0,1";
    }
  }
  #2 = {
    scale = fixp:"1";
    name = str:"pt_shoot_1";
    translation = xpoint3:"36.19927978515625,16.60176849365234375,209.518035888671875";
    rotation = {
      0 = xpoint3:"0.14066827297210693359375,-0.32286274433135986328125,0.935933768749237060546875";
      1 = xpoint3:"-0.1269705295562744140625,0.93164432048797607421875,0.3404663503170013427734375";
      2 = xpoint3:"-0.981881320476531982421875,-0.1667288243770599365234375,0.0900587737560272216796875";
    }
  }
}