model = {
  file = str:"data\models\units\transportcopter\transportcopter.nif";
  animation = {
    loop = fixp:"8.69999980926513671875";
    duration = fixp:"4.333333492279052734375";
  }
  #0 = {
    scale = fixp:"1";
    name = str:"ROOT";
    translation = xpoint3:"0,0,0";
    rotation = {
      0 = xpoint3:"1,0,0";
      1 = xpoint3:"0,1,0";
      2 = xpoint3:"0,0,1";
    }
    #3 = {
      scale = fixp:"1";
      name = str:"ROOT NonAccum";
      translation = xpoint3:"0,0,0";
      rotation = {
        0 = xpoint3:"1,0,0";
        1 = xpoint3:"0,1,0";
        2 = xpoint3:"0,0,1";
      }
      #0 = {
        scale = fixp:"1";
        name = str:"TransportCopter2";
        translation = xpoint3:"0,-45.33797454833984375,248.4135589599609375";
        rotation = {
          0 = xpoint3:"1,0,0";
          1 = xpoint3:"0,1,0";
          2 = xpoint3:"0,0,1";
        }
        #0 = {
          scale = fixp:"1";
          name = str:"Prop_Up";
          translation = xpoint3:"0,144.641571044921875,204.1145782470703125";
          rotation = {
            0 = xpoint3:"1,0,0";
            1 = xpoint3:"0,1,0";
            2 = xpoint3:"0,0,1";
          }
        }
        #1 = {
          scale = fixp:"1";
          name = str:"Prop_Down";
          translation = xpoint3:"0,144.6416015625,172.3592376708984375";
          rotation = {
            0 = xpoint3:"1,0,0";
            1 = xpoint3:"0,1,0";
            2 = xpoint3:"0,0,1";
          }
        }
        #2 = {
          scale = fixp:"1";
          name = str:"LightBillboard01";
          translation = xpoint3:"-90,-157.9120025634765625,-143.4135589599609375";
          rotation = {
            0 = xpoint3:"-0.474496781826019287109375,-0.772169768810272216796875,-0.422618806362152099609375";
            1 = xpoint3:"0.8680374622344970703125,-0.4901750087738037109375,-0.07898998260498046875";
            2 = xpoint3:"-0.14616350829601287841796875,-0.4043294489383697509765625,0.902858734130859375";
          }
        }
        #3 = {
          scale = fixp:"1";
          name = str:"LightBillboard02";
          translation = xpoint3:"90,-157.9120025634765625,-143.4135589599609375";
          rotation = {
            0 = xpoint3:"-0.4744968712329864501953125,-0.772169768810272216796875,-0.4226187169551849365234375";
            1 = xpoint3:"0.22126178443431854248046875,0.3600691854953765869140625,-0.90630757808685302734375";
            2 = xpoint3:"0.8519952297210693359375,-0.523549497127532958984375,0";
          }
        }
        #4 = {
          scale = fixp:"1";
          name = str:"LightBillboard03";
          translation = xpoint3:"-1.1814420223236083984375,811.5196533203125,85.4073333740234375";
          rotation = {
            0 = xpoint3:"0.03232443332672119140625,-0.04324996471405029296875,-0.99854123592376708984375";
            1 = xpoint3:"-0.03023862652480602264404296875,0.99856364727020263671875,-0.044229812920093536376953125";
            2 = xpoint3:"0.9990198612213134765625,0.031624220311641693115234375,0.0309701971709728240966796875";
          }
        }
        #5 = {
          scale = fixp:"1";
          name = str:"LightBillboard04";
          translation = xpoint3:"-1.1814420223236083984375,754.54046630859375,-137.04681396484375";
          rotation = {
            0 = xpoint3:"0.03232443332672119140625,-0.04324996471405029296875,-0.99854123592376708984375";
            1 = xpoint3:"-0.03023862652480602264404296875,0.99856364727020263671875,-0.044229812920093536376953125";
            2 = xpoint3:"0.9990198612213134765625,0.031624220311641693115234375,0.0309701971709728240966796875";
          }
        }
        #6 = {
          scale = fixp:"1";
          name = str:"SmokeR-Emitter";
          translation = xpoint3:"-142.93829345703125,261.962615966796875,39.97034454345703125";
          rotation = {
            0 = xpoint3:"0.866025447845458984375,-0.211309134960174560546875,-0.4531538188457489013671875";
            1 = xpoint3:"0,-0.906307697296142578125,0.422618448734283447265625";
            2 = xpoint3:"-0.499999940395355224609375,-0.36599838733673095703125,-0.78488552570343017578125";
          }
        }
        #7 = {
          scale = fixp:"1";
          name = str:"SmokeL-Emitter";
          translation = xpoint3:"142.9380035400390625,261.962615966796875,39.97034454345703125";
          rotation = {
            0 = xpoint3:"0.812267482280731201171875,0.3799981176853179931640625,0.4425188601016998291015625";
            1 = xpoint3:"0.18566276133060455322265625,-0.887646257877349853515625,0.421442091464996337890625";
            2 = xpoint3:"0.55294740200042724609375,-0.260164439678192138671875,-0.791557729244232177734375";
          }
        }
        #8 = {
          scale = fixp:"1";
          name = str:"Omni01";
          translation = xpoint3:"-153.2091217041015625,-26.5638942718505859375,23.1120166778564453125";
          rotation = {
            0 = xpoint3:"1,0,0";
            1 = xpoint3:"0,1,0";
            2 = xpoint3:"0,0,1";
          }
        }
        #9 = {
          scale = fixp:"1";
          name = str:"Omni02";
          translation = xpoint3:"153.208984375,-26.5638942718505859375,23.1120166778564453125";
          rotation = {
            0 = xpoint3:"1,0,0";
            1 = xpoint3:"0,1,0";
            2 = xpoint3:"0,0,1";
          }
        }
      }
      #1 = {
        scale = fixp:"1";
        name = str:"Drag01Smoke";
        translation = xpoint3:"-32.78742218017578125,333.6695556640625,0";
        rotation = {
          0 = xpoint3:"1,0,0";
          1 = xpoint3:"0,1,0";
          2 = xpoint3:"0,0,1";
        }
      }
      #2 = {
        scale = fixp:"1";
        name = str:"DragDust";
        translation = xpoint3:"0,-174.1790618896484375,-598.2821044921875";
        rotation = {
          0 = xpoint3:"1,0,0";
          1 = xpoint3:"0,1,0";
          2 = xpoint3:"0,0,1";
        }
      }
      #3 = {
        scale = fixp:"1";
        name = str:"DustIdle-Emitter";
        translation = xpoint3:"4.19995021820068359375,65.9080352783203125,-503.298248291015625";
        rotation = {
          0 = xpoint3:"1,0,0";
          1 = xpoint3:"0,1,0";
          2 = xpoint3:"0,0,1";
        }
      }
    }
  }
}