model = {
  file = str:"data\models\units\guardian\guardian.nif";
  animation = {
    loop = fixp:"0";
    duration = fixp:"14";
  }
  #0 = {
    scale = fixp:"1";
    name = str:"ROOT";
    translation = xpoint3:"0,0,0";
    rotation = {
      0 = xpoint3:"1,0,0";
      1 = xpoint3:"0,1,0";
      2 = xpoint3:"0,0,1";
    }
    #3 = {
      scale = fixp:"1";
      name = str:"ROOT NonAccum";
      translation = xpoint3:"0,0,0";
      rotation = {
        0 = xpoint3:"1,0,0";
        1 = xpoint3:"0,1,0";
        2 = xpoint3:"0,0,1";
      }
      #0 = {
        scale = fixp:"1";
        name = str:"Bip01";
        translation = xpoint3:"-0.4696489274501800537109375,-15.65203762054443359375,117.41811370849609375";
        rotation = {
          0 = xpoint3:"0.0054524005390703678131103515625,0.99920642375946044921875,-0.01066626049578189849853515625";
          1 = xpoint3:"-0.9990022182464599609375,0.0056947213597595691680908203125,0.02279092185199260711669921875";
          2 = xpoint3:"0.02284240908920764923095703125,0.01055554486811161041259765625,0.9996831417083740234375";
        }
        #0 = {
          scale = fixp:"1";
          name = str:"Bip01 Footsteps";
          translation = xpoint3:"-2.69209957122802734375,-1.24402713775634765625,-117.73246002197265625";
          rotation = {
            0 = xpoint3:"0.0047302977181971073150634765625,-0.9997274875640869140625,0.02285899035632610321044921875";
            1 = xpoint3:"0.999931871891021728515625,0.0049727945588529109954833984375,0.010563208721578121185302734375";
            2 = xpoint3:"-0.010674002580344676971435546875,0.02280746586620807647705078125,0.999682903289794921875";
          }
        }
        #1 = {
          scale = fixp:"1";
          name = str:"Bip01 Pelvis";
          translation = xpoint3:"0.2158909738063812255859375,0,0.017442576587200164794921875";
          rotation = {
            0 = xpoint3:"0,0.999274432659149169921875,0";
            1 = xpoint3:"0.039728343486785888671875,0,0.9984843730926513671875";
            2 = xpoint3:"0.998484432697296142578125,0,-0.039002835750579833984375";
          }
          #0 = {
            scale = fixp:"1";
            name = str:"Bip01 Spine";
            translation = xpoint3:"12.04617214202880859375,0.4227742254734039306640625,-0.479317843914031982421875";
            rotation = {
              0 = xpoint3:"0.98854744434356689453125,-0.131274402141571044921875,-0.074326358735561370849609375";
              1 = xpoint3:"0.1304168701171875,0.991319000720977783203125,-0.0162922553718090057373046875";
              2 = xpoint3:"0.075820975005626678466796875,0.0064050820656120777130126953125,0.997098743915557861328125";
            }
            #0 = {
              scale = fixp:"1";
              name = str:"Bip01 Spine1";
              translation = xpoint3:"16.5767688751220703125,-0.014064647257328033447265625,0.0013029542751610279083251953125";
              rotation = {
                0 = xpoint3:"0.95778620243072509765625,0.235943853855133056640625,0.164057552814483642578125";
                1 = xpoint3:"-0.2471130788326263427734375,0.967618405818939208984375,0.051017321646213531494140625";
                2 = xpoint3:"-0.1466952860355377197265625,-0.089432321488857269287109375,0.985119640827178955078125";
              }
              #0 = {
                scale = fixp:"1";
                name = str:"Bip01 Neck";
                translation = xpoint3:"18.175914764404296875,-2.423486232757568359375,0";
                rotation = {
                  0 = xpoint3:"0.983898818492889404296875,-0.17682729661464691162109375,-0.02553038299083709716796875";
                  1 = xpoint3:"0.17808409035205841064453125,0.982132136821746826171875,0.060635276138782501220703125";
                  2 = xpoint3:"0.014344121329486370086669921875,-0.064208127558231353759765625,0.997831881046295166015625";
                }
                #0 = {
                  scale = fixp:"1";
                  name = str:"Bip01 Head";
                  translation = xpoint3:"15.88320064544677734375,0,0";
                  rotation = {
                    0 = xpoint3:"0.997238934040069580078125,0.055923037230968475341796875,-0.048816643655300140380859375";
                    1 = xpoint3:"-0.06026919186115264892578125,0.993875801563262939453125,-0.092572562396526336669921875";
                    2 = xpoint3:"0.04333676397800445556640625,0.095261059701442718505859375,0.994504511356353759765625";
                  }
                  #0 = {
                    scale = fixp:"1";
                    name = str:"Bip01 HeadNub";
                    translation = xpoint3:"21.0382328033447265625,0,0";
                    rotation = {
                      0 = xpoint3:"1,0,0";
                      1 = xpoint3:"0,1,0";
                      2 = xpoint3:"0,0,1";
                    }
                  }
                  #1 = {
                    scale = fixp:"1";
                    name = str:"pt_head";
                    translation = xpoint3:"10.36205196380615234375,0.3611156940460205078125,0.14816184341907501220703125";
                    rotation = {
                      0 = xpoint3:"-0.010236823000013828277587890625,0.022653929889202117919921875,0.999690949916839599609375";
                      1 = xpoint3:"-0.0430194623768329620361328125,-0.9988276958465576171875,0.02219384722411632537841796875";
                      2 = xpoint3:"0.9990217685699462890625,-0.0427789725363254547119140625,0.011199382133781909942626953125";
                    }
                  }
                }
                #1 = {
                  scale = fixp:"1";
                  name = str:"Bip01 L Clavicle";
                  translation = xpoint3:"1.01963031291961669921875,-1.12759768962860107421875,4.106608867645263671875";
                  rotation = {
                    0 = xpoint3:"-0.123834751546382904052734375,-0.1783960163593292236328125,0.975299417972564697265625";
                    1 = xpoint3:"-0.010394804179668426513671875,-0.98195135593414306640625,-0.18107302486896514892578125";
                    2 = xpoint3:"0.991426289081573486328125,-0.03271628916263580322265625,0.121361233294010162353515625";
                  }
                  #0 = {
                    scale = fixp:"1";
                    name = str:"Bip01 L UpperArm";
                    translation = xpoint3:"12.3258800506591796875,0,0";
                    rotation = {
                      0 = xpoint3:"0.4573781490325927734375,0.1247949898242950439453125,0.88002502918243408203125";
                      1 = xpoint3:"0.4418585002422332763671875,0.82731330394744873046875,-0.34650135040283203125";
                      2 = xpoint3:"-0.77121913433074951171875,0.54747450351715087890625,0.32328128814697265625";
                    }
                    #0 = {
                      scale = fixp:"1";
                      name = str:"Bip01 L Forearm";
                      translation = xpoint3:"21.9163112640380859375,0,0";
                      rotation = {
                        0 = xpoint3:"0.777805626392364501953125,0.628248274326324462890625,0";
                        1 = xpoint3:"-0.628248274326324462890625,0.777805626392364501953125,0";
                        2 = xpoint3:"0,0,1";
                      }
                      #0 = {
                        scale = fixp:"1";
                        name = str:"Bip01 L Hand";
                        translation = xpoint3:"23.252674102783203125,0,0";
                        rotation = {
                          0 = xpoint3:"0.983151257038116455078125,-0.1478454768657684326171875,-0.10738170146942138671875";
                          1 = xpoint3:"0.0500647835433483123779296875,-0.34625017642974853515625,0.93576204776763916015625";
                          2 = xpoint3:"-0.1757345497608184814453125,-0.92536413669586181640625,-0.332992613315582275390625";
                        }
                        #0 = {
                          scale = fixp:"1";
                          name = str:"Bip01 L Finger0";
                          translation = xpoint3:"5.00070858001708984375,0.698807299137115478515625,-4.055060863494873046875";
                          rotation = {
                            0 = xpoint3:"0.808046281337738037109375,0.546255648136138916015625,0.21997140347957611083984375";
                            1 = xpoint3:"0.288212835788726806640625,-0.0402865074574947357177734375,-0.955929219722747802734375";
                            2 = xpoint3:"-0.5135328769683837890625,0.835746467113494873046875,-0.18996058404445648193359375";
                          }
                          #0 = {
                            scale = fixp:"1";
                            name = str:"Bip01 L Finger01";
                            translation = xpoint3:"4.78085803985595703125,0,0";
                            rotation = {
                              0 = xpoint3:"0.9785311222076416015625,-0.20602357387542724609375,0";
                              1 = xpoint3:"0.20602357387542724609375,0.9785311222076416015625,0";
                              2 = xpoint3:"0,0,1";
                            }
                            #0 = {
                              scale = fixp:"1";
                              name = str:"Bip01 L Finger0Nub";
                              translation = xpoint3:"5.552853107452392578125,0,0";
                              rotation = {
                                0 = xpoint3:"1,0,0";
                                1 = xpoint3:"0,1,0";
                                2 = xpoint3:"0,0,1";
                              }
                            }
                          }
                        }
                        #1 = {
                          scale = fixp:"1";
                          name = str:"Bip01 L Finger1";
                          translation = xpoint3:"14.059978485107421875,-0.014378466643393039703369140625,-0.069817729294300079345703125";
                          rotation = {
                            0 = xpoint3:"0.987730443477630615234375,0.137180805206298828125,-0.074513174593448638916015625";
                            1 = xpoint3:"-0.11970412731170654296875,0.971934974193572998046875,0.2024169862270355224609375";
                            2 = xpoint3:"0.100208334624767303466796875,-0.19100558757781982421875,0.976442992687225341796875";
                          }
                          #0 = {
                            scale = fixp:"1";
                            name = str:"Bip01 L Finger11";
                            translation = xpoint3:"4.215601444244384765625,0,0";
                            rotation = {
                              0 = xpoint3:"0.8979141712188720703125,-0.4400022923946380615234375,0";
                              1 = xpoint3:"0.4400022923946380615234375,0.8979141712188720703125,0";
                              2 = xpoint3:"0,0,1";
                            }
                            #0 = {
                              scale = fixp:"1";
                              name = str:"Bip01 L Finger1Nub";
                              translation = xpoint3:"4.182948589324951171875,0,0";
                              rotation = {
                                0 = xpoint3:"1,0,0";
                                1 = xpoint3:"0,1,0";
                                2 = xpoint3:"0,0,1";
                              }
                            }
                          }
                        }
                        #2 = {
                          scale = fixp:"1";
                          name = str:"pt_hand";
                          translation = xpoint3:"10.2119159698486328125,5.478992938995361328125,0";
                          rotation = {
                            0 = xpoint3:"1,0,0";
                            1 = xpoint3:"0,1,0";
                            2 = xpoint3:"0,0,1";
                          }
                        }
                      }
                    }
                  }
                }
                #2 = {
                  scale = fixp:"1";
                  name = str:"Bip01 R Clavicle";
                  translation = xpoint3:"0.8994820117950439453125,-0.5896852016448974609375,-4.246436595916748046875";
                  rotation = {
                    0 = xpoint3:"0.086098141968250274658203125,-0.17268164455890655517578125,-0.9805314540863037109375";
                    1 = xpoint3:"-0.15043614804744720458984375,-0.974342405796051025390625,0.158621370792388916015625";
                    2 = xpoint3:"-0.9841899871826171875,0.1340627372264862060546875,-0.108575336635112762451171875";
                  }
                  #0 = {
                    scale = fixp:"1";
                    name = str:"Bip01 R UpperArm";
                    translation = xpoint3:"12.3258819580078125,0,0";
                    rotation = {
                      0 = xpoint3:"0.4133624732494354248046875,0.19228310883045196533203125,-0.88955461978912353515625";
                      1 = xpoint3:"0.17571388185024261474609375,0.9422333240509033203125,0.285021364688873291015625";
                      2 = xpoint3:"0.892975330352783203125,-0.274116337299346923828125,0.355697154998779296875";
                    }
                    #0 = {
                      scale = fixp:"1";
                      name = str:"Bip01 R Forearm";
                      translation = xpoint3:"21.916309356689453125,0,0";
                      rotation = {
                        0 = xpoint3:"0.356383144855499267578125,0.93383991718292236328125,0";
                        1 = xpoint3:"-0.93383991718292236328125,0.356383144855499267578125,0";
                        2 = xpoint3:"0,0,1";
                      }
                      #0 = {
                        scale = fixp:"1";
                        name = str:"Bip01 R Hand";
                        translation = xpoint3:"23.2526683807373046875,0,0";
                        rotation = {
                          0 = xpoint3:"0.96840107440948486328125,0.089357502758502960205078125,-0.2327418625354766845703125";
                          1 = xpoint3:"-0.1372387111186981201171875,-0.587158203125,-0.79630863666534423828125";
                          2 = xpoint3:"-0.2081323564052581787109375,0.8030922412872314453125,-0.55629599094390869140625";
                        }
                        #0 = {
                          scale = fixp:"1";
                          name = str:"Bip01 R Finger0";
                          translation = xpoint3:"4.90409374237060546875,0.574355065822601318359375,4.028481960296630859375";
                          rotation = {
                            0 = xpoint3:"0.034749209880828857421875,0.516392230987548828125,-0.854827880859375";
                            1 = xpoint3:"0.787462711334228515625,0.512917101383209228515625,0.3407515585422515869140625";
                            2 = xpoint3:"0.61424267292022705078125,-0.6852359771728515625,-0.38876998424530029296875";
                          }
                          #0 = {
                            scale = fixp:"1";
                            name = str:"Bip01 R Finger01";
                            translation = xpoint3:"4.780857086181640625,0,0";
                            rotation = {
                              0 = xpoint3:"0.6109335422515869140625,-0.79132521152496337890625,0";
                              1 = xpoint3:"0.79132521152496337890625,0.6109335422515869140625,0";
                              2 = xpoint3:"0,0,1";
                            }
                            #0 = {
                              scale = fixp:"1";
                              name = str:"Bip01 R Finger0Nub";
                              translation = xpoint3:"5.552853107452392578125,0,0";
                              rotation = {
                                0 = xpoint3:"-0.9985487461090087890625,0,0";
                                1 = xpoint3:"0,-0.9985487461090087890625,0";
                                2 = xpoint3:"0,0,1";
                              }
                            }
                          }
                        }
                        #1 = {
                          scale = fixp:"1";
                          name = str:"Bip01 R Finger1";
                          translation = xpoint3:"14.05997467041015625,-0.0143765546381473541259765625,0.06981737911701202392578125";
                          rotation = {
                            0 = xpoint3:"0.699475944042205810546875,-0.67569172382354736328125,-0.23181454837322235107421875";
                            1 = xpoint3:"0.680347919464111328125,0.7290561199188232421875,-0.072185285389423370361328125";
                            2 = xpoint3:"0.21777062118053436279296875,-0.107352934777736663818359375,0.97005558013916015625";
                          }
                          #0 = {
                            scale = fixp:"1";
                            name = str:"Bip01 R Finger11";
                            translation = xpoint3:"4.21559238433837890625,0,0";
                            rotation = {
                              0 = xpoint3:"-0.115861415863037109375,-0.99244987964630126953125,0";
                              1 = xpoint3:"0.99244987964630126953125,-0.115861415863037109375,0";
                              2 = xpoint3:"0,0,1";
                            }
                            #0 = {
                              scale = fixp:"1";
                              name = str:"Bip01 R Finger1Nub";
                              translation = xpoint3:"4.182952880859375,0,0";
                              rotation = {
                                0 = xpoint3:"-0.9985487461090087890625,0,0";
                                1 = xpoint3:"0,-0.9985487461090087890625,0";
                                2 = xpoint3:"0,0,1";
                              }
                            }
                          }
                        }
                        #2 = {
                          scale = fixp:"1";
                          name = str:"bone_staff";
                          translation = xpoint3:"13.74904346466064453125,-0.62881457805633544921875,-57.043621063232421875";
                          rotation = {
                            0 = xpoint3:"-0.06746317446231842041015625,-0.81660974025726318359375,0.57323420047760009765625";
                            1 = xpoint3:"0.0860010087490081787109375,-0.57716429233551025390625,-0.81208705902099609375";
                            2 = xpoint3:"0.99400842189788818359375,-0.0054872334003448486328125,0.10916648805141448974609375";
                          }
                          #0 = {
                            scale = fixp:"1";
                            name = str:"pt_shoot_1";
                            translation = xpoint3:"204.512786865234375,7.181620121002197265625,0.0973275005817413330078125";
                            rotation = {
                              0 = xpoint3:"1,0,0";
                              1 = xpoint3:"0,1,0";
                              2 = xpoint3:"0,0,1";
                            }
                            #0 = {
                              scale = fixp:"1";
                              name = str:"pt_cast";
                              translation = xpoint3:"0,0,0";
                              rotation = {
                                0 = xpoint3:"1,0,0";
                                1 = xpoint3:"0,1,0";
                                2 = xpoint3:"0,0,1";
                              }
                            }
                          }
                          #1 = {
                            scale = fixp:"1";
                            name = str:"pt_charge01";
                            translation = xpoint3:"188.42431640625,7.1816234588623046875,0.09731368720531463623046875";
                            rotation = {
                              0 = xpoint3:"1,0,0";
                              1 = xpoint3:"0,1,0";
                              2 = xpoint3:"0,0,1";
                            }
                          }
                          #2 = {
                            scale = fixp:"1";
                            name = str:"pt_charge02";
                            translation = xpoint3:"-71.78173065185546875,7.181669712066650390625,0.097077541053295135498046875";
                            rotation = {
                              0 = xpoint3:"1,0,0";
                              1 = xpoint3:"0,1,0";
                              2 = xpoint3:"0,0,1";
                            }
                          }
                        }
                      }
                    }
                  }
                }
              }
              #1 = {
                scale = fixp:"1";
                name = str:"pt_chest";
                translation = xpoint3:"15.2993984222412109375,0.956357061862945556640625,0.03953476250171661376953125";
                rotation = {
                  0 = xpoint3:"0,0.0812641084194183349609375,0.996692597866058349609375";
                  1 = xpoint3:"0,-0.996692597866058349609375,0.0812641084194183349609375";
                  2 = xpoint3:"1,0,0";
                }
              }
              #2 = {
                scale = fixp:"1";
                name = str:"bust_L";
                translation = xpoint3:"7.789409637451171875,16.2796478271484375,9.00004482269287109375";
                rotation = {
                  0 = xpoint3:"0,0.99691879749298095703125,-0.0784409344196319580078125";
                  1 = xpoint3:"0,0.078440964221954345703125,0.996918737888336181640625";
                  2 = xpoint3:"1,0,0";
                }
              }
              #3 = {
                scale = fixp:"1";
                name = str:"bust_R";
                translation = xpoint3:"7.78938579559326171875,16.2796955108642578125,-8.99995326995849609375";
                rotation = {
                  0 = xpoint3:"0,0.99690949916839599609375,-0.078559696674346923828125";
                  1 = xpoint3:"0,0.0785596370697021484375,0.99690949916839599609375";
                  2 = xpoint3:"1,0,0";
                }
              }
            }
            #1 = {
              scale = fixp:"1";
              name = str:"Bip01 L Thigh";
              translation = xpoint3:"-10.97212886810302734375,1.24715578556060791015625,13.92799663543701171875";
              rotation = {
                0 = xpoint3:"-0.949329316616058349609375,0.2715117931365966796875,-0.149085462093353271484375";
                1 = xpoint3:"0.25349330902099609375,0.958645880222320556640625,0.1291479766368865966796875";
                2 = xpoint3:"0.178006350994110107421875,0.08496715128421783447265625,-0.97888851165771484375";
              }
              #0 = {
                scale = fixp:"1";
                name = str:"Bip01 L Calf";
                translation = xpoint3:"59.805908203125,0,0";
                rotation = {
                  0 = xpoint3:"0.96745502948760986328125,0.252949774265289306640625,0";
                  1 = xpoint3:"-0.252949774265289306640625,0.96745502948760986328125,0";
                  2 = xpoint3:"0,0,1";
                }
                #0 = {
                  scale = fixp:"1";
                  name = str:"Bip01 L Foot";
                  translation = xpoint3:"45.4714202880859375,0,0";
                  rotation = {
                    0 = xpoint3:"0.99705898761749267578125,-0.068721227347850799560546875,-0.0338601954281330108642578125";
                    1 = xpoint3:"0.074086122214794158935546875,0.977450847625732421875,0.19765727221965789794921875";
                    2 = xpoint3:"0.0195030085742473602294921875,-0.19958592951297760009765625,0.979671180248260498046875";
                  }
                  #0 = {
                    scale = fixp:"1";
                    name = str:"Bip01 L Toe0";
                    translation = xpoint3:"13.2891445159912109375,18.1218013763427734375,0";
                    rotation = {
                      0 = xpoint3:"-0.01503920368850231170654296875,-0.99909770488739013671875,-0.0102202892303466796875";
                      1 = xpoint3:"0.9984524250030517578125,-0.01540926657617092132568359375,0.0371713973581790924072265625";
                      2 = xpoint3:"-0.0373298488557338714599609375,-0.009625454433262348175048828125,0.999256074428558349609375";
                    }
                    #0 = {
                      scale = fixp:"1";
                      name = str:"Bip01 L Toe0Nub";
                      translation = xpoint3:"4.12212371826171875,0,0";
                      rotation = {
                        0 = xpoint3:"-0.9985487461090087890625,0,0";
                        1 = xpoint3:"0,-0.9985487461090087890625,0";
                        2 = xpoint3:"0,0,1";
                      }
                    }
                  }
                  #1 = {
                    scale = fixp:"1";
                    name = str:"pt_footprint01";
                    translation = xpoint3:"13.028804779052734375,6.475128173828125,0.03459002077579498291015625";
                    rotation = {
                      0 = xpoint3:"1,0,0";
                      1 = xpoint3:"0,1,0";
                      2 = xpoint3:"0,0,1";
                    }
                  }
                  #2 = {
                    scale = fixp:"1";
                    name = str:"pt_foot";
                    translation = xpoint3:"5.582408905029296875,-0.337523639202117919921875,-0.13439904153347015380859375";
                    rotation = {
                      0 = xpoint3:"1,0,0";
                      1 = xpoint3:"0,1,0";
                      2 = xpoint3:"0,0,1";
                    }
                  }
                }
              }
              #1 = {
                scale = fixp:"1";
                name = str:"parcal_f_L";
                translation = xpoint3:"-6.902085781097412109375,9.7073993682861328125,4.700866222381591796875";
                rotation = {
                  0 = xpoint3:"0.97008991241455078125,-0.147236406803131103515625,-0.1929948627948760986328125";
                  1 = xpoint3:"0.2045997679233551025390625,0.0680918991565704345703125,0.9764745235443115234375";
                  2 = xpoint3:"-0.1306312084197998046875,-0.98675477504730224609375,0.09617979824542999267578125";
                }
                #0 = {
                  scale = fixp:"1";
                  name = str:"parcal_f_L1";
                  translation = xpoint3:"26.259990692138671875,0,0";
                  rotation = {
                    0 = xpoint3:"0.96948337554931640625,0.117054440081119537353515625,0.21540702879428863525390625";
                    1 = xpoint3:"-0.114384569227695465087890625,0.993125379085540771484375,-0.024863608181476593017578125";
                    2 = xpoint3:"-0.21683658659458160400390625,0,0.976207792758941650390625";
                  }
                }
              }
              #2 = {
                scale = fixp:"1";
                name = str:"parcal_b_L";
                translation = xpoint3:"-5.630104541778564453125,-10.08182239532470703125,2.6243951320648193359375";
                rotation = {
                  0 = xpoint3:"0.985242664813995361328125,0.157721340656280517578125,-0.06648923456668853759765625";
                  1 = xpoint3:"-0.047770895063877105712890625,-0.119636975228786468505859375,-0.99166774749755859375";
                  2 = xpoint3:"-0.1643617451190948486328125,0.98020970821380615234375,-0.110336966812610626220703125";
                }
                #0 = {
                  scale = fixp:"1";
                  name = str:"parcal_b_L1";
                  translation = xpoint3:"26.2599925994873046875,0,0";
                  rotation = {
                    0 = xpoint3:"0.99114477634429931640625,-0.127213001251220703125,-0.0380640216171741485595703125";
                    1 = xpoint3:"0.12709701061248779296875,0.991875231266021728515625,-0.00546138547360897064208984375";
                    2 = xpoint3:"0.0384495221078395843505859375,0,0.999260365962982177734375";
                  }
                }
              }
            }
            #2 = {
              scale = fixp:"1";
              name = str:"Bip01 R Thigh";
              translation = xpoint3:"-12.881702423095703125,1.0857994556427001953125,-11.16636180877685546875";
              rotation = {
                0 = xpoint3:"-0.985880792140960693359375,0.012291933409869670867919921875,-0.15813386440277099609375";
                1 = xpoint3:"0.03383181989192962646484375,0.990376055240631103515625,-0.134151995182037353515625";
                2 = xpoint3:"0.154960691928863525390625,-0.1378051340579986572265625,-0.9767949581146240234375";
              }
              #0 = {
                scale = fixp:"1";
                name = str:"Bip01 R Calf";
                translation = xpoint3:"59.805904388427734375,0,0";
                rotation = {
                  0 = xpoint3:"0.998207747936248779296875,0.059822477400302886962890625,0";
                  1 = xpoint3:"-0.059822477400302886962890625,0.998207747936248779296875,0";
                  2 = xpoint3:"0,0,1";
                }
                #0 = {
                  scale = fixp:"1";
                  name = str:"Bip01 R Foot";
                  translation = xpoint3:"45.47141265869140625,0,0";
                  rotation = {
                    0 = xpoint3:"0.99177968502044677734375,-0.122503273189067840576171875,-0.0367978550493717193603515625";
                    1 = xpoint3:"0.113034851849079132080078125,0.974050819873809814453125,-0.19598598778247833251953125";
                    2 = xpoint3:"0.0598686449229717254638671875,0.19021128118038177490234375,0.979901134967803955078125";
                  }
                  #0 = {
                    scale = fixp:"1";
                    name = str:"Bip01 R Toe0";
                    translation = xpoint3:"13.28914356231689453125,18.1218013763427734375,0";
                    rotation = {
                      0 = xpoint3:"-0.015039202757179737091064453125,-0.99909770488739013671875,0.010220297612249851226806640625";
                      1 = xpoint3:"0.9984524250030517578125,-0.015409265644848346710205078125,-0.0371713452041149139404296875";
                      2 = xpoint3:"0.037329800426959991455078125,0.009625463746488094329833984375,0.999256074428558349609375";
                    }
                    #0 = {
                      scale = fixp:"1";
                      name = str:"Bip01 R Toe0Nub";
                      translation = xpoint3:"4.1221256256103515625,0,0";
                      rotation = {
                        0 = xpoint3:"1,0,0";
                        1 = xpoint3:"0,1,0";
                        2 = xpoint3:"0,0,1";
                      }
                    }
                  }
                  #1 = {
                    scale = fixp:"1";
                    name = str:"pt_footprint02";
                    translation = xpoint3:"14.0456485748291015625,6.47292804718017578125,0.0620035827159881591796875";
                    rotation = {
                      0 = xpoint3:"1,0,0";
                      1 = xpoint3:"0,1,0";
                      2 = xpoint3:"0,0,1";
                    }
                  }
                  #2 = {
                    scale = fixp:"1";
                    name = str:"pt_foot@#0";
                    translation = xpoint3:"5.58250331878662109375,-0.337524950504302978515625,0.2328455448150634765625";
                    rotation = {
                      0 = xpoint3:"1,0,0";
                      1 = xpoint3:"0,1,0";
                      2 = xpoint3:"0,0,1";
                    }
                  }
                }
              }
              #1 = {
                scale = fixp:"1";
                name = str:"parcal_b_R";
                translation = xpoint3:"-3.19228839874267578125,-10.362438201904296875,-2.34696674346923828125";
                rotation = {
                  0 = xpoint3:"0.96839034557342529296875,-0.234009563922882080078125,-0.086368978023529052734375";
                  1 = xpoint3:"-0.061262480914592742919921875,0.11252199113368988037109375,-0.991758823394775390625";
                  2 = xpoint3:"0.24179947376251220703125,0.9657008647918701171875,0.09462921321392059326171875";
                }
                #0 = {
                  scale = fixp:"1";
                  name = str:"parcal_b_R1";
                  translation = xpoint3:"26.2600154876708984375,0,0";
                  rotation = {
                    0 = xpoint3:"0.973492145538330078125,0.065820753574371337890625,0.2190450131893157958984375";
                    1 = xpoint3:"-0.00556811131536960601806640625,0.964233458042144775390625,-0.2649960219860076904296875";
                    2 = xpoint3:"-0.228652775287628173828125,0.2567518651485443115234375,0.939040124416351318359375";
                  }
                }
              }
              #2 = {
                scale = fixp:"1";
                name = str:"parcal_f_R";
                translation = xpoint3:"-6.059117794036865234375,9.177677154541015625,-5.087064266204833984375";
                rotation = {
                  0 = xpoint3:"0.943429291248321533203125,0.1916798055171966552734375,-0.2705551087856292724609375";
                  1 = xpoint3:"0.2926142513751983642578125,-0.09754486382007598876953125,0.951242268085479736328125";
                  2 = xpoint3:"0.1559426784515380859375,-0.976598083972930908203125,-0.1481149196624755859375";
                }
                #0 = {
                  scale = fixp:"1";
                  name = str:"parcal_f_R1";
                  translation = xpoint3:"26.259990692138671875,0,0";
                  rotation = {
                    0 = xpoint3:"0.989085495471954345703125,-0.1346504986286163330078125,0.059825599193572998046875";
                    1 = xpoint3:"0.134502828121185302734375,0.990891873836517333984375,0.0065071224234998226165771484375";
                    2 = xpoint3:"-0.060156889259815216064453125,0.0016106120310723781585693359375,0.99818766117095947265625";
                  }
                }
              }
            }
          }
        }
        #2 = {
          scale = fixp:"1";
          name = str:"pt_center";
          translation = xpoint3:"-0.02429815195500850677490234375,-0.3074508011341094970703125,14.234340667724609375";
          rotation = {
            0 = xpoint3:"0,-0.999412715435028076171875,0.0342667996883392333984375";
            1 = xpoint3:"1,0,0";
            2 = xpoint3:"0,0.0342667996883392333984375,0.999412715435028076171875";
          }
        }
      }
      #1 = {
        scale = fixp:"1";
        name = str:"pt_ground";
        translation = xpoint3:"1.672408580780029296875,-13.08620166778564453125,0";
        rotation = {
          0 = xpoint3:"0.999931871891021728515625,-0.0052417875267565250396728515625,-0.010431715287268161773681640625";
          1 = xpoint3:"0.00497155450284481048583984375,0.999655663967132568359375,-0.02576438151299953460693359375";
          2 = xpoint3:"0.010563175193965435028076171875,0.02571076340973377227783203125,0.99961364269256591796875";
        }
      }
      #2 = {
        scale = fixp:"1";
        name = str:"pt_top";
        translation = xpoint3:"-5.06709766387939453125,-14.24796390533447265625,231.5390472412109375";
        rotation = {
          0 = xpoint3:"0.9999825954437255859375,-0.00530411303043365478515625,-0.0025841225869953632354736328125";
          1 = xpoint3:"0.0052742525003850460052490234375,0.999920785427093505859375,-0.011428349651396274566650390625";
          2 = xpoint3:"0.0026445351541042327880859375,0.011414521373808383941650390625,0.99993133544921875";
        }
      }
      #3 = {
        scale = fixp:"1";
        name = str:"pt_aim";
        translation = xpoint3:"0,-145.61993408203125,180.4472503662109375";
        rotation = {
          0 = xpoint3:"1,0,0";
          1 = xpoint3:"0,1,0";
          2 = xpoint3:"0,0,1";
        }
      }
    }
  }
  #1 = {
    scale = fixp:"1";
    name = str:"LOW";
    translation = xpoint3:"0,-7.281795024871826171875,104.30258941650390625";
    rotation = {
      0 = xpoint3:"1,0,0";
      1 = xpoint3:"0,1,0";
      2 = xpoint3:"0,0,1";
    }
  }
  #2 = {
    scale = fixp:"1";
    name = str:"LOW_874";
    translation = xpoint3:"0,0,0";
    rotation = {
      0 = xpoint3:"1,0,0";
      1 = xpoint3:"0,1,0";
      2 = xpoint3:"0,0,1";
    }
  }
  #3 = {
    scale = fixp:"1";
    name = str:"LOW_476";
    translation = xpoint3:"0,0,0";
    rotation = {
      0 = xpoint3:"1,0,0";
      1 = xpoint3:"0,1,0";
      2 = xpoint3:"0,0,1";
    }
  }
}