model = {
  file = str:"data\models\units\manipulator\manipulator.nif";
  animation = {
    loop = fixp:"0";
    duration = fixp:"24.3333339691162109375";
  }
  #0 = {
    scale = fixp:"1";
    name = str:"Manipulator";
    translation = xpoint3:"0,0,0";
    rotation = {
      0 = xpoint3:"1,0,0";
      1 = xpoint3:"0,1,0";
      2 = xpoint3:"0,0,1";
    }
  }
  #1 = {
    scale = fixp:"1";
    name = str:"ROOT";
    translation = xpoint3:"0,0,0";
    rotation = {
      0 = xpoint3:"1,0,0";
      1 = xpoint3:"0,1,0";
      2 = xpoint3:"0,0,1";
    }
    #3 = {
      scale = fixp:"1";
      name = str:"ROOT NonAccum";
      translation = xpoint3:"0,0,0";
      rotation = {
        0 = xpoint3:"1,0,0";
        1 = xpoint3:"0,1,0";
        2 = xpoint3:"0,0,1";
      }
      #0 = {
        scale = fixp:"1";
        name = str:"Bip01";
        translation = xpoint3:"-0.00996917672455310821533203125,8.9098262786865234375,150.8909912109375";
        rotation = {
          0 = xpoint3:"0,1,0";
          1 = xpoint3:"-1,0,0";
          2 = xpoint3:"0,0,1";
        }
        #0 = {
          scale = fixp:"1";
          name = str:"Bip01 Pelvis01";
          translation = xpoint3:"0,0,0";
          rotation = {
            0 = xpoint3:"0,1,0";
            1 = xpoint3:"0,0,1";
            2 = xpoint3:"1,0,0";
          }
          #0 = {
            scale = fixp:"1";
            name = str:"Bip01 Spine02";
            translation = xpoint3:"16.9029140472412109375,-0.02051637507975101470947265625,0";
            rotation = {
              0 = xpoint3:"0.993492305278778076171875,-0.11389912664890289306640625,0";
              1 = xpoint3:"0.11389912664890289306640625,0.993492305278778076171875,0";
              2 = xpoint3:"0,0,1";
            }
            #0 = {
              scale = fixp:"1";
              name = str:"Bip01 Spine03";
              translation = xpoint3:"25.755855560302734375,-0.0304285623133182525634765625,0";
              rotation = {
                0 = xpoint3:"0.993320167064666748046875,-0.110785670578479766845703125,0.032273761928081512451171875";
                1 = xpoint3:"0.105453409254550933837890625,0.9850962162017822265625,0.13588599860668182373046875";
                2 = xpoint3:"-0.04684698581695556640625,-0.13157491385936737060546875,0.990198671817779541015625";
              }
              #0 = {
                scale = fixp:"1";
                name = str:"Bip01 Neck01";
                translation = xpoint3:"38.224414825439453125,-0.0087834931910037994384765625,0";
                rotation = {
                  0 = xpoint3:"0.692419826984405517578125,-0.721494853496551513671875,0";
                  1 = xpoint3:"0.721494853496551513671875,0.692419826984405517578125,0";
                  2 = xpoint3:"0,0,1";
                }
                #0 = {
                  scale = fixp:"1";
                  name = str:"Bip01 Head01";
                  translation = xpoint3:"15.92968654632568359375,0,0";
                  rotation = {
                    0 = xpoint3:"0.8482544422149658203125,0.518504321575164794921875,-0.1077853143215179443359375";
                    1 = xpoint3:"-0.525689661502838134765625,0.849037468433380126953125,-0.05278061330318450927734375";
                    2 = xpoint3:"0.06414680182933807373046875,0.1014330089092254638671875,0.992772161960601806640625";
                  }
                  #0 = {
                    scale = fixp:"1";
                    name = str:"pt_head";
                    translation = xpoint3:"20.5101718902587890625,0.4517202079296112060546875,0.082019813358783721923828125";
                    rotation = {
                      0 = xpoint3:"-0.02085473202168941497802734375,-0.3650539815425872802734375,0.93075275421142578125";
                      1 = xpoint3:"-0.0208438970148563385009765625,-0.93059408664703369140625,-0.365458786487579345703125";
                      2 = xpoint3:"0.999565184116363525390625,-0.02702206932008266448974609375,0.01179814152419567108154296875";
                    }
                  }
                }
                #1 = {
                  scale = fixp:"1";
                  name = str:"Bip01 L Clavicle01";
                  translation = xpoint3:"0,0.0126896686851978302001953125,5.14435863494873046875";
                  rotation = {
                    0 = xpoint3:"-0.2125503718852996826171875,-0.70889949798583984375,0.67252051830291748046875";
                    1 = xpoint3:"-0.051065385341644287109375,-0.67924797534942626953125,-0.732130110263824462890625";
                    2 = xpoint3:"0.975814878940582275390625,-0.18995702266693115234375,0.10817420482635498046875";
                  }
                  #0 = {
                    scale = fixp:"1";
                    name = str:"Bip01 L UpperArm01";
                    translation = xpoint3:"43.936473846435546875,0,0";
                    rotation = {
                      0 = xpoint3:"0.496727287769317626953125,-0.2735036909580230712890625,0.823242008686065673828125";
                      1 = xpoint3:"0.217492997646331787109375,0.95795345306396484375,0.186978399753570556640625";
                      2 = xpoint3:"-0.839778840541839599609375,0.0863704383373260498046875,0.535385310649871826171875";
                    }
                    #0 = {
                      scale = fixp:"1";
                      name = str:"Bip01 L Forearm01";
                      translation = xpoint3:"34.211700439453125,0,0";
                      rotation = {
                        0 = xpoint3:"-0.08826839923858642578125,0.995303690433502197265625,0";
                        1 = xpoint3:"-0.995303690433502197265625,-0.08826839923858642578125,0";
                        2 = xpoint3:"0,0,1";
                      }
                      #0 = {
                        scale = fixp:"1";
                        name = str:"Bip01 L Hand01";
                        translation = xpoint3:"47.080841064453125,0,0";
                        rotation = {
                          0 = xpoint3:"0.917807102203369140625,-0.3402709066867828369140625,-0.204270780086517333984375";
                          1 = xpoint3:"0.3027159273624420166015625,0.267846524715423583984375,0.914089143276214599609375";
                          2 = xpoint3:"-0.25665915012359619140625,-0.900783836841583251953125,0.348955333232879638671875";
                        }
                        #0 = {
                          scale = fixp:"1";
                          name = str:"Bip01 L Finger04";
                          translation = xpoint3:"9.47557926177978515625,9.01483631134033203125,-9.387729644775390625";
                          rotation = {
                            0 = xpoint3:"0.4088254272937774658203125,0.88150274753570556640625,0.236251354217529296875";
                            1 = xpoint3:"0.75826823711395263671875,-0.18405197560787200927734375,-0.625423252582550048828125";
                            2 = xpoint3:"-0.50782978534698486328125,0.434830844402313232421875,-0.7436606884002685546875";
                          }
                          #0 = {
                            scale = fixp:"1";
                            name = str:"Bip01 L Finger05";
                            translation = xpoint3:"12.6810665130615234375,0,0";
                            rotation = {
                              0 = xpoint3:"0.61431539058685302734375,-0.789060533046722412109375,0";
                              1 = xpoint3:"0.789060533046722412109375,0.61431539058685302734375,0";
                              2 = xpoint3:"0,0,1";
                            }
                          }
                        }
                        #1 = {
                          scale = fixp:"1";
                          name = str:"Bip01 L Finger06";
                          translation = xpoint3:"19.5843372344970703125,2.845762729644775390625,-8.60566425323486328125";
                          rotation = {
                            0 = xpoint3:"0.885987222194671630859375,0.280322015285491943359375,0.36938631534576416015625";
                            1 = xpoint3:"-0.18353076279163360595703125,0.943524658679962158203125,-0.2758218944072723388671875";
                            2 = xpoint3:"-0.42584407329559326171875,0.17658092081546783447265625,0.8873984813690185546875";
                          }
                          #0 = {
                            scale = fixp:"1";
                            name = str:"Bip01 L Finger07";
                            translation = xpoint3:"14.1516475677490234375,0,0";
                            rotation = {
                              0 = xpoint3:"0.541102230548858642578125,-0.84095680713653564453125,0";
                              1 = xpoint3:"0.84095680713653564453125,0.541102230548858642578125,0";
                              2 = xpoint3:"0,0,1";
                            }
                          }
                        }
                        #2 = {
                          scale = fixp:"1";
                          name = str:"Bip01 L Finger08";
                          translation = xpoint3:"21.216808319091796875,0,0";
                          rotation = {
                            0 = xpoint3:"0.998628079891204833984375,-0.00408637709915637969970703125,0.0522037930786609649658203125";
                            1 = xpoint3:"0,0.996888339519500732421875,0.078826315701007843017578125";
                            2 = xpoint3:"-0.0523634664714336395263671875,-0.078720338642597198486328125,0.995520532131195068359375";
                          }
                          #0 = {
                            scale = fixp:"1";
                            name = str:"Bip01 L Finger09";
                            translation = xpoint3:"15.11063480377197265625,0,0";
                            rotation = {
                              0 = xpoint3:"0.73906409740447998046875,-0.673635065555572509765625,0";
                              1 = xpoint3:"0.673635065555572509765625,0.73906409740447998046875,0";
                              2 = xpoint3:"0,0,1";
                            }
                          }
                        }
                        #3 = {
                          scale = fixp:"1";
                          name = str:"Bip01 L Finger10";
                          translation = xpoint3:"19.9688587188720703125,0.3693173825740814208984375,8.46000766754150390625";
                          rotation = {
                            0 = xpoint3:"0.941444098949432373046875,-0.04091192781925201416015625,-0.3346777260303497314453125";
                            1 = xpoint3:"0.18499918282032012939453125,0.8925311565399169921875,0.41129481792449951171875";
                            2 = xpoint3:"0.2818834483623504638671875,-0.449126183986663818359375,0.84783685207366943359375";
                          }
                          #0 = {
                            scale = fixp:"1";
                            name = str:"Bip01 L Finger12";
                            translation = xpoint3:"11.9389781951904296875,0,0";
                            rotation = {
                              0 = xpoint3:"0.69593608379364013671875,-0.71810376644134521484375,0";
                              1 = xpoint3:"0.71810376644134521484375,0.69593608379364013671875,0";
                              2 = xpoint3:"0,0,1";
                            }
                          }
                        }
                        #4 = {
                          scale = fixp:"1";
                          name = str:"pt_hand";
                          translation = xpoint3:"9.7424755096435546875,0.2103818356990814208984375,-0.616452872753143310546875";
                          rotation = {
                            0 = xpoint3:"0.17887534201145172119140625,-0.783983886241912841796875,-0.594451725482940673828125";
                            1 = xpoint3:"-0.731677830219268798828125,0.2979336082935333251953125,-0.613093078136444091796875";
                            2 = xpoint3:"0.657762229442596435546875,0.544614374637603759765625,-0.5203306674957275390625";
                          }
                        }
                      }
                    }
                  }
                }
                #2 = {
                  scale = fixp:"1";
                  name = str:"Bip01 R Clavicle01";
                  translation = xpoint3:"0,0.012726620770990848541259765625,-5.144340991973876953125";
                  rotation = {
                    0 = xpoint3:"-0.21255047619342803955078125,-0.708899080753326416015625,-0.672520935535430908203125";
                    1 = xpoint3:"-0.051059246063232421875,-0.679249584674835205078125,0.732129037380218505859375";
                    2 = xpoint3:"-0.97581517696380615234375,0.189952790737152099609375,0.10817897319793701171875";
                  }
                  #0 = {
                    scale = fixp:"1";
                    name = str:"Bip01 R UpperArm01";
                    translation = xpoint3:"43.936511993408203125,0,0";
                    rotation = {
                      0 = xpoint3:"0.425384938716888427734375,-0.19493512809276580810546875,-0.883297264575958251953125";
                      1 = xpoint3:"-0.00914861261844635009765625,0.97554433345794677734375,-0.21953137218952178955078125";
                      2 = xpoint3:"0.904505431652069091796875,0.10138054192066192626953125,0.4132073819637298583984375";
                    }
                    #0 = {
                      scale = fixp:"1";
                      name = str:"BONE_GUN";
                      translation = xpoint3:"34.21173858642578125,0,0";
                      rotation = {
                        0 = xpoint3:"-0.0036294460296630859375,0.99926483631134033203125,0";
                        1 = xpoint3:"-0.99926483631134033203125,-0.0036294460296630859375,0";
                        2 = xpoint3:"0,0,1";
                      }
                      #0 = {
                        scale = fixp:"1";
                        name = str:"Bip01 R Hand01";
                        translation = xpoint3:"47.08081817626953125,0,0";
                        rotation = {
                          0 = xpoint3:"0.91780722141265869140625,-0.3402706086635589599609375,0.2042708098888397216796875";
                          1 = xpoint3:"0.3027157485485076904296875,0.2678461968898773193359375,-0.914089262485504150390625";
                          2 = xpoint3:"0.256658971309661865234375,0.900784075260162353515625,0.3489549458026885986328125";
                        }
                        #0 = {
                          scale = fixp:"1";
                          name = str:"Bip01 R Finger04";
                          translation = xpoint3:"9.47558116912841796875,9.01483249664306640625,9.3877410888671875";
                          rotation = {
                            0 = xpoint3:"0.4350334703922271728515625,0.86886775493621826171875,-0.23625133931636810302734375";
                            1 = xpoint3:"0.75241816043853759765625,-0.20667137205600738525390625,0.62542283535003662109375";
                            2 = xpoint3:"0.4945833683013916015625,-0.4498396813869476318359375,-0.743660867214202880859375";
                          }
                          #0 = {
                            scale = fixp:"1";
                            name = str:"Bip01 R Finger05";
                            translation = xpoint3:"12.6810817718505859375,0,0";
                            rotation = {
                              0 = xpoint3:"0.614315509796142578125,-0.78906047344207763671875,0";
                              1 = xpoint3:"0.78906047344207763671875,0.614315509796142578125,0";
                              2 = xpoint3:"0,0,1";
                            }
                          }
                        }
                        #1 = {
                          scale = fixp:"1";
                          name = str:"Bip01 R Finger06";
                          translation = xpoint3:"19.5843353271484375,2.84575653076171875,8.6056690216064453125";
                          rotation = {
                            0 = xpoint3:"0.862508118152618408203125,0.280322134494781494140625,-0.4213066399097442626953125";
                            1 = xpoint3:"-0.1668411195278167724609375,0.943524539470672607421875,0.286226212978363037109375";
                            2 = xpoint3:"0.4777487218379974365234375,-0.17658115923404693603515625,0.860566794872283935546875";
                          }
                          #0 = {
                            scale = fixp:"1";
                            name = str:"Bip01 R Finger07";
                            translation = xpoint3:"14.1516590118408203125,0,0";
                            rotation = {
                              0 = xpoint3:"0.541101992130279541015625,-0.840956985950469970703125,0";
                              1 = xpoint3:"0.840956985950469970703125,0.541101992130279541015625,0";
                              2 = xpoint3:"0,0,1";
                            }
                          }
                        }
                        #2 = {
                          scale = fixp:"1";
                          name = str:"Bip01 R Finger08";
                          translation = xpoint3:"21.21681976318359375,0,0";
                          rotation = {
                            0 = xpoint3:"0.998628079891204833984375,-0.00408634357154369354248046875,-0.052204079926013946533203125";
                            1 = xpoint3:"0,0.996888458728790283203125,-0.07882525026798248291015625";
                            2 = xpoint3:"0.05236375331878662109375,0.07871927320957183837890625,0.995520651340484619140625";
                          }
                          #0 = {
                            scale = fixp:"1";
                            name = str:"Bip01 R Finger09";
                            translation = xpoint3:"15.11062335968017578125,0,0";
                            rotation = {
                              0 = xpoint3:"0.7390639781951904296875,-0.6736352443695068359375,0";
                              1 = xpoint3:"0.6736352443695068359375,0.7390639781951904296875,0";
                              2 = xpoint3:"0,0,1";
                            }
                          }
                        }
                        #3 = {
                          scale = fixp:"1";
                          name = str:"Bip01 R Finger10";
                          translation = xpoint3:"19.9688777923583984375,0.3692819178104400634765625,-8.46001148223876953125";
                          rotation = {
                            0 = xpoint3:"0.853998661041259765625,-0.040911495685577392578125,0.518664181232452392578125";
                            1 = xpoint3:"0.26457202434539794921875,0.892531216144561767578125,-0.3652254641056060791015625";
                            2 = xpoint3:"-0.4479820728302001953125,0.4491260945796966552734375,0.773044526576995849609375";
                          }
                          #0 = {
                            scale = fixp:"1";
                            name = str:"Bip01 R Finger12";
                            translation = xpoint3:"11.9389934539794921875,0,0";
                            rotation = {
                              0 = xpoint3:"0.69593584537506103515625,-0.718103945255279541015625,0";
                              1 = xpoint3:"0.718103945255279541015625,0.69593584537506103515625,0";
                              2 = xpoint3:"0,0,1";
                            }
                          }
                        }
                        #4 = {
                          scale = fixp:"1";
                          name = str:"pt_hand@#0";
                          translation = xpoint3:"12.227214813232421875,-0.482265293598175048828125,-1.31662070751190185546875";
                          rotation = {
                            0 = xpoint3:"-0.3384033143520355224609375,-0.800814449787139892578125,-0.4941451251506805419921875";
                            1 = xpoint3:"0.8420398235321044921875,-0.023286424577236175537109375,-0.538912475109100341796875";
                            2 = xpoint3:"0.4200620353221893310546875,-0.598459661006927490234375,0.682197868824005126953125";
                          }
                        }
                      }
                      #1 = {
                        scale = fixp:"1";
                        name = str:"pt_shoot";
                        translation = xpoint3:"74.482940673828125,0.866268098354339599609375,2.087213039398193359375";
                        rotation = {
                          0 = xpoint3:"-0.090807460248470306396484375,-0.9958684444427490234375,0";
                          1 = xpoint3:"-0.533648014068603515625,0.0489338077604770660400390625,-0.8442897796630859375";
                          2 = xpoint3:"0.84081733226776123046875,-0.0764956176280975341796875,-0.5358867645263671875";
                        }
                      }
                    }
                  }
                }
              }
              #1 = {
                scale = fixp:"1";
                name = str:"Point01";
                translation = xpoint3:"-39.4888916015625,-38.91172027587890625,73.8809661865234375";
                rotation = {
                  0 = xpoint3:"0,0.999999701976776123046875,0";
                  1 = xpoint3:"0,0,0.999999701976776123046875";
                  2 = xpoint3:"1,0,0";
                }
              }
              #2 = {
                scale = fixp:"1";
                name = str:"Point02";
                translation = xpoint3:"-39.280426025390625,-38.811481475830078125,-60.449920654296875";
                rotation = {
                  0 = xpoint3:"0,0.999999701976776123046875,0";
                  1 = xpoint3:"0,0,0.999999701976776123046875";
                  2 = xpoint3:"1,0,0";
                }
              }
              #3 = {
                scale = fixp:"1";
                name = str:"IK Chain02";
                translation = xpoint3:"4.949733734130859375,33.21099090576171875,-77.05275726318359375";
                rotation = {
                  0 = xpoint3:"0,0,0.99927413463592529296875";
                  1 = xpoint3:"0,-0.99854862689971923828125,0";
                  2 = xpoint3:"0.9992744922637939453125,0,0";
                }
              }
              #4 = {
                scale = fixp:"1";
                name = str:"IK Chain01";
                translation = xpoint3:"1.23566520214080810546875,24.7987213134765625,79.20691680908203125";
                rotation = {
                  0 = xpoint3:"0,0,0.99927413463592529296875";
                  1 = xpoint3:"0,-0.99854862689971923828125,0";
                  2 = xpoint3:"0.9992744922637939453125,0,0";
                }
              }
              #5 = {
                scale = fixp:"1";
                name = str:"Bone01";
                translation = xpoint3:"59.51978302001953125,-6.822030544281005859375,47.9341888427734375";
                rotation = {
                  0 = xpoint3:"-0.74298858642578125,0.66930377483367919921875,0";
                  1 = xpoint3:"0,0,0.9999997615814208984375";
                  2 = xpoint3:"0.66930401325225830078125,0.74298870563507080078125,0";
                }
              }
              #6 = {
                scale = fixp:"1";
                name = str:"Bone03";
                translation = xpoint3:"58.6221160888671875,-6.821192264556884765625,-47.44252777099609375";
                rotation = {
                  0 = xpoint3:"-0.727846622467041015625,-0.68573963642120361328125,0";
                  1 = xpoint3:"0,0,0.999999701976776123046875";
                  2 = xpoint3:"-0.685739815235137939453125,0.727846801280975341796875,0";
                }
              }
              #7 = {
                scale = fixp:"1";
                name = str:"pt_chest ";
                translation = xpoint3:"23.885425567626953125,5.24458217620849609375,-1.16541182994842529296875";
                rotation = {
                  0 = xpoint3:"-0.049939386546611785888671875,-0.275030910968780517578125,0.960137546062469482421875";
                  1 = xpoint3:"-0.12681615352630615234375,-0.95180976390838623046875,-0.279241502285003662109375";
                  2 = xpoint3:"0.99066829681396484375,-0.1357060968875885009765625,0.01265443302690982818603515625";
                }
              }
            }
          }
          #1 = {
            scale = fixp:"1";
            name = str:"Point07";
            translation = xpoint3:"-76.33664703369140625,89.0561981201171875,52.309967041015625";
            rotation = {
              0 = xpoint3:"0,0,1";
              1 = xpoint3:"0,-1,0";
              2 = xpoint3:"1,0,0";
            }
          }
          #2 = {
            scale = fixp:"1";
            name = str:"Point06";
            translation = xpoint3:"-76.33655548095703125,89.05591583251953125,-45.498966217041015625";
            rotation = {
              0 = xpoint3:"0,0,1";
              1 = xpoint3:"0,-1,0";
              2 = xpoint3:"1,0,0";
            }
          }
          #3 = {
            scale = fixp:"1";
            name = str:"Point04";
            translation = xpoint3:"-80.29460906982421875,-73.351409912109375,22.86540985107421875";
            rotation = {
              0 = xpoint3:"0,0.999989986419677734375,0.00447356142103672027587890625";
              1 = xpoint3:"0,-0.0044735558331012725830078125,0.999989986419677734375";
              2 = xpoint3:"1,0,0";
            }
          }
          #4 = {
            scale = fixp:"1";
            name = str:"Point03";
            translation = xpoint3:"-78.96926116943359375,-73.35153961181640625,-18.3010463714599609375";
            rotation = {
              0 = xpoint3:"0,0.999989986419677734375,0.00447356142103672027587890625";
              1 = xpoint3:"0,-0.0044735558331012725830078125,0.999989986419677734375";
              2 = xpoint3:"1,0,0";
            }
          }
          #5 = {
            scale = fixp:"1";
            name = str:"Bip01 R Thigh01";
            translation = xpoint3:"0,0,-17.637813568115234375";
            rotation = {
              0 = xpoint3:"-0.631342232227325439453125,0.77277278900146484375,0.04314933717250823974609375";
              1 = xpoint3:"0.71059310436248779296875,0.602208435535430908203125,-0.3630774319171905517578125";
              2 = xpoint3:"-0.306752502918243408203125,-0.1989723145961761474609375,-0.92925417423248291015625";
            }
            #0 = {
              scale = fixp:"1";
              name = str:"Bip01 R Calf01";
              translation = xpoint3:"70.7139129638671875,0,0";
              rotation = {
                0 = xpoint3:"-0.036089532077312469482421875,0.99856960773468017578125,-0.0072538889944553375244140625";
                1 = xpoint3:"-0.99288785457611083984375,-0.0351031087338924407958984375,0.10695461928844451904296875";
                2 = xpoint3:"0.10661910474300384521484375,0.0111479349434375762939453125,0.99423325061798095703125";
              }
              #0 = {
                scale = fixp:"1";
                name = str:"Bip01 R HorseLink01";
                translation = xpoint3:"45.632175445556640625,0,0";
                rotation = {
                  0 = xpoint3:"0.3441647589206695556640625,-0.93774116039276123046875,0.035220228135585784912109375";
                  1 = xpoint3:"0.9220063686370849609375,0.344906628131866455078125,0.17318499088287353515625";
                  2 = xpoint3:"-0.1746515333652496337890625,-0.027024842798709869384765625,0.984247744083404541015625";
                }
                #0 = {
                  scale = fixp:"1";
                  name = str:"Bip01 R Foot01";
                  translation = xpoint3:"39.635089874267578125,0,0";
                  rotation = {
                    0 = xpoint3:"0.88717746734619140625,0.461157739162445068359375,0.00926994718611240386962890625";
                    1 = xpoint3:"-0.4606339931488037109375,0.884774744510650634765625,0.069446466863155364990234375";
                    2 = xpoint3:"0.02384798787534236907958984375,-0.065878801047801971435546875,0.99754083156585693359375";
                  }
                  #0 = {
                    scale = fixp:"1";
                    name = str:"Bip01 R Toe01";
                    translation = xpoint3:"37.12837982177734375,47.7826080322265625,0";
                    rotation = {
                      0 = xpoint3:"0,-0.9992744922637939453125,0";
                      1 = xpoint3:"0.9992744922637939453125,0,0";
                      2 = xpoint3:"0,0,1";
                    }
                  }
                  #1 = {
                    scale = fixp:"1";
                    name = str:"pt_footprint01";
                    translation = xpoint3:"37.30994415283203125,13.2371158599853515625,-0.1478068828582763671875";
                    rotation = {
                      0 = xpoint3:"-0.01185480691492557525634765625,-0.00343696004711091518402099609375,-0.99992382526397705078125";
                      1 = xpoint3:"0.0348235182464122772216796875,-0.9993889331817626953125,0.0030222646892070770263671875";
                      2 = xpoint3:"-0.999323189258575439453125,-0.0347850359976291656494140625,0.011967249214649200439453125";
                    }
                  }
                  #2 = {
                    scale = fixp:"1";
                    name = str:"pt_foot";
                    translation = xpoint3:"26.959228515625,13.2193603515625,0.02384179271757602691650390625";
                    rotation = {
                      0 = xpoint3:"-0.008681240491569042205810546875,-0.00292828329838812351226806640625,-0.999958038330078125";
                      1 = xpoint3:"0.044958658516407012939453125,-0.99898564815521240234375,0.0025351233780384063720703125";
                      2 = xpoint3:"-0.998951137065887451171875,-0.04493476450443267822265625,0.0088040865957736968994140625";
                    }
                  }
                }
              }
            }
          }
          #6 = {
            scale = fixp:"1";
            name = str:"Bip01 L Thigh01";
            translation = xpoint3:"0,0,17.63780975341796875";
            rotation = {
              0 = xpoint3:"-0.95592081546783447265625,0.1484754383563995361328125,-0.24765300750732421875";
              1 = xpoint3:"0.023155026137828826904296875,0.89446008205413818359375,0.4463763535022735595703125";
              2 = xpoint3:"0.2878208160400390625,0.4215958416461944580078125,-0.858323574066162109375";
            }
            #0 = {
              scale = fixp:"1";
              name = str:"Bip01 L Calf01";
              translation = xpoint3:"70.71392822265625,0,0";
              rotation = {
                0 = xpoint3:"0.19932758808135986328125,0.979146540164947509765625,-0.019458182156085968017578125";
                1 = xpoint3:"-0.959205806255340576171875,0.1912009716033935546875,-0.205408632755279541015625";
                2 = xpoint3:"-0.19756221771240234375,0.059502147138118743896484375,0.97846686840057373046875";
              }
              #0 = {
                scale = fixp:"1";
                name = str:"Bip01 L HorseLink01";
                translation = xpoint3:"45.632167816162109375,0,0";
                rotation = {
                  0 = xpoint3:"-0.2840558588504791259765625,-0.957292020320892333984375,-0.032261334359645843505859375";
                  1 = xpoint3:"0.944381058216094970703125,-0.2742748260498046875,-0.176262676715850830078125";
                  2 = xpoint3:"0.1599790751934051513671875,-0.080721907317638397216796875,0.983802378177642822265625";
                }
                #0 = {
                  scale = fixp:"1";
                  name = str:"Bip01 L Foot01";
                  translation = xpoint3:"39.635097503662109375,0,0";
                  rotation = {
                    0 = xpoint3:"0.838735282421112060546875,0.53566634654998779296875,-0.09669850766658782958984375";
                    1 = xpoint3:"-0.54211139678955078125,0.838044226169586181640625,-0.059682406485080718994140625";
                    2 = xpoint3:"0.04903317987918853759765625,0.102510191500186920166015625,0.99351799488067626953125";
                  }
                  #0 = {
                    scale = fixp:"1";
                    name = str:"Bip01 R Toe02";
                    translation = xpoint3:"37.23178863525390625,47.595947265625,0.702644646167755126953125";
                    rotation = {
                      0 = xpoint3:"0.0016807862557470798492431640625,-0.99927341938018798828125,0";
                      1 = xpoint3:"0.99901759624481201171875,0.00170049630105495452880859375,0.02262829244136810302734375";
                      2 = xpoint3:"-0.0226291306316852569580078125,0,0.999743402004241943359375";
                    }
                  }
                  #1 = {
                    scale = fixp:"1";
                    name = str:"pt_foot@#1";
                    translation = xpoint3:"24.1715373992919921875,15.099544525146484375,0.603725731372833251953125";
                    rotation = {
                      0 = xpoint3:"0.02953989803791046142578125,0,-0.9995634555816650390625";
                      1 = xpoint3:"0.0039802123792469501495361328125,-0.999991893768310546875,0";
                      2 = xpoint3:"-0.99955570697784423828125,-0.0039966045878827571868896484375,-0.029537685215473175048828125";
                    }
                  }
                  #2 = {
                    scale = fixp:"1";
                    name = str:"pt_footprint02";
                    translation = xpoint3:"37.2368927001953125,14.8147335052490234375,1.1157085895538330078125";
                    rotation = {
                      0 = xpoint3:"0.0326365046203136444091796875,-0.00326936133205890655517578125,-0.999461948871612548828125";
                      1 = xpoint3:"-0.00792761705815792083740234375,-0.999964058399200439453125,0.003012134693562984466552734375";
                      2 = xpoint3:"-0.999435842037200927734375,0.007825045846402645111083984375,-0.032661251723766326904296875";
                    }
                  }
                }
              }
            }
          }
        }
        #1 = {
          scale = fixp:"1";
          name = str:"pt_cast";
          translation = xpoint3:"82.9630126953125,-1.71822035312652587890625,31.47045135498046875";
          rotation = {
            0 = xpoint3:"0,-1,0";
            1 = xpoint3:"1,0,0";
            2 = xpoint3:"0,0,1";
          }
        }
        #2 = {
          scale = fixp:"1";
          name = str:"pt_center";
          translation = xpoint3:"4.7273426055908203125,-3.6394951343536376953125,36.89165496826171875";
          rotation = {
            0 = xpoint3:"0,-1,0";
            1 = xpoint3:"1,0,0";
            2 = xpoint3:"0,0,1";
          }
        }
      }
      #1 = {
        scale = fixp:"1";
        name = str:"pt_aim";
        translation = xpoint3:"-41.99161529541015625,-36.34670257568359375,209.9927520751953125";
        rotation = {
          0 = xpoint3:"1,0,0";
          1 = xpoint3:"0,0,-1";
          2 = xpoint3:"0,1,0";
        }
      }
      #2 = {
        scale = fixp:"1";
        name = str:"pt_top";
        translation = xpoint3:"-3.1560151576995849609375,-0.81434023380279541015625,332.69921875";
        rotation = {
          0 = xpoint3:"0,0,1";
          1 = xpoint3:"0,-1,0";
          2 = xpoint3:"1,0,0";
        }
      }
      #3 = {
        scale = fixp:"1";
        name = str:"pt_ground";
        translation = xpoint3:"0,0,0";
        rotation = {
          0 = xpoint3:"1,0,0";
          1 = xpoint3:"0,1,0";
          2 = xpoint3:"0,0,1";
        }
      }
    }
  }
  #2 = {
    scale = fixp:"1";
    name = str:"Manipulator630";
    translation = xpoint3:"0,0,0";
    rotation = {
      0 = xpoint3:"1,0,0";
      1 = xpoint3:"0,1,0";
      2 = xpoint3:"0,0,1";
    }
  }
  #3 = {
    scale = fixp:"1";
    name = str:"Manipulator365";
    translation = xpoint3:"0,0,0";
    rotation = {
      0 = xpoint3:"1,0,0";
      1 = xpoint3:"0,1,0";
      2 = xpoint3:"0,0,1";
    }
  }
}