model = {
  file = str:"data\models\units\dummy2\linfantry.nif";
  animation = {
    loop = fixp:"0";
    duration = fixp:"7.16666698455810546875";
  }
  #0 = {
    scale = fixp:"1";
    name = str:"ROOT";
    translation = xpoint3:"0,0,0";
    rotation = {
      0 = xpoint3:"1,0,0";
      1 = xpoint3:"0,1,0";
      2 = xpoint3:"0,0,1";
    }
    #6 = {
      scale = fixp:"1";
      name = str:"ROOT NonAccum";
      translation = xpoint3:"0,0,0";
      rotation = {
        0 = xpoint3:"1,0,0";
        1 = xpoint3:"0,1,0";
        2 = xpoint3:"0,0,1";
      }
      #0 = {
        scale = fixp:"1";
        name = str:"fire";
        translation = xpoint3:"-16.826534271240234375,-103.7091522216796875,156.097412109375";
        rotation = {
          0 = xpoint3:"0.098932646214962005615234375,0.97350561618804931640625,-0.20615319907665252685546875";
          1 = xpoint3:"-0.991526186466217041015625,0.113967113196849822998046875,0.0623483955860137939453125";
          2 = xpoint3:"0.084191195666790008544921875,0.19823800027370452880859375,0.97653138637542724609375";
        }
      }
      #1 = {
        scale = fixp:"1";
        name = str:"throw_up";
        translation = xpoint3:"33.4205169677734375,-62.372089385986328125,192.08209228515625";
        rotation = {
          0 = xpoint3:"1,0,0";
          1 = xpoint3:"0,1,0";
          2 = xpoint3:"0,0,1";
        }
      }
      #2 = {
        scale = fixp:"1";
        name = str:"throw_down";
        translation = xpoint3:"15.1954555511474609375,-80.90433502197265625,147.1923675537109375";
        rotation = {
          0 = xpoint3:"1,0,0";
          1 = xpoint3:"0,1,0";
          2 = xpoint3:"0,0,1";
        }
      }
      #3 = {
        scale = fixp:"1";
        name = str:"Bip01";
        translation = xpoint3:"0,0,98.55451202392578125";
        rotation = {
          0 = xpoint3:"0,0.9992744922637939453125,0";
          1 = xpoint3:"-0.9992744922637939453125,0,0";
          2 = xpoint3:"0,0,1";
        }
        #0 = {
          scale = fixp:"1";
          name = str:"Bip01 Footsteps";
          translation = xpoint3:"0,0,-97.4311676025390625";
          rotation = {
            0 = xpoint3:"0,-1,0";
            1 = xpoint3:"1,0,0";
            2 = xpoint3:"0,0,1";
          }
        }
        #1 = {
          scale = fixp:"1";
          name = str:"Bip01 Pelvis";
          translation = xpoint3:"0,0,0";
          rotation = {
            0 = xpoint3:"0,0.99927437305450439453125,0";
            1 = xpoint3:"0,0,0.999274432659149169921875";
            2 = xpoint3:"0.99927437305450439453125,0,0";
          }
          #0 = {
            scale = fixp:"1";
            name = str:"Bip01 Spine";
            translation = xpoint3:"10.17827606201171875,-0.01201890595257282257080078125,0";
            rotation = {
              0 = xpoint3:"0.986296951770782470703125,-0.1627337932586669921875,0.0267615057528018951416015625";
              1 = xpoint3:"0.16047489643096923828125,0.984416663646697998046875,0.071756534278392791748046875";
              2 = xpoint3:"-0.0380298607051372528076171875,-0.066474862396717071533203125,0.997060954570770263671875";
            }
            #0 = {
              scale = fixp:"1";
              name = str:"Bip01 Spine1";
              translation = xpoint3:"15.3382549285888671875,-0.012210716493427753448486328125,0";
              rotation = {
                0 = xpoint3:"0.99970066547393798828125,-0.0070964223705232143402099609375,-0.02340391464531421661376953125";
                1 = xpoint3:"0.0073366691358387470245361328125,0.999921143054962158203125,0.010187895037233829498291015625";
                2 = xpoint3:"0.02332971803843975067138671875,-0.010356674902141094207763671875,0.99967396259307861328125";
              }
              #0 = {
                scale = fixp:"1";
                name = str:"Bip01 Spine2";
                translation = xpoint3:"15.33840274810791015625,-0.01581536233425140380859375,0";
                rotation = {
                  0 = xpoint3:"0.99938237667083740234375,-0.014489545486867427825927734375,-0.032001040875911712646484375";
                  1 = xpoint3:"0.015111030079424381256103515625,0.999700248241424560546875,0.01925070397555828094482421875";
                  2 = xpoint3:"0.03171230852603912353515625,-0.01972272433340549468994140625,0.999301910400390625";
                }
                #0 = {
                  scale = fixp:"1";
                  name = str:"Bip01 Neck";
                  translation = xpoint3:"19.8643341064453125,-0.00623253174126148223876953125,0";
                  rotation = {
                    0 = xpoint3:"0.98246443271636962890625,0.185759127140045166015625,0.01522171683609485626220703125";
                    1 = xpoint3:"-0.1834861338138580322265625,0.978313267230987548828125,-0.0959399640560150146484375";
                    2 = xpoint3:"-0.03272603452205657958984375,0.09146137535572052001953125,0.99526727199554443359375";
                  }
                  #0 = {
                    scale = fixp:"1";
                    name = str:"Bip01 Head";
                    translation = xpoint3:"8.00297069549560546875,0,0";
                    rotation = {
                      0 = xpoint3:"0.999999701976776123046875,0,0";
                      1 = xpoint3:"0,0.999999701976776123046875,0";
                      2 = xpoint3:"0,0,1";
                    }
                    #0 = {
                      scale = fixp:"1";
                      name = str:"Bip01 HeadNub";
                      translation = xpoint3:"20.7950305938720703125,0,0";
                      rotation = {
                        0 = xpoint3:"1,0,0";
                        1 = xpoint3:"0,1,0";
                        2 = xpoint3:"0,0,1";
                      }
                    }
                    #1 = {
                      scale = fixp:"1";
                      name = str:"Bone_Jaw";
                      translation = xpoint3:"2.3446528911590576171875,0.504108965396881103515625,0";
                      rotation = {
                        0 = xpoint3:"-0.2773183882236480712890625,-0.960778057575225830078125,0";
                        1 = xpoint3:"0.960778057575225830078125,-0.2773183882236480712890625,0";
                        2 = xpoint3:"0,0,1";
                      }
                    }
                    #2 = {
                      scale = fixp:"1";
                      name = str:"Bone_UpLip";
                      translation = xpoint3:"4.398831844329833984375,4.299610137939453125,0";
                      rotation = {
                        0 = xpoint3:"0.0491034574806690216064453125,-0.99879372119903564453125,0";
                        1 = xpoint3:"0.99879372119903564453125,0.0491034574806690216064453125,0";
                        2 = xpoint3:"0,0,1";
                      }
                    }
                    #3 = {
                      scale = fixp:"1";
                      name = str:"Bone_EyelidUp_L";
                      translation = xpoint3:"11.25483226776123046875,5.1734161376953125,3.3286540508270263671875";
                      rotation = {
                        0 = xpoint3:"0.442291796207427978515625,-0.89687120914459228515625,0";
                        1 = xpoint3:"0.89687120914459228515625,0.442291796207427978515625,0";
                        2 = xpoint3:"0,0,1";
                      }
                    }
                    #4 = {
                      scale = fixp:"1";
                      name = str:"Bone_EyelidDn_L";
                      translation = xpoint3:"10.616283416748046875,5.10620021820068359375,3.32865428924560546875";
                      rotation = {
                        0 = xpoint3:"-0.0612112469971179962158203125,-0.9981248378753662109375,0";
                        1 = xpoint3:"0.9981248378753662109375,-0.0612112469971179962158203125,0";
                        2 = xpoint3:"0,0,1";
                      }
                    }
                    #5 = {
                      scale = fixp:"1";
                      name = str:"Bone_EyelidUp_R";
                      translation = xpoint3:"11.254833221435546875,5.17342376708984375,-3.4281795024871826171875";
                      rotation = {
                        0 = xpoint3:"0.23768897354602813720703125,-0.971341311931610107421875,0";
                        1 = xpoint3:"0.971341311931610107421875,0.23768897354602813720703125,0";
                        2 = xpoint3:"0,0,1";
                      }
                    }
                    #6 = {
                      scale = fixp:"1";
                      name = str:"Bone_EyelidDn_R";
                      translation = xpoint3:"10.616298675537109375,5.10620784759521484375,-3.4281795024871826171875";
                      rotation = {
                        0 = xpoint3:"0.15627269446849822998046875,-0.98771393299102783203125,0";
                        1 = xpoint3:"0.98771393299102783203125,0.15627269446849822998046875,0";
                        2 = xpoint3:"0,0,1";
                      }
                    }
                    #7 = {
                      scale = fixp:"1";
                      name = str:"Bone_Brow_L";
                      translation = xpoint3:"13.9501018524169921875,3.5822751522064208984375,2.2512371540069580078125";
                      rotation = {
                        0 = xpoint3:"-0.0267987735569477081298828125,-0.99964082241058349609375,0";
                        1 = xpoint3:"0.99964082241058349609375,-0.0267987735569477081298828125,0";
                        2 = xpoint3:"0,0,1";
                      }
                    }
                    #8 = {
                      scale = fixp:"1";
                      name = str:"Bone_Brow_R";
                      translation = xpoint3:"13.9501018524169921875,3.5822823047637939453125,-2.35564517974853515625";
                      rotation = {
                        0 = xpoint3:"-0.1570486128330230712890625,-0.987590849399566650390625,0";
                        1 = xpoint3:"0.987590849399566650390625,-0.1570486128330230712890625,0";
                        2 = xpoint3:"0,0,1";
                      }
                    }
                    #9 = {
                      scale = fixp:"1";
                      name = str:"pt_head";
                      translation = xpoint3:"5.395128726959228515625,0.6752803325653076171875,0.00256269029341638088226318359375";
                      rotation = {
                        0 = xpoint3:"-0.010236662812530994415283203125,0.022653520107269287109375,0.999690949916839599609375";
                        1 = xpoint3:"-0.04301948845386505126953125,-0.9988276958465576171875,0.02219344489276409149169921875";
                        2 = xpoint3:"0.9990217685699462890625,-0.042779006063938140869140625,0.011199205182492733001708984375";
                      }
                    }
                  }
                  #1 = {
                    scale = fixp:"1";
                    name = str:"Bip01 L Clavicle";
                    translation = xpoint3:"-7.716165065765380859375,-0.7102069854736328125,7.392776966094970703125";
                    rotation = {
                      0 = xpoint3:"-0.3131331503391265869140625,0.1582043170928955078125,0.935421645641326904296875";
                      1 = xpoint3:"0.38911998271942138671875,-0.87639892101287841796875,0.2789047658443450927734375";
                      2 = xpoint3:"0.865232884883880615234375,0.4518557488918304443359375,0.21461330354213714599609375";
                    }
                    #0 = {
                      scale = fixp:"1";
                      name = str:"Bip01 L UpperArm";
                      translation = xpoint3:"14.83709812164306640625,0,0";
                      rotation = {
                        0 = xpoint3:"0.938057959079742431640625,-0.0443961359560489654541015625,0.3434915244579315185546875";
                        1 = xpoint3:"0.0555955581367015838623046875,0.99819195270538330078125,-0.02278909273445606231689453125";
                        2 = xpoint3:"-0.3418575227260589599609375,0.04048693180084228515625,0.938831984996795654296875";
                      }
                      #0 = {
                        scale = fixp:"1";
                        name = str:"Bip01 L Forearm";
                        translation = xpoint3:"28.9482631683349609375,0,0";
                        rotation = {
                          0 = xpoint3:"0.653719961643218994140625,0.756404459476470947265625,0";
                          1 = xpoint3:"-0.756404459476470947265625,0.653719961643218994140625,0";
                          2 = xpoint3:"0,0,1";
                        }
                        #0 = {
                          scale = fixp:"1";
                          name = str:"Bip01 L Hand";
                          translation = xpoint3:"23.4047336578369140625,0,0";
                          rotation = {
                            0 = xpoint3:"1,0,0";
                            1 = xpoint3:"0,0.001521289348602294921875,0.999274075031280517578125";
                            2 = xpoint3:"0,-0.999274075031280517578125,0.001521289348602294921875";
                          }
                          #0 = {
                            scale = fixp:"1";
                            name = str:"Bip01 L Finger0";
                            translation = xpoint3:"2.284397602081298828125,2.5279293060302734375,-3.8903129100799560546875";
                            rotation = {
                              0 = xpoint3:"0.780944049358367919921875,0.581272900104522705078125,0.2278821766376495361328125";
                              1 = xpoint3:"0.109356820583343505859375,0.232585251331329345703125,-0.965831935405731201171875";
                              2 = xpoint3:"-0.61469471454620361328125,0.779045641422271728515625,0.118145830929279327392578125";
                            }
                            #0 = {
                              scale = fixp:"1";
                              name = str:"Bip01 L Finger01";
                              translation = xpoint3:"3.4634845256805419921875,0,0";
                              rotation = {
                                0 = xpoint3:"0.948866307735443115234375,-0.3155607283115386962890625,0";
                                1 = xpoint3:"0.3155607283115386962890625,0.948866307735443115234375,0";
                                2 = xpoint3:"0,0,1";
                              }
                              #0 = {
                                scale = fixp:"1";
                                name = str:"Bip01 L Finger02";
                                translation = xpoint3:"3.4634811878204345703125,0,0";
                                rotation = {
                                  0 = xpoint3:"0.999651730060577392578125,-0.026379764080047607421875,0";
                                  1 = xpoint3:"0.026379764080047607421875,0.999651730060577392578125,0";
                                  2 = xpoint3:"0,0,1";
                                }
                                #0 = {
                                  scale = fixp:"1";
                                  name = str:"Bip01 L Finger0Nub";
                                  translation = xpoint3:"2.8507230281829833984375,0,0";
                                  rotation = {
                                    0 = xpoint3:"1,0,0";
                                    1 = xpoint3:"0,1,0";
                                    2 = xpoint3:"0,0,1";
                                  }
                                }
                              }
                            }
                          }
                          #1 = {
                            scale = fixp:"1";
                            name = str:"Bip01 L Finger1";
                            translation = xpoint3:"8.98181915283203125,0.729907214641571044921875,-3.05894184112548828125";
                            rotation = {
                              0 = xpoint3:"0.989841520786285400390625,-0.08396489918231964111328125,0.11466874182224273681640625";
                              1 = xpoint3:"0.08373285830020904541015625,0.9964621067047119140625,0.00684935413300991058349609375";
                              2 = xpoint3:"-0.11483828723430633544921875,0.0028287894092500209808349609375,0.993375360965728759765625";
                            }
                            #0 = {
                              scale = fixp:"1";
                              name = str:"Bip01 L Finger11";
                              translation = xpoint3:"3.5640046596527099609375,0,0";
                              rotation = {
                                0 = xpoint3:"0.961492717266082763671875,-0.274728715419769287109375,0";
                                1 = xpoint3:"0.274728715419769287109375,0.961492717266082763671875,0";
                                2 = xpoint3:"0,0,1";
                              }
                              #0 = {
                                scale = fixp:"1";
                                name = str:"Bip01 L Finger12";
                                translation = xpoint3:"2.712921619415283203125,0,0";
                                rotation = {
                                  0 = xpoint3:"0.986115396022796630859375,-0.16600072383880615234375,0";
                                  1 = xpoint3:"0.16600072383880615234375,0.986115396022796630859375,0";
                                  2 = xpoint3:"0,0,1";
                                }
                                #0 = {
                                  scale = fixp:"1";
                                  name = str:"Bip01 L Finger1Nub";
                                  translation = xpoint3:"2.9746456146240234375,0,0";
                                  rotation = {
                                    0 = xpoint3:"1,0,0";
                                    1 = xpoint3:"0,1,0";
                                    2 = xpoint3:"0,0,1";
                                  }
                                }
                              }
                            }
                          }
                          #2 = {
                            scale = fixp:"1";
                            name = str:"Bip01 L Finger2";
                            translation = xpoint3:"9.19515323638916015625,0.3712428510189056396484375,-0.1926879584789276123046875";
                            rotation = {
                              0 = xpoint3:"0.99550724029541015625,-0.094651304185390472412109375,0";
                              1 = xpoint3:"0.094651274383068084716796875,0.99550688266754150390625,0";
                              2 = xpoint3:"0,0,0.999999701976776123046875";
                            }
                            #0 = {
                              scale = fixp:"1";
                              name = str:"Bip01 L Finger21";
                              translation = xpoint3:"4.12753009796142578125,0,0";
                              rotation = {
                                0 = xpoint3:"0.986447870731353759765625,-0.16401492059230804443359375,0";
                                1 = xpoint3:"0.16401492059230804443359375,0.986447870731353759765625,0";
                                2 = xpoint3:"0,0,1";
                              }
                              #0 = {
                                scale = fixp:"1";
                                name = str:"Bip01 L Finger22";
                                translation = xpoint3:"3.5253121852874755859375,0,0";
                                rotation = {
                                  0 = xpoint3:"0.959415972232818603515625,-0.28189027309417724609375,0";
                                  1 = xpoint3:"0.28189027309417724609375,0.959415972232818603515625,0";
                                  2 = xpoint3:"0,0,1";
                                }
                                #0 = {
                                  scale = fixp:"1";
                                  name = str:"Bip01 L Finger2Nub";
                                  translation = xpoint3:"3.55065822601318359375,0,0";
                                  rotation = {
                                    0 = xpoint3:"1,0,0";
                                    1 = xpoint3:"0,1,0";
                                    2 = xpoint3:"0,0,1";
                                  }
                                }
                              }
                            }
                          }
                          #3 = {
                            scale = fixp:"1";
                            name = str:"Bip01 L Finger3";
                            translation = xpoint3:"9.22173213958740234375,0.7343170642852783203125,2.48466014862060546875";
                            rotation = {
                              0 = xpoint3:"0.98981487751007080078125,-0.09107269346714019775390625,-0.109350383281707763671875";
                              1 = xpoint3:"0.0909923017024993896484375,0.995832026004791259765625,-0.0057386145927011966705322265625";
                              2 = xpoint3:"0.1094172894954681396484375,-0.0042771431617438793182373046875,0.9939823150634765625";
                            }
                            #0 = {
                              scale = fixp:"1";
                              name = str:"Bip01 L Finger31";
                              translation = xpoint3:"3.6836102008819580078125,0,0";
                              rotation = {
                                0 = xpoint3:"0.971565783023834228515625,-0.2366826534271240234375,0";
                                1 = xpoint3:"0.2366826534271240234375,0.971565783023834228515625,0";
                                2 = xpoint3:"0,0,1";
                              }
                              #0 = {
                                scale = fixp:"1";
                                name = str:"Bip01 L Finger32";
                                translation = xpoint3:"2.9535529613494873046875,0,0";
                                rotation = {
                                  0 = xpoint3:"0.991670787334442138671875,-0.1287513673305511474609375,0";
                                  1 = xpoint3:"0.1287513673305511474609375,0.991670787334442138671875,0";
                                  2 = xpoint3:"0,0,1";
                                }
                                #0 = {
                                  scale = fixp:"1";
                                  name = str:"Bip01 L Finger3Nub";
                                  translation = xpoint3:"2.7112903594970703125,0,0";
                                  rotation = {
                                    0 = xpoint3:"1,0,0";
                                    1 = xpoint3:"0,1,0";
                                    2 = xpoint3:"0,0,1";
                                  }
                                }
                              }
                            }
                          }
                          #4 = {
                            scale = fixp:"1";
                            name = str:"Bip01 L Finger4";
                            translation = xpoint3:"8.33180141448974609375,0.7101509571075439453125,4.9867343902587890625";
                            rotation = {
                              0 = xpoint3:"0.974972248077392578125,-0.07014320790767669677734375,-0.21088565886020660400390625";
                              1 = xpoint3:"0.069209873676300048828125,0.99753034114837646484375,-0.01181495003402233123779296875";
                              2 = xpoint3:"0.21119381487369537353515625,-0.00308693316765129566192626953125,0.97742259502410888671875";
                            }
                            #0 = {
                              scale = fixp:"1";
                              name = str:"Bip01 L Finger41";
                              translation = xpoint3:"3.2416584491729736328125,0,0";
                              rotation = {
                                0 = xpoint3:"0.98978435993194580078125,-0.14252047240734100341796875,0";
                                1 = xpoint3:"0.14252047240734100341796875,0.98978435993194580078125,0";
                                2 = xpoint3:"0,0,1";
                              }
                              #0 = {
                                scale = fixp:"1";
                                name = str:"Bip01 L Finger42";
                                translation = xpoint3:"2.22130298614501953125,0,0";
                                rotation = {
                                  0 = xpoint3:"0.910172283649444580078125,-0.4140726029872894287109375,0";
                                  1 = xpoint3:"0.4140726029872894287109375,0.910172283649444580078125,0";
                                  2 = xpoint3:"0,0,1";
                                }
                                #0 = {
                                  scale = fixp:"1";
                                  name = str:"Bip01 L Finger4Nub";
                                  translation = xpoint3:"2.4556195735931396484375,0,0";
                                  rotation = {
                                    0 = xpoint3:"1,0,0";
                                    1 = xpoint3:"0,1,0";
                                    2 = xpoint3:"0,0,1";
                                  }
                                }
                              }
                            }
                          }
                          #5 = {
                            scale = fixp:"1";
                            name = str:"Grenade";
                            translation = xpoint3:"10.86460113525390625,5.603961467742919921875,-4.914207935333251953125";
                            rotation = {
                              0 = xpoint3:"0.2654449939727783203125,-0.9411983489990234375,-0.20900852978229522705078125";
                              1 = xpoint3:"-0.93602359294891357421875,-0.3035384714603424072265625,0.17811302840709686279296875";
                              2 = xpoint3:"-0.23108182847499847412109375,0.148357689380645751953125,-0.9615566730499267578125";
                            }
                          }
                          #6 = {
                            scale = fixp:"1";
                            name = str:"pt_hand";
                            translation = xpoint3:"10.21189403533935546875,5.47898578643798828125,0";
                            rotation = {
                              0 = xpoint3:"1,0,0";
                              1 = xpoint3:"0,1,0";
                              2 = xpoint3:"0,0,1";
                            }
                          }
                        }
                      }
                    }
                  }
                  #2 = {
                    scale = fixp:"1";
                    name = str:"Bip01 R Clavicle";
                    translation = xpoint3:"-7.22199344635009765625,-2.091297626495361328125,-7.625518321990966796875";
                    rotation = {
                      0 = xpoint3:"0.0427735038101673126220703125,0.1854554116725921630859375,-0.9810135364532470703125";
                      1 = xpoint3:"0.048552252352237701416015625,-0.980375707149505615234375,-0.18339097499847412109375";
                      2 = xpoint3:"-0.997208118438720703125,-0.0399481989443302154541015625,-0.0495684444904327392578125";
                    }
                    #0 = {
                      scale = fixp:"1";
                      name = str:"Bip01 R UpperArm";
                      translation = xpoint3:"14.83709812164306640625,0,0";
                      rotation = {
                        0 = xpoint3:"0.747956454753875732421875,0.38639247417449951171875,-0.539347946643829345703125";
                        1 = xpoint3:"-0.298644721508026123046875,0.921987593173980712890625,0.24624578654766082763671875";
                        2 = xpoint3:"0.592458188533782958984375,-0.02294568903744220733642578125,0.8050987720489501953125";
                      }
                      #0 = {
                        scale = fixp:"1";
                        name = str:"Bip01 R Forearm";
                        translation = xpoint3:"28.9482593536376953125,0,0";
                        rotation = {
                          0 = xpoint3:"0.653719842433929443359375,0.756404578685760498046875,0";
                          1 = xpoint3:"-0.756404578685760498046875,0.653719842433929443359375,0";
                          2 = xpoint3:"0,0,1";
                        }
                        #0 = {
                          scale = fixp:"1";
                          name = str:"Bip01 R Hand";
                          translation = xpoint3:"23.404743194580078125,0,0";
                          rotation = {
                            0 = xpoint3:"1,0,0";
                            1 = xpoint3:"0,0.001521289348602294921875,-0.999274075031280517578125";
                            2 = xpoint3:"0,0.999274075031280517578125,0.001521289348602294921875";
                          }
                          #0 = {
                            scale = fixp:"1";
                            name = str:"Bip01 R Finger0";
                            translation = xpoint3:"2.2843990325927734375,2.5279381275177001953125,3.89031505584716796875";
                            rotation = {
                              0 = xpoint3:"0.780944049358367919921875,0.581272900104522705078125,-0.22788226604461669921875";
                              1 = xpoint3:"0.10935680568218231201171875,0.232585430145263671875,0.965831935405731201171875";
                              2 = xpoint3:"0.61469471454620361328125,-0.779045641422271728515625,0.118145979940891265869140625";
                            }
                            #0 = {
                              scale = fixp:"1";
                              name = str:"Bip01 R Finger01";
                              translation = xpoint3:"3.4634835720062255859375,0,0";
                              rotation = {
                                0 = xpoint3:"0.948866307735443115234375,-0.3155607283115386962890625,0";
                                1 = xpoint3:"0.3155607283115386962890625,0.948866307735443115234375,0";
                                2 = xpoint3:"0,0,1";
                              }
                              #0 = {
                                scale = fixp:"1";
                                name = str:"Bip01 R Finger02";
                                translation = xpoint3:"3.463486194610595703125,0,0";
                                rotation = {
                                  0 = xpoint3:"0.999651730060577392578125,-0.02637977339327335357666015625,0";
                                  1 = xpoint3:"0.02637977339327335357666015625,0.999651730060577392578125,0";
                                  2 = xpoint3:"0,0,1";
                                }
                                #0 = {
                                  scale = fixp:"1";
                                  name = str:"Bip01 R Finger0Nub";
                                  translation = xpoint3:"2.8507244586944580078125,0,0";
                                  rotation = {
                                    0 = xpoint3:"-0.9985487461090087890625,0,0";
                                    1 = xpoint3:"0,-0.9985487461090087890625,0";
                                    2 = xpoint3:"0,0,1";
                                  }
                                }
                              }
                            }
                          }
                          #1 = {
                            scale = fixp:"1";
                            name = str:"Bip01 R Finger1";
                            translation = xpoint3:"8.981822967529296875,0.729914605617523193359375,3.0589427947998046875";
                            rotation = {
                              0 = xpoint3:"0.989841520786285400390625,-0.083964876830577850341796875,-0.114668749272823333740234375";
                              1 = xpoint3:"0.083732835948467254638671875,0.9964621067047119140625,-0.0068493834696710109710693359375";
                              2 = xpoint3:"0.114838294684886932373046875,-0.00282875797711312770843505859375,0.993375360965728759765625";
                            }
                            #0 = {
                              scale = fixp:"1";
                              name = str:"Bip01 R Finger11";
                              translation = xpoint3:"3.5640032291412353515625,0,0";
                              rotation = {
                                0 = xpoint3:"0.961492717266082763671875,-0.2747287452220916748046875,0";
                                1 = xpoint3:"0.2747287452220916748046875,0.961492717266082763671875,0";
                                2 = xpoint3:"0,0,1";
                              }
                              #0 = {
                                scale = fixp:"1";
                                name = str:"Bip01 R Finger12";
                                translation = xpoint3:"2.7129218578338623046875,0,0";
                                rotation = {
                                  0 = xpoint3:"0.986115396022796630859375,-0.16600076854228973388671875,0";
                                  1 = xpoint3:"0.16600076854228973388671875,0.986115396022796630859375,0";
                                  2 = xpoint3:"0,0,1";
                                }
                                #0 = {
                                  scale = fixp:"1";
                                  name = str:"Bip01 R Finger1Nub";
                                  translation = xpoint3:"2.9746496677398681640625,0,0";
                                  rotation = {
                                    0 = xpoint3:"-0.9985487461090087890625,0,0";
                                    1 = xpoint3:"0,-0.9985487461090087890625,0";
                                    2 = xpoint3:"0,0,1";
                                  }
                                }
                              }
                            }
                          }
                          #2 = {
                            scale = fixp:"1";
                            name = str:"Bip01 R Finger2";
                            translation = xpoint3:"9.195156097412109375,0.3712518513202667236328125,0.1926902234554290771484375";
                            rotation = {
                              0 = xpoint3:"0.99550724029541015625,-0.0946512520313262939453125,0";
                              1 = xpoint3:"0.09465122222900390625,0.99550688266754150390625,0";
                              2 = xpoint3:"0,0,0.999999701976776123046875";
                            }
                            #0 = {
                              scale = fixp:"1";
                              name = str:"Bip01 R Finger21";
                              translation = xpoint3:"4.1275348663330078125,0,0";
                              rotation = {
                                0 = xpoint3:"0.98644793033599853515625,-0.1640148460865020751953125,0";
                                1 = xpoint3:"0.1640148460865020751953125,0.98644793033599853515625,0";
                                2 = xpoint3:"0,0,1";
                              }
                              #0 = {
                                scale = fixp:"1";
                                name = str:"Bip01 R Finger22";
                                translation = xpoint3:"3.5253124237060546875,0,0";
                                rotation = {
                                  0 = xpoint3:"0.959415972232818603515625,-0.281890213489532470703125,0";
                                  1 = xpoint3:"0.281890213489532470703125,0.959415972232818603515625,0";
                                  2 = xpoint3:"0,0,1";
                                }
                                #0 = {
                                  scale = fixp:"1";
                                  name = str:"Bip01 R Finger2Nub";
                                  translation = xpoint3:"3.55065631866455078125,0,0";
                                  rotation = {
                                    0 = xpoint3:"-0.9985487461090087890625,0,0";
                                    1 = xpoint3:"0,-0.9985487461090087890625,0";
                                    2 = xpoint3:"0,0,1";
                                  }
                                }
                              }
                            }
                          }
                          #3 = {
                            scale = fixp:"1";
                            name = str:"Bip01 R Finger3";
                            translation = xpoint3:"9.2217350006103515625,0.734324514865875244140625,-2.4846570491790771484375";
                            rotation = {
                              0 = xpoint3:"0.98981487751007080078125,-0.091072715818881988525390625,0.10935036838054656982421875";
                              1 = xpoint3:"0.090992324054241180419921875,0.995832026004791259765625,0.0057385857217013835906982421875";
                              2 = xpoint3:"-0.10941727459430694580078125,0.0042771734297275543212890625,0.9939823150634765625";
                            }
                            #0 = {
                              scale = fixp:"1";
                              name = str:"Bip01 R Finger31";
                              translation = xpoint3:"3.68360805511474609375,0,0";
                              rotation = {
                                0 = xpoint3:"0.971565783023834228515625,-0.2366826534271240234375,0";
                                1 = xpoint3:"0.2366826534271240234375,0.971565783023834228515625,0";
                                2 = xpoint3:"0,0,1";
                              }
                              #0 = {
                                scale = fixp:"1";
                                name = str:"Bip01 R Finger32";
                                translation = xpoint3:"2.9535541534423828125,0,0";
                                rotation = {
                                  0 = xpoint3:"0.9916708469390869140625,-0.1287513077259063720703125,0";
                                  1 = xpoint3:"0.1287513077259063720703125,0.9916708469390869140625,0";
                                  2 = xpoint3:"0,0,1";
                                }
                                #0 = {
                                  scale = fixp:"1";
                                  name = str:"Bip01 R Finger3Nub";
                                  translation = xpoint3:"2.711290836334228515625,0,0";
                                  rotation = {
                                    0 = xpoint3:"-0.9985487461090087890625,0,0";
                                    1 = xpoint3:"0,-0.9985487461090087890625,0";
                                    2 = xpoint3:"0,0,1";
                                  }
                                }
                              }
                            }
                          }
                          #4 = {
                            scale = fixp:"1";
                            name = str:"Bip01 R Finger4";
                            translation = xpoint3:"8.33180332183837890625,0.710158884525299072265625,-4.986736297607421875";
                            rotation = {
                              0 = xpoint3:"0.974972188472747802734375,-0.07014320790767669677734375,0.210885703563690185546875";
                              1 = xpoint3:"0.069209873676300048828125,0.99753034114837646484375,0.011814939789474010467529296875";
                              2 = xpoint3:"-0.211193859577178955078125,0.0030869473703205585479736328125,0.977422535419464111328125";
                            }
