model = {
  file = str:"data\models\units\surgeon\medic.nif";
  animation = {
    loop = fixp:"0";
    duration = fixp:"5.66666698455810546875";
  }
  #1 = {
    scale = fixp:"1";
    name = str:"ROOT";
    translation = xpoint3:"0,0,0";
    rotation = {
      0 = xpoint3:"1,0,0";
      1 = xpoint3:"0,1,0";
      2 = xpoint3:"0,0,1";
    }
    #4 = {
      scale = fixp:"1";
      name = str:"ROOT NonAccum";
      translation = xpoint3:"0,0,0";
      rotation = {
        0 = xpoint3:"1,0,0";
        1 = xpoint3:"0,1,0";
        2 = xpoint3:"0,0,1";
      }
      #0 = {
        scale = fixp:"1";
        name = str:"Bip01";
        translation = xpoint3:"-2.530217647552490234375,-12.58586406707763671875,92.61885833740234375";
        rotation = {
          0 = xpoint3:"0.005505529232323169708251953125,0.99885928630828857421875,-0.02840504981577396392822265625";
          1 = xpoint3:"-0.99731338024139404296875,0.0037207244895398616790771484375,-0.06250225007534027099609375";
          2 = xpoint3:"-0.062391139566898345947265625,0.02864828519523143768310546875,0.99763882160186767578125";
        }
        #0 = {
          scale = fixp:"1";
          name = str:"Bip01 Footsteps";
          translation = xpoint3:"5.72364902496337890625,-2.6281421184539794921875,-91.4550018310546875";
          rotation = {
            0 = xpoint3:"0.004783510230481624603271484375,-0.99803745746612548828125,-0.06243644654750823974609375";
            1 = xpoint3:"0.9995844364166259765625,0.00299740885384380817413330078125,0.0286690890789031982421875";
            2 = xpoint3:"-0.02842567861080169677734375,-0.06254763901233673095703125,0.997637093067169189453125";
          }
        }
        #1 = {
          scale = fixp:"1";
          name = str:"Bip01 Pelvis";
          translation = xpoint3:"0,0,0";
          rotation = {
            0 = xpoint3:"-0.10962450504302978515625,0.99314033985137939453125,-0.0066537559032440185546875";
            1 = xpoint3:"0.0251445472240447998046875,0.01021195389330387115478515625,0.99891293048858642578125";
            2 = xpoint3:"0.9928443431854248046875,0.110142804682254791259765625,-0.02531213872134685516357421875";
          }
          #0 = {
            scale = fixp:"1";
            name = str:"Bip01 Spine";
            translation = xpoint3:"11.97074031829833984375,1.31470406055450439453125,-0.3131470978260040283203125";
            rotation = {
              0 = xpoint3:"0.997126281261444091796875,0.0285072065889835357666015625,0.070159725844860076904296875";
              1 = xpoint3:"-0.0325893349945545196533203125,0.997800290584564208984375,0.0577000863850116729736328125";
              2 = xpoint3:"-0.068359218537807464599609375,-0.0598222725093364715576171875,0.99586260318756103515625";
            }
            #0 = {
              scale = fixp:"1";
              name = str:"Bip01 Spine1";
              translation = xpoint3:"16.787014007568359375,-0.01445591449737548828125,0";
              rotation = {
                0 = xpoint3:"0.994018375873565673828125,0.02323323674499988555908203125,-0.106672227382659912109375";
                1 = xpoint3:"-0.02231623418629169464111328125,0.999702930450439453125,0.00977690331637859344482421875";
                2 = xpoint3:"0.10686783492565155029296875,-0.0073361285030841827392578125,0.9942419528961181640625";
              }
              #0 = {
                scale = fixp:"1";
                name = str:"Bip01 Spine2";
                translation = xpoint3:"18.159725189208984375,-0.01110721565783023834228515625,0";
                rotation = {
                  0 = xpoint3:"0.99867916107177734375,0.0492726080119609832763671875,0.0144991837441921234130859375";
                  1 = xpoint3:"-0.0494710467755794525146484375,0.9986813068389892578125,0.013650904409587383270263671875";
                  2 = xpoint3:"-0.013806946575641632080078125,-0.014350672252476215362548828125,0.999801576137542724609375";
                }
                #0 = {
                  scale = fixp:"1";
                  name = str:"Bip01 Neck";
                  translation = xpoint3:"13.82387065887451171875,1.2084000110626220703125,0";
                  rotation = {
                    0 = xpoint3:"0.991295039653778076171875,-0.1296565234661102294921875,-0.02259911783039569854736328125";
                    1 = xpoint3:"0.13082730770111083984375,0.989470183849334716796875,0.0617876164615154266357421875";
                    2 = xpoint3:"0.01434399373829364776611328125,-0.064208097755908966064453125,0.997831881046295166015625";
                  }
                  #0 = {
                    scale = fixp:"1";
                    name = str:"Bip01 Head";
                    translation = xpoint3:"6.6679630279541015625,0,0";
                    rotation = {
                      0 = xpoint3:"0.998576462268829345703125,0.0375036410987377166748046875,0.0379001982510089874267578125";
                      1 = xpoint3:"-0.0328154824674129486083984375,0.9925310611724853515625,-0.1174494922161102294921875";
                      2 = xpoint3:"-0.0420248992741107940673828125,0.11603756248950958251953125,0.992349803447723388671875";
                    }
                    #0 = {
                      scale = fixp:"1";
                      name = str:"pt_head";
                      translation = xpoint3:"10.10752773284912109375,0.816898822784423828125,0.0606078542768955230712890625";
                      rotation = {
                        0 = xpoint3:"1,0,0";
                        1 = xpoint3:"0,1,0";
                        2 = xpoint3:"0,0,1";
                      }
                    }
                  }
                  #1 = {
                    scale = fixp:"1";
                    name = str:"Bip01 L Clavicle";
                    translation = xpoint3:"-0.62514495849609375,-1.55871450901031494140625,5.57791805267333984375";
                    rotation = {
                      0 = xpoint3:"-0.2707274854183197021484375,-0.13230811059474945068359375,0.95255291461944580078125";
                      1 = xpoint3:"-0.16349063813686370849609375,-0.9682903289794921875,-0.181185424327850341796875";
                      2 = xpoint3:"0.94769895076751708984375,-0.2050656378269195556640625,0.24231220781803131103515625";
                    }
                    #0 = {
                      scale = fixp:"1";
                      name = str:"Bip01 L UpperArm";
                      translation = xpoint3:"12.7589206695556640625,0,0";
                      rotation = {
                        0 = xpoint3:"0.597310364246368408203125,0.2187826335430145263671875,0.77121341228485107421875";
                        1 = xpoint3:"0.01981437206268310546875,0.95774710178375244140625,-0.2868215739727020263671875";
                        2 = xpoint3:"-0.8014008998870849609375,0.18652983009815216064453125,0.5677464008331298828125";
                      }
                      #0 = {
                        scale = fixp:"1";
                        name = str:"Bip01 L Forearm";
                        translation = xpoint3:"29.9871959686279296875,0,0";
                        rotation = {
                          0 = xpoint3:"0.733317553997039794921875,0.679601609706878662109375,0";
                          1 = xpoint3:"-0.679601609706878662109375,0.733317553997039794921875,0";
                          2 = xpoint3:"0,0,1";
                        }
                        #0 = {
                          scale = fixp:"1";
                          name = str:"Bip01 L Hand";
                          translation = xpoint3:"24.4291534423828125,0,0";
                          rotation = {
                            0 = xpoint3:"0.8786513805389404296875,-0.4755456149578094482421875,-0.04064492881298065185546875";
                            1 = xpoint3:"0.1201621592044830322265625,0.13859675824642181396484375,0.98239612579345703125";
                            2 = xpoint3:"-0.46190547943115234375,-0.86798465251922607421875,0.1790381968021392822265625";
                          }
                          #0 = {
                            scale = fixp:"1";
                            name = str:"Bip01 L Finger0";
                            translation = xpoint3:"4.150788784027099609375,0.3565659821033477783203125,-4.205811977386474609375";
                            rotation = {
                              0 = xpoint3:"0.686357915401458740234375,0.5757892131805419921875,0.4437617361545562744140625";
                              1 = xpoint3:"0.3049935400485992431640625,0.3265986144542694091796875,-0.894055426120758056640625";
                              2 = xpoint3:"-0.65987622737884521484375,0.748881161212921142578125,0.04857741296291351318359375";
                            }
                            #0 = {
                              scale = fixp:"1";
                              name = str:"Bip01 L Finger01";
                              translation = xpoint3:"3.76018047332763671875,0,0";
                              rotation = {
                                0 = xpoint3:"0.932946264743804931640625,-0.3598805367946624755859375,0";
                                1 = xpoint3:"0.3598805367946624755859375,0.932946264743804931640625,0";
                                2 = xpoint3:"0,0,1";
                              }
                            }
                          }
                          #1 = {
                            scale = fixp:"1";
                            name = str:"Bip01 L Finger1";
                            translation = xpoint3:"12.13457965850830078125,0.115319125354290008544921875,-3.769031524658203125";
                            rotation = {
                              0 = xpoint3:"0.946146190166473388671875,-0.2693849503993988037109375,0.17933471500873565673828125";
                              1 = xpoint3:"0.3001340329647064208984375,0.937696993350982666015625,-0.17479555308818817138671875";
                              2 = xpoint3:"-0.121032021939754486083984375,0.21923886239528656005859375,0.968111217021942138671875";
                            }
                            #0 = {
                              scale = fixp:"1";
                              name = str:"Bip01 L Finger11";
                              translation = xpoint3:"4.04976367950439453125,0,0";
                              rotation = {
                                0 = xpoint3:"0.8979141712188720703125,-0.4400022923946380615234375,0";
                                1 = xpoint3:"0.4400022923946380615234375,0.8979141712188720703125,0";
                                2 = xpoint3:"0,0,1";
                              }
                            }
                          }
                          #2 = {
                            scale = fixp:"1";
                            name = str:"Bip01 L Finger2";
                            translation = xpoint3:"12.12455844879150390625,0.0014839158393442630767822265625,1.86527049541473388671875";
                            rotation = {
                              0 = xpoint3:"0.940400540828704833984375,-0.2021127641201019287109375,-0.27333271503448486328125";
                              1 = xpoint3:"0.228025019168853759765625,0.971382617950439453125,0.066172897815704345703125";
                              2 = xpoint3:"0.25212085247039794921875,-0.1245981156826019287109375,0.9596102237701416015625";
                            }
                            #0 = {
                              scale = fixp:"1";
                              name = str:"Bip01 L Finger21";
                              translation = xpoint3:"3.3747997283935546875,0,0";
                              rotation = {
                                0 = xpoint3:"0.744726359844207763671875,-0.66709232330322265625,0";
                                1 = xpoint3:"0.66709232330322265625,0.744726359844207763671875,0";
                                2 = xpoint3:"0,0,1";
                              }
                            }
                          }
                          #3 = {
                            scale = fixp:"1";
                            name = str:"pt_hand";
                            translation = xpoint3:"5.7916965484619140625,3.4902265071868896484375,-0.0409247465431690216064453125";
                            rotation = {
                              0 = xpoint3:"1,0,0";
                              1 = xpoint3:"0,1,0";
                              2 = xpoint3:"0,0,1";
                            }
                          }
                        }
                      }
                    }
                  }
                  #2 = {
                    scale = fixp:"1";
                    name = str:"Bip01 R Clavicle";
                    translation = xpoint3:"-0.787558019161224365234375,-0.8316614627838134765625,-5.7122097015380859375";
                    rotation = {
                      0 = xpoint3:"-0.298065125942230224609375,-0.128166854381561279296875,-0.944905698299407958984375";
                      1 = xpoint3:"-0.04111211001873016357421875,-0.986829221248626708984375,0.1469519138336181640625";
                      2 = xpoint3:"-0.952671706676483154296875,0.0828150212764739990234375,0.2907389104366302490234375";
                    }
                    #0 = {
                      scale = fixp:"1";
                      name = str:"Bip01 R UpperArm";
                      translation = xpoint3:"12.7589168548583984375,0,0";
                      rotation = {
                        0 = xpoint3:"0.676058351993560791015625,0.168506145477294921875,-0.71699416637420654296875";
                        1 = xpoint3:"0.18283331394195556640625,0.9046943187713623046875,0.384658038616180419921875";
                        2 = xpoint3:"0.71347522735595703125,-0.3911464214324951171875,0.580817699432373046875";
                      }
                      #0 = {
                        scale = fixp:"1";
                        name = str:"Bip01 R Forearm";
                        translation = xpoint3:"29.9871997833251953125,0,0";
                        rotation = {
                          0 = xpoint3:"0.96394002437591552734375,0.2660212218761444091796875,0";
                          1 = xpoint3:"-0.2660212218761444091796875,0.96394002437591552734375,0";
                          2 = xpoint3:"0,0,1";
                        }
                        #0 = {
                          scale = fixp:"1";
                          name = str:"Bip01 R Hand";
                          translation = xpoint3:"24.4291553497314453125,0,0";
                          rotation = {
                            0 = xpoint3:"0.9417555332183837890625,-0.326233327388763427734375,0.08114087581634521484375";
                            1 = xpoint3:"0.0534060299396514892578125,-0.09232644736766815185546875,-0.993498146533966064453125";
                            2 = xpoint3:"0.33190333843231201171875,0.939926922321319580078125,-0.0694672763347625732421875";
                          }
                          #0 = {
                            scale = fixp:"1";
                            name = str:"Bip01 R Finger0";
                            translation = xpoint3:"4.15079021453857421875,0.3565677106380462646484375,4.205810070037841796875";
                            rotation = {
                              0 = xpoint3:"0.5357248783111572265625,0.709287941455841064453125,-0.45742285251617431640625";
                              1 = xpoint3:"0.713009774684906005859375,-0.089321412146091461181640625,0.69430387020111083984375";
                              2 = xpoint3:"0.45159947872161865234375,-0.6981055736541748046875,-0.553580939769744873046875";
                            }
                            #0 = {
                              scale = fixp:"1";
                              name = str:"Bip01 R Finger01";
                              translation = xpoint3:"3.7601883411407470703125,0,0";
                              rotation = {
                                0 = xpoint3:"0.93294620513916015625,-0.3598805963993072509765625,0";
                                1 = xpoint3:"0.3598805963993072509765625,0.93294620513916015625,0";
                                2 = xpoint3:"0,0,1";
                              }
                            }
                          }
                          #1 = {
                            scale = fixp:"1";
                            name = str:"Bip01 R Finger1";
                            translation = xpoint3:"12.134586334228515625,0.115322567522525787353515625,3.769031524658203125";
                            rotation = {
                              0 = xpoint3:"0.84067475795745849609375,-0.471104443073272705078125,-0.266637146472930908203125";
                              1 = xpoint3:"0.50894105434417724609375,0.855674088001251220703125,0.092690013349056243896484375";
                              2 = xpoint3:"0.184428155422210693359375,-0.21371255815029144287109375,0.959298789501190185546875";
                            }
                            #0 = {
                              scale = fixp:"1";
                              name = str:"Bip01 R Finger11";
                              translation = xpoint3:"4.04976940155029296875,0,0";
                              rotation = {
                                0 = xpoint3:"0.8979141712188720703125,-0.44000232219696044921875,0";
                                1 = xpoint3:"0.44000232219696044921875,0.8979141712188720703125,0";
                                2 = xpoint3:"0,0,1";
                              }
                            }
                          }
                          #2 = {
                            scale = fixp:"1";
                            name = str:"Bip01 R Finger2";
                            translation = xpoint3:"12.124561309814453125,0.0014856639318168163299560546875,-1.86527097225189208984375";
                            rotation = {
                              0 = xpoint3:"0.4675661623477935791015625,-0.88329517841339111328125,-0.0199715159833431243896484375";
                              1 = xpoint3:"0.87955701351165771484375,0.4674902260303497314453125,-0.0840211212635040283203125";
                              2 = xpoint3:"0.0835981070995330810546875,0.02167410589754581451416015625,0.996261119842529296875";
                            }
                            #0 = {
                              scale = fixp:"1";
                              name = str:"Bip01 R Finger21";
                              translation = xpoint3:"3.3748016357421875,0,0";
                              rotation = {
                                0 = xpoint3:"0.520538032054901123046875,-0.85343086719512939453125,0";
                                1 = xpoint3:"0.85343086719512939453125,0.520538032054901123046875,0";
                                2 = xpoint3:"0,0,1";
                              }
                            }
                          }
                          #3 = {
                            scale = fixp:"1";
                            name = str:"Dummy_Gun";
                            translation = xpoint3:"6.466014862060546875,0.3498682081699371337890625,11.930469512939453125";
                            rotation = {
                              0 = xpoint3:"0.998837888240814208984375,0.009087408892810344696044921875,-0.047331564128398895263671875";
                              1 = xpoint3:"0.0468785502016544342041015625,0.0448680333793163299560546875,0.997892439365386962890625";
                              2 = xpoint3:"0.011191931553184986114501953125,-0.998951613903045654296875,0.04438988864421844482421875";
                            }
                            #0 = {
                              scale = fixp:"1";
                              name = str:"Bone_Gun";
                              translation = xpoint3:"0,0,0";
                              rotation = {
                                0 = xpoint3:"1,0,0";
                                1 = xpoint3:"0,0,-1";
                                2 = xpoint3:"0,1,0";
                              }
                              #0 = {
                                scale = fixp:"1";
                                name = str:"pt_shoot_1";
                                translation = xpoint3:"31.6835575103759765625,0.4250610768795013427734375,-0.035502500832080841064453125";
                                rotation = {
                                  0 = xpoint3:"0,0,1";
                                  1 = xpoint3:"-1,0,0";
                                  2 = xpoint3:"0,-1,0";
                                }
                              }
                            }
                          }
                          #4 = {
                            scale = fixp:"1";
                            name = str:"pt_hand@#0";
                            translation = xpoint3:"5.791721343994140625,2.990349292755126953125,0.040847338736057281494140625";
                            rotation = {
                              0 = xpoint3:"1,0,0";
                              1 = xpoint3:"0,1,0";
                              2 = xpoint3:"0,0,1";
                            }
                          }
                        }
                      }
                    }
                  }
                }
              }
              #1 = {
                scale = fixp:"1";
                name = str:"pt_chest";
                translation = xpoint3:"14.51337432861328125,15.6407260894775390625,8.75506305694580078125";
                rotation = {
                  0 = xpoint3:"0.998118937015533447265625,-0.0442943610250949859619140625,0.0423858650028705596923828125";
                  1 = xpoint3:"0.045903436839580535888671875,0.998231470584869384765625,-0.037773571908473968505859375";
                  2 = xpoint3:"-0.0406377501785755157470703125,0.03964817523956298828125,0.99838697910308837890625";
                }
              }
            }
            #1 = {
              scale = fixp:"1";
              name = str:"Bip01 L Thigh";
              translation = xpoint3:"-12.5108051300048828125,-2.193550586700439453125,8.070720672607421875";
              rotation = {
                0 = xpoint3:"-0.986090362071990966796875,0.134766101837158203125,-0.081128291785717010498046875";
                1 = xpoint3:"0.0769307315349578857421875,0.863738834857940673828125,0.497834503650665283203125";
                2 = xpoint3:"0.13720555603504180908203125,0.4853819310665130615234375,-0.86190319061279296875";
              }
              #0 = {
                scale = fixp:"1";
                name = str:"Bip01 L Calf";
                translation = xpoint3:"41.388050079345703125,0,0";
                rotation = {
                  0 = xpoint3:"0.980798661708831787109375,0.19495160877704620361328125,0";
                  1 = xpoint3:"-0.19495160877704620361328125,0.980798661708831787109375,0";
                  2 = xpoint3:"0,0,1";
                }
                #0 = {
                  scale = fixp:"1";
                  name = str:"Bip01 L Foot";
                  translation = xpoint3:"41.733062744140625,0,0";
                  rotation = {
                    0 = xpoint3:"0.993600189685821533203125,0.09218792617321014404296875,-0.065197430551052093505859375";
                    1 = xpoint3:"-0.068818747997283935546875,0.952235162258148193359375,0.2973935306072235107421875";
                    2 = xpoint3:"0.089517019689083099365234375,-0.2909988462924957275390625,0.952490150928497314453125";
                  }
                  #0 = {
                    scale = fixp:"1";
                    name = str:"Bip01 L Toe0";
                    translation = xpoint3:"7.545352935791015625,17.4285831451416015625,-0.09589131176471710205078125";
                    rotation = {
                      0 = xpoint3:"-0.01503921486437320709228515625,-0.999097764492034912109375,-0.0102203674614429473876953125";
                      1 = xpoint3:"0.998452484607696533203125,-0.015409280546009540557861328125,0.037171386182308197021484375";
                      2 = xpoint3:"-0.03732983767986297607421875,-0.009625536389648914337158203125,0.999256074428558349609375";
                    }
                  }
                  #1 = {
                    scale = fixp:"1";
                    name = str:"pt_foot";
                    translation = xpoint3:"5.030478954315185546875,4.9360866546630859375,-0.109285123646259307861328125";
                    rotation = {
                      0 = xpoint3:"1,0,0";
                      1 = xpoint3:"0,1,0";
                      2 = xpoint3:"0,0,1";
                    }
                  }
                  #2 = {
                    scale = fixp:"1";
                    name = str:"pt_footprint01";
                    translation = xpoint3:"9.81459712982177734375,4.858512401580810546875,0.090439654886722564697265625";
                    rotation = {
                      0 = xpoint3:"0.9989430904388427734375,0.0170246027410030364990234375,-0.042694456875324249267578125";
                      1 = xpoint3:"-0.017040096223354339599609375,0.9998548030853271484375,0";
                      2 = xpoint3:"0.042688272893428802490234375,0,0.99908816814422607421875";
                    }
                  }
                }
              }
            }
            #2 = {
              scale = fixp:"1";
              name = str:"Bip01 R Thigh";
              translation = xpoint3:"-11.3189239501953125,-1.150556087493896484375,-9.27979373931884765625";
              rotation = {
                0 = xpoint3:"-0.9849679470062255859375,-0.126537322998046875,0.10462327301502227783203125";
                1 = xpoint3:"-0.1466438770294189453125,0.965603172779083251953125,-0.21460692584514617919921875";
                2 = xpoint3:"-0.07384644448757171630859375,-0.22704374790191650390625,-0.969608008861541748046875";
              }
              #0 = {
                scale = fixp:"1";
                name = str:"Bip01 R Calf";
                translation = xpoint3:"41.388057708740234375,0,0";
                rotation = {
                  0 = xpoint3:"0.99162089824676513671875,0.1291350424289703369140625,0";
                  1 = xpoint3:"-0.1291350424289703369140625,0.99162089824676513671875,0";
                  2 = xpoint3:"0,0,1";
                }
                #0 = {
                  scale = fixp:"1";
                  name = str:"Bip01 R Foot";
                  translation = xpoint3:"41.73307037353515625,0,0";
                  rotation = {
                    0 = xpoint3:"0.97315824031829833984375,-0.2297005951404571533203125,0.01271511614322662353515625";
                    1 = xpoint3:"0.2300522625446319580078125,0.971674382686614990234375,-0.0537004210054874420166015625";
                    2 = xpoint3:"0,0.0551852248609066009521484375,0.998475015163421630859375";
                  }
                  #0 = {
                    scale = fixp:"1";
                    name = str:"Bip01 R Toe0";
                    translation = xpoint3:"8.0148372650146484375,18.08690643310546875,0.13827086985111236572265625";
                    rotation = {
                      0 = xpoint3:"-0.03036344610154628753662109375,-0.998732388019561767578125,0.010789758525788784027099609375";
                      1 = xpoint3:"0.998092830181121826171875,-0.03074337355792522430419921875,-0.0370101034641265869140625";
                      2 = xpoint3:"0.037329815328121185302734375,0.0096255578100681304931640625,0.999256074428558349609375";
                    }
                  }
                  #1 = {
                    scale = fixp:"1";
                    name = str:"pt_foot@#1";
                    translation = xpoint3:"5.0982456207275390625,5.162688732147216796875,0.2210218608379364013671875";
                    rotation = {
                      0 = xpoint3:"1,0,0";
                      1 = xpoint3:"0,1,0";
                      2 = xpoint3:"0,0,1";
                    }
                  }
                  #2 = {
                    scale = fixp:"1";
                    name = str:"pt_footprint02";
                    translation = xpoint3:"9.8697071075439453125,5.042140483856201171875,0.0217858664691448211669921875";
                    rotation = {
                      0 = xpoint3:"0.999152481555938720703125,0.0178653188049793243408203125,0.03708231449127197265625";
                      1 = xpoint3:"-0.01787768118083477020263671875,0.999840199947357177734375,0";
                      2 = xpoint3:"-0.03707635402679443359375,0,0.999312222003936767578125";
                    }
                  }
                }
              }
            }
            #3 = {
              scale = fixp:"1";
              name = str:"Dummy_Bag";
              translation = xpoint3:"11.531982421875,0.642725765705108642578125,17.453151702880859375";
              rotation = {
                0 = xpoint3:"-0.936629593372344970703125,0.321879804134368896484375,0.1382698118686676025390625";
                1 = xpoint3:"0.1414234340190887451171875,-0.01368732191622257232666015625,0.989854633808135986328125";
                2 = xpoint3:"0.3205067217350006103515625,0.946681678295135498046875,-0.032701484858989715576171875";
              }
              #0 = {
                scale = fixp:"1";
                name = str:"Bone_Bag";
                translation = xpoint3:"0,0,0";
                rotation = {
                  0 = xpoint3:"0.999926626682281494140625,0.012115311808884143829345703125,0";
                  1 = xpoint3:"-0.012115311808884143829345703125,0.999926626682281494140625,0";
                  2 = xpoint3:"0,0,1";
                }
              }
            }
          }
        }
        #2 = {
          scale = fixp:"1";
          name = str:"pt_center";
          translation = xpoint3:"-0.868640840053558349609375,0,13.11798954010009765625";
          rotation = {
            0 = xpoint3:"0,-0.99729645252227783203125,-0.07348345220088958740234375";
            1 = xpoint3:"1,0,0";
            2 = xpoint3:"0,-0.07348345220088958740234375,0.99729645252227783203125";
          }
        }
        #3 = {
          scale = fixp:"1";
          name = str:"pt_cast";
          translation = xpoint3:"67.33017730712890625,0,16.9752483367919921875";
          rotation = {
            0 = xpoint3:"0,-0.99729645252227783203125,-0.07348345220088958740234375";
            1 = xpoint3:"1,0,0";
            2 = xpoint3:"0,-0.07348345220088958740234375,0.99729645252227783203125";
          }
        }
      }
      #1 = {
        scale = fixp:"1";
        name = str:"pt_top";
        translation = xpoint3:"0,-6.6059722900390625,213.709686279296875";
        rotation = {
          0 = xpoint3:"1,0,0";
          1 = xpoint3:"0,1,0";
          2 = xpoint3:"0,0,1";
        }
      }
      #2 = {
        scale = fixp:"1";
        name = str:"pt_ground";
        translation = xpoint3:"0,0,0";
        rotation = {
          0 = xpoint3:"1,0,0";
          1 = xpoint3:"0,1,0";
          2 = xpoint3:"0,0,1";
        }
      }
      #3 = {
        scale = fixp:"1";
        name = str:"pt_aim";
        translation = xpoint3:"0,-103.414794921875,145.5496368408203125";
        rotation = {
          0 = xpoint3:"1,0,0";
          1 = xpoint3:"0,1,0";
          2 = xpoint3:"0,0,1";
        }
      }
    }
  }
}