model = {
  file = str:"data\models\units\surgeon\surgeon.nif";
  animation = {
    loop = fixp:"0";
    duration = fixp:"16.3333339691162109375";
  }
  #0 = {
    scale = fixp:"1";
    name = str:"Medic";
    translation = xpoint3:"0,0,85.00470733642578125";
    rotation = {
      0 = xpoint3:"1,0,0";
      1 = xpoint3:"0,-0.707106769084930419921875,0.707106769084930419921875";
      2 = xpoint3:"0,-0.707106769084930419921875,-0.707106769084930419921875";
    }
  }
  #1 = {
    scale = fixp:"1";
    name = str:"ROOT";
    translation = xpoint3:"0,0,0";
    rotation = {
      0 = xpoint3:"1,0,0";
      1 = xpoint3:"0,1,0";
      2 = xpoint3:"0,0,1";
    }
    #2 = {
      scale = fixp:"1";
      name = str:"ROOT NonAccum";
      translation = xpoint3:"0,0,0";
      rotation = {
        0 = xpoint3:"1,0,0";
        1 = xpoint3:"0,1,0";
        2 = xpoint3:"0,0,1";
      }
      #0 = {
        scale = fixp:"1";
        name = str:"Bip01";
        translation = xpoint3:"0,0,92.16907501220703125";
        rotation = {
          0 = xpoint3:"0,1,0";
          1 = xpoint3:"-1,0,0";
          2 = xpoint3:"0,0,1";
        }
        #0 = {
          scale = fixp:"1";
          name = str:"Bip01 Pelvis";
          translation = xpoint3:"0,0,0";
          rotation = {
            0 = xpoint3:"0,1,0";
            1 = xpoint3:"0,0,0.999999940395355224609375";
            2 = xpoint3:"1,0,0";
          }
          #0 = {
            scale = fixp:"1";
            name = str:"Bip01 R Thigh";
            translation = xpoint3:"0,0,-8.91747283935546875";
            rotation = {
              0 = xpoint3:"-0.94201481342315673828125,0.2711732089519500732421875,0.190406739711761474609375";
              1 = xpoint3:"0.17303736507892608642578125,0.893352091312408447265625,-0.4145182073116302490234375";
              2 = xpoint3:"-0.2825733721256256103515625,-0.3580954372882843017578125,-0.888357698917388916015625";
            }
            #0 = {
              scale = fixp:"1";
              name = str:"Bip01 R Calf";
              translation = xpoint3:"39.6059417724609375,0,0";
              rotation = {
                0 = xpoint3:"0.811539351940155029296875,0.58406364917755126953125,0";
                1 = xpoint3:"-0.58406364917755126953125,0.811539351940155029296875,0";
                2 = xpoint3:"0,0,1";
              }
              #0 = {
                scale = fixp:"1";
                name = str:"Bip01 R Foot";
                translation = xpoint3:"37.7335205078125,0,0";
                rotation = {
                  0 = xpoint3:"0.93230426311492919921875,-0.3509962260723114013671875,0.08667300641536712646484375";
                  1 = xpoint3:"0.3329043090343475341796875,0.926944434642791748046875,0.17275045812129974365234375";
                  2 = xpoint3:"-0.14101524651050567626953125,-0.13217271864414215087890625,0.9811308383941650390625";
                }
                #0 = {
                  scale = fixp:"1";
                  name = str:"Bip01 R Toe01";
                  translation = xpoint3:"19.749752044677734375,25.4170818328857421875,0";
                  rotation = {
                    0 = xpoint3:"0,-0.9992744922637939453125,0";
                    1 = xpoint3:"0.9992744922637939453125,0,0";
                    2 = xpoint3:"0,0,1";
                  }
                }
                #1 = {
                  scale = fixp:"1";
                  name = str:"pt_foot";
                  translation = xpoint3:"11.17416286468505859375,5.355102062225341796875,0.123081333935260772705078125";
                  rotation = {
                    0 = xpoint3:"0.999988615512847900390625,0,-0.004737186245620250701904296875";
                    1 = xpoint3:"0,0.99999105930328369140625,0.0041794353164732456207275390625";
                    2 = xpoint3:"0.004734673537313938140869140625,-0.0041822814382612705230712890625,0.999980032444000244140625";
                  }
                }
                #2 = {
                  scale = fixp:"1";
                  name = str:"pt_footprint02";
                  translation = xpoint3:"16.33838653564453125,5.378612995147705078125,0.056497462093830108642578125";
                  rotation = {
                    0 = xpoint3:"0.99999272823333740234375,0,-0.00378360948525369167327880859375";
                    1 = xpoint3:"0,0.999994456768035888671875,0.00329349352978169918060302734375";
                    2 = xpoint3:"0.00378195545636117458343505859375,-0.00329539249651134014129638671875,0.999987423419952392578125";
                  }
                }
              }
            }
          }
          #1 = {
            scale = fixp:"1";
            name = str:"Bip01 L Thigh";
            translation = xpoint3:"0,0,8.9174633026123046875";
            rotation = {
              0 = xpoint3:"-0.949958741664886474609375,0.259545981884002685546875,-0.16548220813274383544921875";
              1 = xpoint3:"0.193223297595977783203125,0.922108829021453857421875,0.3350627720355987548828125";
              2 = xpoint3:"0.23961059749126434326171875,0.2867720425128936767578125,-0.926041781902313232421875";
            }
            #0 = {
              scale = fixp:"1";
              name = str:"Bip01 L Calf";
              translation = xpoint3:"39.60594940185546875,0,0";
              rotation = {
                0 = xpoint3:"0.797154366970062255859375,0.60353171825408935546875,0";
                1 = xpoint3:"-0.60353171825408935546875,0.797154366970062255859375,0";
                2 = xpoint3:"0,0,1";
              }
              #0 = {
                scale = fixp:"1";
                name = str:"Bip01 L Foot";
                translation = xpoint3:"37.733524322509765625,0,0";
                rotation = {
                  0 = xpoint3:"0.9182455539703369140625,-0.3624721467494964599609375,-0.15912373363971710205078125";
                  1 = xpoint3:"0.3456386625766754150390625,0.93008100986480712890625,-0.124023459851741790771484375";
                  2 = xpoint3:"0.19297756254673004150390625,0.058837391436100006103515625,0.979422271251678466796875";
                }
                #0 = {
                  scale = fixp:"1";
                  name = str:"Bip01 L Toe01";
                  translation = xpoint3:"19.7497577667236328125,25.41707611083984375,0";
                  rotation = {
                    0 = xpoint3:"0,-0.9992744922637939453125,0";
                    1 = xpoint3:"0.9992744922637939453125,0,0";
                    2 = xpoint3:"0,0,1";
                  }
                }
                #1 = {
                  scale = fixp:"1";
                  name = str:"pt_foot@#0";
                  translation = xpoint3:"11.18533420562744140625,5.4538974761962890625,-0.029507674276828765869140625";
                  rotation = {
                    0 = xpoint3:"0.999999523162841796875,0,0";
                    1 = xpoint3:"0,0.999999582767486572265625,0";
                    2 = xpoint3:"0,0,0.99999916553497314453125";
                  }
                }
                #2 = {
                  scale = fixp:"1";
                  name = str:"pt_footprint01";
                  translation = xpoint3:"16.287769317626953125,5.409614086151123046875,-0.0572049282491207122802734375";
                  rotation = {
                    0 = xpoint3:"0.999992668628692626953125,0,0.00377534166909754276275634765625";
                    1 = xpoint3:"0,0.99999439716339111328125,-0.00329595990478992462158203125";
                    2 = xpoint3:"-0.00377732911147177219390869140625,0.0032936818897724151611328125,0.999987423419952392578125";
                  }
                }
              }
            }
          }
          #2 = {
            scale = fixp:"1";
            name = str:"Bone01";
            translation = xpoint3:"17.7461605072021484375,-11.3501224517822265625,0";
            rotation = {
              0 = xpoint3:"-0.909064769744873046875,-0.416654765605926513671875,0";
              1 = xpoint3:"-0.416654765605926513671875,0.909064769744873046875,0";
              2 = xpoint3:"0,0,-1";
            }
          }
          #3 = {
            scale = fixp:"1";
            name = str:"Bone03";
            translation = xpoint3:"8.44081878662109375,0,-17.0838775634765625";
            rotation = {
              0 = xpoint3:"-0.969705879688262939453125,-0.24427592754364013671875,0";
              1 = xpoint3:"0,0,1.00000011920928955078125";
              2 = xpoint3:"-0.24427592754364013671875,0.969705879688262939453125,0";
            }
          }
        }
        #1 = {
          scale = fixp:"1";
          name = str:"Bip01 Spine";
          translation = xpoint3:"-0.01847638189792633056640625,0,10.255096435546875";
          rotation = {
            0 = xpoint3:"0,0.9999997615814208984375,0";
            1 = xpoint3:"0,0,0.9999997615814208984375";
            2 = xpoint3:"0.999999582767486572265625,0,0";
          }
          #0 = {
            scale = fixp:"1";
            name = str:"Bip01 Spine1";
            translation = xpoint3:"23.1854228973388671875,0.0130591504275798797607421875,-0.013061453588306903839111328125";
            rotation = {
              0 = xpoint3:"0.992564678192138671875,-0.121718227863311767578125,0";
              1 = xpoint3:"0.121718227863311767578125,0.992564678192138671875,0";
              2 = xpoint3:"0,0,1";
            }
            #0 = {
              scale = fixp:"1";
              name = str:"Bip01 R Clavicle";
              translation = xpoint3:"23.1836643218994140625,0.03152130544185638427734375,-3.1341688632965087890625";
              rotation = {
                0 = xpoint3:"-0.32916915416717529296875,0,-0.94427073001861572265625";
                1 = xpoint3:"-0.2551221549510955810546875,-0.96287524700164794921875,0.0882265269756317138671875";
                2 = xpoint3:"-0.909153640270233154296875,0.2699458301067352294921875,0.317125976085662841796875";
              }
              #0 = {
                scale = fixp:"1";
                name = str:"Bip01 R UpperArm";
                translation = xpoint3:"20.1281185150146484375,0,0";
                rotation = {
                  0 = xpoint3:"0.6589906215667724609375,0.0726048946380615234375,-0.748308122158050537109375";
                  1 = xpoint3:"0.1119522750377655029296875,0.974774539470672607421875,0.192988693714141845703125";
                  2 = xpoint3:"0.743440091609954833984375,-0.210965573787689208984375,0.634239375591278076171875";
                }
                #0 = {
                  scale = fixp:"1";
                  name = str:"Bip01 R Forearm";
                  translation = xpoint3:"24.3924560546875,0,0";
                  rotation = {
                    0 = xpoint3:"0.549444735050201416015625,0.83513867855072021484375,0";
                    1 = xpoint3:"-0.83513867855072021484375,0.549444735050201416015625,0";
                    2 = xpoint3:"0,0,1";
                  }
                  #0 = {
                    scale = fixp:"1";
                    name = str:"Bip01 R Hand";
                    translation = xpoint3:"28.564220428466796875,0,0";
                    rotation = {
                      0 = xpoint3:"0.98973429203033447265625,-0.08461631834506988525390625,0.11511366069316864013671875";
                      1 = xpoint3:"0.075843036174774169921875,-0.3706481456756591796875,-0.924596607685089111328125";
                      2 = xpoint3:"0.1210739910602569580078125,0.923834979534149169921875,-0.3604107797145843505859375";
                    }
                    #0 = {
                      scale = fixp:"1";
                      name = str:"Bip01 R Finger05";
                      translation = xpoint3:"12.3949413299560546875,1.00759637355804443359375,4.186107635498046875";
                      rotation = {
                        0 = xpoint3:"0.232833445072174072265625,-0.955347955226898193359375,-0.181931018829345703125";
                        1 = xpoint3:"0.971527397632598876953125,0.23692582547664642333984375,0";
                        2 = xpoint3:"0.043852560222148895263671875,-0.1765685975551605224609375,0.983310997486114501953125";
                      }
                      #0 = {
                        scale = fixp:"1";
                        name = str:"Bip01 R Finger06";
                        translation = xpoint3:"4.411720752716064453125,0,0";
                        rotation = {
                          0 = xpoint3:"0.05206620693206787109375,-0.998643696308135986328125,0";
                          1 = xpoint3:"0.998643696308135986328125,0.05206620693206787109375,0";
                          2 = xpoint3:"0,0,1";
                        }
                      }
                    }
                    #1 = {
                      scale = fixp:"1";
                      name = str:"Bip01 R Finger07";
                      translation = xpoint3:"12.95993137359619140625,0.2474569380283355712890625,-1.33844459056854248046875";
                      rotation = {
                        0 = xpoint3:"0.1447770595550537109375,-0.98657321929931640625,0.075582750141620635986328125";
                        1 = xpoint3:"0.989411830902099609375,0.1451327800750732421875,0";
                        2 = xpoint3:"-0.010186009109020233154296875,0.07489745318889617919921875,0.9971392154693603515625";
                      }
                      #0 = {
                        scale = fixp:"1";
                        name = str:"Bip01 R Finger08";
                        translation = xpoint3:"4.01298427581787109375,0,0";
                        rotation = {
                          0 = xpoint3:"0.098715364933013916015625,-0.99511563777923583984375,0";
                          1 = xpoint3:"0.99511563777923583984375,0.098715364933013916015625,0";
                          2 = xpoint3:"0,0,1";
                        }
                      }
                    }
                    #2 = {
                      scale = fixp:"1";
                      name = str:"Bip01 R Finger03";
                      translation = xpoint3:"3.724019527435302734375,0.4580480754375457763671875,5.09338665008544921875";
                      rotation = {
                        0 = xpoint3:"0.630529701709747314453125,0.51626718044281005859375,-0.579569280147552490234375";
                        1 = xpoint3:"0.6551854610443115234375,0.04631085693836212158203125,0.75404727458953857421875";
                        2 = xpoint3:"0.41613018512725830078125,-0.855174541473388671875,-0.3090503513813018798828125";
                      }
                      #0 = {
                        scale = fixp:"1";
                        name = str:"Bip01 R Finger04";
                        translation = xpoint3:"4.13211822509765625,0,0";
                        rotation = {
                          0 = xpoint3:"0.75319182872772216796875,-0.657800972461700439453125,0";
                          1 = xpoint3:"0.657800972461700439453125,0.75319182872772216796875,0";
                          2 = xpoint3:"0,0,1";
                        }
                      }
                    }
                    #3 = {
                      scale = fixp:"1";
                      name = str:"pt_hand";
                      translation = xpoint3:"0,0,0";
                      rotation = {
                        0 = xpoint3:"-0.1978551447391510009765625,-0.4480135738849639892578125,-0.87185847759246826171875";
                        1 = xpoint3:"0.943987309932708740234375,-0.32671177387237548828125,-0.0463394634425640106201171875";
                        2 = xpoint3:"-0.264085710048675537109375,-0.83219182491302490234375,0.4875607192516326904296875";
                      }
                    }
                  }
                }
              }
            }
            #1 = {
              scale = fixp:"1";
              name = str:"Bip01 L Clavicle";
              translation = xpoint3:"23.1871738433837890625,0.03150714933872222900390625,3.1080768108367919921875";
              rotation = {
                0 = xpoint3:"-0.328145325183868408203125,0,0.94462716579437255859375";
                1 = xpoint3:"-0.2551258504390716552734375,-0.962874114513397216796875,-0.0882282257080078125";
                2 = xpoint3:"0.90952265262603759765625,-0.2699504792690277099609375,0.316062152385711669921875";
              }
              #0 = {
                scale = fixp:"1";
                name = str:"Bip01 L UpperArm";
                translation = xpoint3:"20.128131866455078125,0,0";
                rotation = {
                  0 = xpoint3:"0.60811579227447509765625,0.02545608580112457275390625,0.793081581592559814453125";
                  1 = xpoint3:"0.32420003414154052734375,0.90435731410980224609375,-0.2772965729236602783203125";
                  2 = xpoint3:"-0.724238097667694091796875,0.4258532822132110595703125,0.54172229766845703125";
                }
                #0 = {
                  scale = fixp:"1";
                  name = str:"Bip01 L Forearm";
                  translation = xpoint3:"24.3924541473388671875,0,0";
                  rotation = {
                    0 = xpoint3:"0.376243293285369873046875,0.9260323047637939453125,0";
                    1 = xpoint3:"-0.9260323047637939453125,0.376243293285369873046875,0";
                    2 = xpoint3:"0,0,1";
                  }
                  #0 = {
                    scale = fixp:"1";
                    name = str:"Bip01 L Hand";
                    translation = xpoint3:"28.5642528533935546875,0,0";
                    rotation = {
                      0 = xpoint3:"0.991758763790130615234375,0.0561378858983516693115234375,-0.115113355219364166259765625";
                      1 = xpoint3:"0.12761390209197998046875,-0.356184542179107666015625,0.9245967864990234375";
                      2 = xpoint3:"0.010827638208866119384765625,-0.93167221546173095703125,-0.360410213470458984375";
                    }
                    #0 = {
                      scale = fixp:"1";
                      name = str:"Bip01 L Finger03";
                      translation = xpoint3:"3.724372386932373046875,0.4587092697620391845703125,-5.09407138824462890625";
                      rotation = {
                        0 = xpoint3:"0.18056167662143707275390625,0.79466283321380615234375,0.5795762538909912109375";
                        1 = xpoint3:"0.4886575639247894287109375,0.438913166522979736328125,-0.7540352344512939453125";
                        2 = xpoint3:"-0.8535873889923095703125,0.4193642139434814453125,-0.309067070484161376953125";
                      }
                      #0 = {
                        scale = fixp:"1";
                        name = str:"Bip01 L Finger04";
                        translation = xpoint3:"4.13211822509765625,0,0";
                        rotation = {
                          0 = xpoint3:"0.999902784824371337890625,0.013942743651568889617919921875,0";
                          1 = xpoint3:"-0.013942743651568889617919921875,0.999902784824371337890625,0";
                          2 = xpoint3:"0,0,1";
                        }
                      }
                    }
                    #1 = {
                      scale = fixp:"1";
                      name = str:"Bip01 L Finger07";
                      translation = xpoint3:"12.95992279052734375,0.2474575936794281005859375,1.338443279266357421875";
                      rotation = {
                        0 = xpoint3:"0.44800817966461181640625,-0.890828788280487060546875,-0.07558275759220123291015625";
                        1 = xpoint3:"0.893411099910736083984375,0.44923937320709228515625,0";
                        2 = xpoint3:"0.0332464389503002166748046875,-0.067882694303989410400390625,0.9971392154693603515625";
                      }
                      #0 = {
                        scale = fixp:"1";
                        name = str:"Bip01 L Finger08";
                        translation = xpoint3:"4.012983798980712890625,0,0";
                        rotation = {
                          0 = xpoint3:"0.781821548938751220703125,-0.623502194881439208984375,0";
                          1 = xpoint3:"0.623502194881439208984375,0.781821548938751220703125,0";
                          2 = xpoint3:"0,0,1";
                        }
                      }
                    }
                    #2 = {
                      scale = fixp:"1";
                      name = str:"Bip01 L Finger05";
                      translation = xpoint3:"12.39494228363037109375,1.00758802890777587890625,-4.18611431121826171875";
                      rotation = {
                        0 = xpoint3:"0.950250208377838134765625,-0.2528355121612548828125,0.18193066120147705078125";
                        1 = xpoint3:"0.256986439228057861328125,0.9664146900177001953125,0";
                        2 = xpoint3:"-0.176018536090850830078125,0.046009339392185211181640625,0.98331105709075927734375";
                      }
                      #0 = {
                        scale = fixp:"1";
                        name = str:"Bip01 L Finger06";
                        translation = xpoint3:"4.41171360015869140625,0,0";
                        rotation = {
                          0 = xpoint3:"1,0,0";
                          1 = xpoint3:"0,1,0";
                          2 = xpoint3:"0,0,1";
                        }
                      }
                    }
                    #3 = {
                      scale = fixp:"1";
                      name = str:"Bone_Gun";
                      translation = xpoint3:"5.904208660125732421875,3.3719921112060546875,-6.24160289764404296875";
                      rotation = {
                        0 = xpoint3:"0.903494536876678466796875,0.3863995075225830078125,0.1854536533355712890625";
                        1 = xpoint3:"0.24926002323627471923828125,-0.121710725128650665283203125,-0.960757911205291748046875";
                        2 = xpoint3:"-0.348664700984954833984375,0.914265692234039306640625,-0.20627892017364501953125";
                      }
                      #0 = {
                        scale = fixp:"1";
                        name = str:"Bone_Gun_02";
                        translation = xpoint3:"33.605701446533203125,0,0";
                        rotation = {
                          0 = xpoint3:"1,0,0";
                          1 = xpoint3:"0,1,0";
                          2 = xpoint3:"0,0,1";
                        }
                      }
                      #1 = {
                        scale = fixp:"1";
                        name = str:"pt_shoot_1";
                        translation = xpoint3:"33.6056976318359375,0,0";
                        rotation = {
                          0 = xpoint3:"-0.01042427122592926025390625,-0.99994564056396484375,0";
                          1 = xpoint3:"-0.01042317785322666168212890625,0,-0.99994564056396484375";
                          2 = xpoint3:"0.999891340732574462890625,-0.010423682630062103271484375,-0.010423795320093631744384765625";
                        }
                      }
                    }
                    #4 = {
                      scale = fixp:"1";
                      name = str:"pt_hand@#1";
                      translation = xpoint3:"0,0,0";
                      rotation = {
                        0 = xpoint3:"0.18630816042423248291015625,-0.4430866539478302001953125,-0.8769056797027587890625";
                        1 = xpoint3:"-0.955828487873077392578125,-0.28826129436492919921875,-0.0574222765862941741943359375";
                        2 = xpoint3:"-0.2273348867893218994140625,0.848869621753692626953125,-0.4772202968597412109375";
                      }
                    }
                  }
                }
              }
            }
            #2 = {
              scale = fixp:"1";
              name = str:"Bip01 Neck";
              translation = xpoint3:"23.1854228973388671875,0.02469441853463649749755859375,-0.01304627768695354461669921875";
              rotation = {
                0 = xpoint3:"1,0,0";
                1 = xpoint3:"0,1,0";
                2 = xpoint3:"0,0,1";
              }
              #0 = {
                scale = fixp:"1";
                name = str:"Bip01 Head";
                translation = xpoint3:"8.564617156982421875,0.011640948243439197540283203125,-0.0048065059818327426910400390625";
                rotation = {
                  0 = xpoint3:"0.995348393917083740234375,-0.0963391959667205810546875,0";
                  1 = xpoint3:"0.09633918106555938720703125,0.99534857273101806640625,0";
                  2 = xpoint3:"0,0,0.999999821186065673828125";
                }
                #0 = {
                  scale = fixp:"1";
                  name = str:"pt_head";
                  translation = xpoint3:"10.263080596923828125,0.9498932361602783203125,-0.0381580330431461334228515625";
                  rotation = {
                    0 = xpoint3:"1,0,0";
                    1 = xpoint3:"0,1,0";
                    2 = xpoint3:"0,0,1";
                  }
                }
              }
            }
            #3 = {
              scale = fixp:"1";
              name = str:"IK Chain01";
              translation = xpoint3:"-24.4886493682861328125,9.76130771636962890625,-37.874691009521484375";
              rotation = {
                0 = xpoint3:"0,0,0.999274313449859619140625";
                1 = xpoint3:"0,-0.99854862689971923828125,0";
                2 = xpoint3:"0.999274313449859619140625,0,0";
              }
            }
            #4 = {
              scale = fixp:"1";
              name = str:"IK Chain02";
              translation = xpoint3:"-24.91318511962890625,4.937882900238037109375,31.9946346282958984375";
              rotation = {
                0 = xpoint3:"0,0,0.999274313449859619140625";
                1 = xpoint3:"0,-0.99854862689971923828125,0";
                2 = xpoint3:"0.999274313449859619140625,0,0";
              }
            }
            #5 = {
              scale = fixp:"1";
              name = str:"Point04";
              translation = xpoint3:"-3.99521160125732421875,-72.535369873046875,-24.774127960205078125";
              rotation = {
                0 = xpoint3:"0,0.992627084255218505859375,0.1212085783481597900390625";
                1 = xpoint3:"0,-0.12120859324932098388671875,0.9926269054412841796875";
                2 = xpoint3:"0.99999988079071044921875,0,0";
              }
            }
            #6 = {
              scale = fixp:"1";
              name = str:"Point03";
              translation = xpoint3:"-11.75930500030517578125,-86.8263397216796875,30.1920719146728515625";
              rotation = {
                0 = xpoint3:"0,0.99262702465057373046875,0.1212085783481597900390625";
                1 = xpoint3:"0,-0.12120854854583740234375,0.9926269054412841796875";
                2 = xpoint3:"0.99999988079071044921875,0,0";
              }
            }
          }
          #1 = {
            scale = fixp:"1";
            name = str:"Bone05";
            translation = xpoint3:"19.786670684814453125,12.93126678466796875,6.451687335968017578125";
            rotation = {
              0 = xpoint3:"-0.994052708148956298828125,0.03625452518463134765625,0.102687008678913116455078125";
              1 = xpoint3:"0.10275609791278839111328125,0,0.99470651149749755859375";
              2 = xpoint3:"0.036058239638805389404296875,0.99934256076812744140625,-0.0037677423097193241119384765625";
            }
            #0 = {
              scale = fixp:"1";
              name = str:"Bone06";
              translation = xpoint3:"24.172145843505859375,0,0.31973373889923095703125";
              rotation = {
                0 = xpoint3:"0.9994609355926513671875,-0.0287228040397167205810546875,0.0159018374979496002197265625";
                1 = xpoint3:"0.0287191681563854217529296875,0.99958741664886474609375,0";
                2 = xpoint3:"-0.0159084014594554901123046875,0,0.999873459339141845703125";
              }
              #0 = {
                scale = fixp:"1";
                name = str:"Bone07";
                translation = xpoint3:"40.196620941162109375,0,0";
                rotation = {
                  0 = xpoint3:"1,0,0";
                  1 = xpoint3:"0,1,0";
                  2 = xpoint3:"0,0,1";
                }
              }
            }
          }
          #2 = {
            scale = fixp:"1";
            name = str:"Bone08";
            translation = xpoint3:"19.7796230316162109375,12.93054103851318359375,-6.06192493438720703125";
            rotation = {
              0 = xpoint3:"-0.9937419891357421875,-0.044035814702510833740234375,0.1026548445224761962890625";
              1 = xpoint3:"0.102754525840282440185546875,0,0.994706809520721435546875";
              2 = xpoint3:"-0.0438027083873748779296875,0.999030053615570068359375,0.0045249531976878643035888671875";
            }
            #0 = {
              scale = fixp:"1";
              name = str:"Bone09";
              translation = xpoint3:"24.1807994842529296875,0,0.3197331726551055908203125";
              rotation = {
                0 = xpoint3:"0.999677181243896484375,0.019812203943729400634765625,0.0159053169190883636474609375";
                1 = xpoint3:"-0.0198097340762615203857421875,0.999803721904754638671875,0";
                2 = xpoint3:"-0.0159083940088748931884765625,0,0.999873459339141845703125";
              }
              #0 = {
                scale = fixp:"1";
                name = str:"Bone10";
                translation = xpoint3:"40.196636199951171875,0,0";
                rotation = {
                  0 = xpoint3:"1,0,0";
                  1 = xpoint3:"0,1,0";
                  2 = xpoint3:"0,0,1";
                }
              }
            }
          }
          #3 = {
            scale = fixp:"1";
            name = str:"Bone11";
            translation = xpoint3:"20.3060760498046875,14.059295654296875,0.015571631491184234619140625";
            rotation = {
              0 = xpoint3:"-0.9977092742919921875,-0.004871509969234466552734375,0.067468754947185516357421875";
              1 = xpoint3:"0.06746947765350341796875,0,0.997721254825592041015625";
              2 = xpoint3:"-0.00486148893833160400390625,0.999988019466400146484375,0";
            }
            #0 = {
              scale = fixp:"1";
              name = str:"Bone12";
              translation = xpoint3:"24.6399974822998046875,0,0";
              rotation = {
                0 = xpoint3:"0.99973833560943603515625,-0.00877947174012660980224609375,-0.02112439461052417755126953125";
                1 = xpoint3:"0.0087774209678173065185546875,0.999961435794830322265625,0";
                2 = xpoint3:"0.02112524770200252532958984375,0,0.9997768402099609375";
              }
              #0 = {
                scale = fixp:"1";
                name = str:"Bone13";
                translation = xpoint3:"40.03961181640625,0,0";
                rotation = {
                  0 = xpoint3:"1,0,0";
                  1 = xpoint3:"0,1,0";
                  2 = xpoint3:"0,0,1";
                }
              }
            }
          }
          #4 = {
            scale = fixp:"1";
            name = str:"pt_chest ";
            translation = xpoint3:"22.5587863922119140625,0.073428086936473846435546875,0.022171057760715484619140625";
            rotation = {
              0 = xpoint3:"0.999999701976776123046875,0,0";
              1 = xpoint3:"0,0.997027456760406494140625,-0.0770446360111236572265625";
              2 = xpoint3:"0,0.07704494893550872802734375,0.997027456760406494140625";
            }
          }
        }
        #2 = {
          scale = fixp:"1";
          name = str:"Point02";
          translation = xpoint3:"79.382781982421875,43.84703826904296875,-34.886096954345703125";
          rotation = {
            0 = xpoint3:"0,0,1";
            1 = xpoint3:"1,0,0";
            2 = xpoint3:"0,1,0";
          }
        }
        #3 = {
          scale = fixp:"1";
          name = str:"Point01";
          translation = xpoint3:"55.04579925537109375,-42.05258941650390625,-34.8861083984375";
          rotation = {
            0 = xpoint3:"0,0,1";
            1 = xpoint3:"1,0,0";
            2 = xpoint3:"0,1,0";
          }
        }
        #4 = {
          scale = fixp:"1";
          name = str:"pt_center";
          translation = xpoint3:"0,-1.26092207431793212890625,17.099609375";
          rotation = {
            0 = xpoint3:"0,1,0";
            1 = xpoint3:"-1,0,0";
            2 = xpoint3:"0,0,1";
          }
        }
        #5 = {
          scale = fixp:"1";
          name = str:"pt_cast";
          translation = xpoint3:"23.433197021484375,0.055469505488872528076171875,25.778350830078125";
          rotation = {
            0 = xpoint3:"0,1,0";
            1 = xpoint3:"-1,0,0";
            2 = xpoint3:"0,0,1";
          }
        }
      }
      #1 = {
        scale = fixp:"1";
        name = str:"pt_ground";
        translation = xpoint3:"0,0,0";
        rotation = {
          0 = xpoint3:"1,0,0";
          1 = xpoint3:"0,1,0";
          2 = xpoint3:"0,0,1";
        }
      }
      #2 = {
        scale = fixp:"1";
        name = str:"pt_top";
        translation = xpoint3:"-0.901786744594573974609375,-3.65560054779052734375,212.967620849609375";
        rotation = {
          0 = xpoint3:"0,0,1";
          1 = xpoint3:"0,-1,0";
          2 = xpoint3:"1,0,0";
        }
      }
    }
  }
  #2 = {
    scale = fixp:"1";
    name = str:"pt_aim";
    translation = xpoint3:"11.11382389068603515625,-81.09183502197265625,154.7552642822265625";
    rotation = {
      0 = xpoint3:"1,0,0";
      1 = xpoint3:"0,1,0";
      2 = xpoint3:"0,0,1";
    }
  }
  #3 = {
    scale = fixp:"1";
    name = str:"Medic753";
    translation = xpoint3:"0,0,0";
    rotation = {
      0 = xpoint3:"1,0,0";
      1 = xpoint3:"0,1,0";
      2 = xpoint3:"0,0,1";
    }
  }
  #4 = {
    scale = fixp:"1";
    name = str:"Medic431";
    translation = xpoint3:"0,0,0";
    rotation = {
      0 = xpoint3:"1,0,0";
      1 = xpoint3:"0,1,0";
      2 = xpoint3:"0,0,1";
    }
  }
}