model = {
  file = str:"data\models\lifeforms\scorpo\scorpo.nif";
  animation = {
    loop = fixp:"0";
    duration = fixp:"5.66666698455810546875";
  }
  #0 = {
    scale = fixp:"1";
    name = str:"ROOT";
    translation = xpoint3:"0,0,0";
    rotation = {
      0 = xpoint3:"1,0,0";
      1 = xpoint3:"0,1,0";
      2 = xpoint3:"0,0,1";
    }
    #0 = {
      scale = fixp:"1";
      name = str:"ROOT NonAccum";
      translation = xpoint3:"0,0,0";
      rotation = {
        0 = xpoint3:"1,0,0";
        1 = xpoint3:"0,1,0";
        2 = xpoint3:"0,0,1";
      }
      #0 = {
        scale = fixp:"1";
        name = str:"Bone01";
        translation = xpoint3:"-4.5073394775390625,-114.159088134765625,31.61905670166015625";
        rotation = {
          0 = xpoint3:"0,-0.9999983310699462890625,-0.00177001766860485076904296875";
          1 = xpoint3:"0.99960100650787353515625,0,0.0282429791986942291259765625";
          2 = xpoint3:"-0.02824302203953266143798828125,-0.001769312657415866851806640625,0.999599516391754150390625";
        }
        #0 = {
          scale = fixp:"1";
          name = str:"Bone02";
          translation = xpoint3:"84.39827728271484375,0,0";
          rotation = {
            0 = xpoint3:"0.991360008716583251953125,0.111203216016292572021484375,0.069564498960971832275390625";
            1 = xpoint3:"-0.112452112138271331787109375,0.993554413318634033203125,0.014290022663772106170654296875";
            2 = xpoint3:"-0.067527018487453460693359375,-0.0219892300665378570556640625,0.997475087642669677734375";
          }
          #0 = {
            scale = fixp:"1";
            name = str:"Bone03";
            translation = xpoint3:"67.8863983154296875,0,0";
            rotation = {
              0 = xpoint3:"0.995645344257354736328125,0.0916652977466583251953125,-0.01696485839784145355224609375";
              1 = xpoint3:"-0.0914924144744873046875,0.9957482814788818359375,0.010702385567128658294677734375";
              2 = xpoint3:"0.01787376590073108673095703125,-0.009103625081479549407958984375,0.999798834323883056640625";
            }
            #0 = {
              scale = fixp:"1";
              name = str:"Bone04";
              translation = xpoint3:"57.793643951416015625,0,0";
              rotation = {
                0 = xpoint3:"0.980790078639984130859375,-0.19506607949733734130859375,0";
                1 = xpoint3:"0.19506607949733734130859375,0.980790078639984130859375,0";
                2 = xpoint3:"0,0,1";
              }
              #0 = {
                scale = fixp:"1";
                name = str:"Bone05";
                translation = xpoint3:"53.666309356689453125,0,0";
                rotation = {
                  0 = xpoint3:"0.90304315090179443359375,-0.18729496002197265625,-0.3865664303302764892578125";
                  1 = xpoint3:"0.220814883708953857421875,0.974333345890045166015625,0.0437638461589813232421875";
                  2 = xpoint3:"0.3684478104114532470703125,-0.12488026916980743408203125,0.921222627162933349609375";
                }
              }
              #1 = {
                scale = fixp:"1";
                name = str:"Box27";
                translation = xpoint3:"43.579730987548828125,0.91737568378448486328125,3.872507572174072265625";
                rotation = {
                  0 = xpoint3:"0,0.999999940395355224609375,0";
                  1 = xpoint3:"-0.999999940395355224609375,0,0";
                  2 = xpoint3:"0,0,1";
                }
              }
            }
            #1 = {
              scale = fixp:"1";
              name = str:"Box26";
              translation = xpoint3:"62.7343902587890625,0.917388975620269775390625,2.604402065277099609375";
              rotation = {
                0 = xpoint3:"0,0.999999940395355224609375,0";
                1 = xpoint3:"-0.999999940395355224609375,0,0";
                2 = xpoint3:"0,0,1";
              }
            }
          }
          #1 = {
            scale = fixp:"1";
            name = str:"Box28";
            translation = xpoint3:"71.841888427734375,0.91740047931671142578125,0.290734469890594482421875";
            rotation = {
              0 = xpoint3:"0,0.95749342441558837890625,-0.28845489025115966796875";
              1 = xpoint3:"-0.99999988079071044921875,0,0";
              2 = xpoint3:"0,0.28845489025115966796875,0.957493484020233154296875";
            }
          }
          #2 = {
            scale = fixp:"1";
            name = str:"Box29";
            translation = xpoint3:"41.779491424560546875,0.917388498783111572265625,2.5116388797760009765625";
            rotation = {
              0 = xpoint3:"0,0.975355446338653564453125,-0.22063910961151123046875";
              1 = xpoint3:"-0.999999940395355224609375,0,0";
              2 = xpoint3:"0,0.22063910961151123046875,0.97535550594329833984375";
            }
          }
        }
        #1 = {
          scale = fixp:"1";
          name = str:"Box30";
          translation = xpoint3:"87.66161346435546875,0.91736805438995361328125,5.210793018341064453125";
          rotation = {
            0 = xpoint3:"0,0.999005615711212158203125,-0.044585563242435455322265625";
            1 = xpoint3:"-1,0,0";
            2 = xpoint3:"0,0.044585563242435455322265625,0.9990055561065673828125";
          }
        }
        #2 = {
          scale = fixp:"1";
          name = str:"Box31";
          translation = xpoint3:"53.332157135009765625,0.917361795902252197265625,5.047190189361572265625";
          rotation = {
            0 = xpoint3:"0,0.999327003955841064453125,-0.036680199205875396728515625";
            1 = xpoint3:"-0.999999940395355224609375,0,0";
            2 = xpoint3:"0,0.036680199205875396728515625,0.99932706356048583984375";
          }
        }
        #3 = {
          scale = fixp:"1";
          name = str:"Head";
          translation = xpoint3:"4.439924716949462890625,0.49730312824249267578125,3.604110240936279296875";
          rotation = {
            0 = xpoint3:"0.1114480197429656982421875,0.9934635162353515625,-0.02469131536781787872314453125";
            1 = xpoint3:"-0.993709564208984375,0.111132003366947174072265625,-0.013825274072587490081787109375";
            2 = xpoint3:"-0.01099090836942195892333984375,0.026076793670654296875,0.999599516391754150390625";
          }
          #0 = {
            scale = fixp:"1";
            name = str:"Bone11";
            translation = xpoint3:"-10.77893924713134765625,-2.72018527984619140625,-6.0314197540283203125";
            rotation = {
              0 = xpoint3:"-0.9921653270721435546875,0.11276887357234954833984375,0";
              1 = xpoint3:"-0.1127592027187347412109375,-0.99210441112518310546875,0.01109695993363857269287109375";
              2 = xpoint3:"0.00149760977365076541900634765625,0.010998211801052093505859375,0.99993836879730224609375";
            }
            #0 = {
              scale = fixp:"1";
              name = str:"Bone12";
              translation = xpoint3:"38.05142974853515625,0,0";
              rotation = {
                0 = xpoint3:"-0.34989845752716064453125,-0.935741603374481201171875,0";
                1 = xpoint3:"0.935741603374481201171875,-0.34989845752716064453125,0";
                2 = xpoint3:"0,0,1";
              }
            }
          }
          #1 = {
            scale = fixp:"1";
            name = str:"Bone11(mirrored)";
            translation = xpoint3:"10.7786865234375,-2.7201774120330810546875,-6.03141880035400390625";
            rotation = {
              0 = xpoint3:"0.992774307727813720703125,0.11995171010494232177734375,0";
              1 = xpoint3:"-0.1199385821819305419921875,0.992714405059814453125,0.011059038341045379638671875";
              2 = xpoint3:"0.00185164506547152996063232421875,-0.0109157003462314605712890625,0.999938666820526123046875";
            }
            #0 = {
              scale = fixp:"1";
              name = str:"Bone12(mirrored)";
              translation = xpoint3:"38.051425933837890625,0,0";
              rotation = {
                0 = xpoint3:"-0.31781613826751708984375,0.947143256664276123046875,0";
                1 = xpoint3:"-0.947143256664276123046875,-0.31781613826751708984375,0";
                2 = xpoint3:"0,0,1";
              }
            }
          }
          #2 = {
            scale = fixp:"1";
            name = str:"Bone07";
            translation = xpoint3:"0,-13.7378253936767578125,13.02210712432861328125";
            rotation = {
              0 = xpoint3:"0,0,-0.99999988079071044921875";
              1 = xpoint3:"-0.88723504543304443359375,-0.46131718158721923828125,0";
              2 = xpoint3:"-0.4613173305988311767578125,0.88723504543304443359375,0";
            }
          }
          #3 = {
            scale = fixp:"1";
            name = str:"Bone09";
            translation = xpoint3:"0,-9.8681735992431640625,-20.7157115936279296875";
            rotation = {
              0 = xpoint3:"0,0,-1";
              1 = xpoint3:"-0.9644076824188232421875,0.2644199430942535400390625,0";
              2 = xpoint3:"0.2644200026988983154296875,0.9644076824188232421875,0";
            }
          }
        }
      }
    }
  }
  #1 = {
    scale = fixp:"1";
    name = str:"Box24";
    translation = xpoint3:"0,89.8352203369140625,54.374416351318359375";
    rotation = {
      0 = xpoint3:"1,0,0";
      1 = xpoint3:"0,1,0";
      2 = xpoint3:"0,0,1";
    }
  }
}