model = {
  file = str:"data\models\lifeforms\kikkert\kikkert.nif";
  animation = {
    loop = fixp:"0";
    duration = fixp:"16.666667938232421875";
  }
  #0 = {
    scale = fixp:"1";
    name = str:"Kikkert";
    translation = xpoint3:"0,0,11.23028564453125";
    rotation = {
      0 = xpoint3:"1,0,0";
      1 = xpoint3:"0,1,0";
      2 = xpoint3:"0,0,1";
    }
  }
  #1 = {
    scale = fixp:"1";
    name = str:"ROOT";
    translation = xpoint3:"3.6288144588470458984375,0,0";
    rotation = {
      0 = xpoint3:"1,0,0";
      1 = xpoint3:"0,1,0";
      2 = xpoint3:"0,0,1";
    }
    #3 = {
      scale = fixp:"1";
      name = str:"ROOT NonAccum";
      translation = xpoint3:"0,0,0";
      rotation = {
        0 = xpoint3:"1,0,0";
        1 = xpoint3:"0,1,0";
        2 = xpoint3:"0,0,1";
      }
      #0 = {
        scale = fixp:"1";
        name = str:"BIP";
        translation = xpoint3:"0.9251863956451416015625,10.594207763671875,60.721965789794921875";
        rotation = {
          0 = xpoint3:"1,0,0";
          1 = xpoint3:"0,0,-0.999999940395355224609375";
          2 = xpoint3:"0,0.999999940395355224609375,0";
        }
        #0 = {
          scale = fixp:"1";
          name = str:"Pelvis";
          translation = xpoint3:"-7.4440155029296875,18.603580474853515625,-4.44639492034912109375";
          rotation = {
            0 = xpoint3:"0.961920320987701416015625,0,0.2733299732208251953125";
            1 = xpoint3:"0,1,0";
            2 = xpoint3:"-0.2733299732208251953125,0,0.961920320987701416015625";
          }
          #0 = {
            scale = fixp:"1";
            name = str:"L_Leg1";
            translation = xpoint3:"12.044055938720703125,-9.488922119140625,9.001556396484375";
            rotation = {
              0 = xpoint3:"0.096417464315891265869140625,0.989963948726654052734375,-0.09676648676395416259765625";
              1 = xpoint3:"-0.800426423549652099609375,0.1350770890712738037109375,0.582937896251678466796875";
              2 = xpoint3:"0.590516746044158935546875,0.0216877460479736328125,0.80655992031097412109375";
            }
            #0 = {
              scale = fixp:"1";
              name = str:"L_Leg2";
              translation = xpoint3:"36.70047760009765625,0,0";
              rotation = {
                0 = xpoint3:"0.537111103534698486328125,0.13470850884914398193359375,0.83228218555450439453125";
                1 = xpoint3:"-0.11389987170696258544921875,0.98969757556915283203125,-0.086663760244846343994140625";
                2 = xpoint3:"-0.83538424968719482421875,-0.048346720635890960693359375,0.54693543910980224609375";
              }
              #0 = {
                scale = fixp:"1";
                name = str:"L_Foot";
                translation = xpoint3:"37.5715179443359375,0,0";
                rotation = {
                  0 = xpoint3:"-0.3636229932308197021484375,0.0731393396854400634765625,-0.9276044368743896484375";
                  1 = xpoint3:"0.02533353306353092193603515625,0.99731862545013427734375,0.06862829625606536865234375";
                  2 = xpoint3:"0.93013846874237060546875,0.0015062279999256134033203125,-0.364499568939208984375";
                }
                #0 = {
                  scale = fixp:"1";
                  name = str:"LFE";
                  translation = xpoint3:"23.053653717041015625,0,0";
                  rotation = {
                    0 = xpoint3:"1,0,0";
                    1 = xpoint3:"0,1,0";
                    2 = xpoint3:"0,0,1";
                  }
                }
              }
            }
          }
          #1 = {
            scale = fixp:"1";
            name = str:"R_Leg1";
            translation = xpoint3:"-11.955944061279296875,-9.488922119140625,9.001556396484375";
            rotation = {
              0 = xpoint3:"-0.345459759235382080078125,0.892721116542816162109375,-0.285926759243011474609375";
              1 = xpoint3:"-0.887347996234893798828125,-0.2131012976169586181640625,0.4067443311214447021484375";
              2 = xpoint3:"0.302189648151397705078125,0.3948119580745697021484375,0.867532551288604736328125";
            }
            #0 = {
              scale = fixp:"1";
              name = str:"R_Leg2";
              translation = xpoint3:"36.700458526611328125,0,0";
              rotation = {
                0 = xpoint3:"0.4505846798419952392578125,-0.07524240016937255859375,0.889108955860137939453125";
                1 = xpoint3:"0.0647938251495361328125,0.996566832065582275390625,0.0514913238584995269775390625";
                2 = xpoint3:"-0.889931380748748779296875,0.0344699434936046600341796875,0.4539178907871246337890625";
              }
              #0 = {
                scale = fixp:"1";
                name = str:"R_Foot";
                translation = xpoint3:"37.57152557373046875,0,0";
                rotation = {
                  0 = xpoint3:"-0.632663905620574951171875,-0.060752876102924346923828125,-0.7705037593841552734375";
                  1 = xpoint3:"-0.02104301564395427703857421875,0.997894346714019775390625,-0.061326690018177032470703125";
                  2 = xpoint3:"0.77260863780975341796875,-0.02264639548957347869873046875,-0.632608592510223388671875";
                }
                #0 = {
                  scale = fixp:"1";
                  name = str:"RFE";
                  translation = xpoint3:"23.053646087646484375,0,0";
                  rotation = {
                    0 = xpoint3:"1,0,0";
                    1 = xpoint3:"0,1,0";
                    2 = xpoint3:"0,0,1";
                  }
                }
              }
            }
          }
          #2 = {
            scale = fixp:"1";
            name = str:"Spine1";
            translation = xpoint3:"-0.04136407375335693359375,8.64195919036865234375,3.632659435272216796875";
            rotation = {
              0 = xpoint3:"-0.0360864102840423583984375,-0.999274909496307373046875,-0.01215483248233795166015625";
              1 = xpoint3:"0.946883618831634521484375,-0.038078464567661285400390625,0.3193146884441375732421875";
              2 = xpoint3:"-0.319545924663543701171875,0,0.94757080078125";
            }
            #0 = {
              scale = fixp:"1";
              name = str:"Spine2";
              translation = xpoint3:"27.21613311767578125,0,0";
              rotation = {
                0 = xpoint3:"0.887871325016021728515625,0.09883232414722442626953125,-0.4493514001369476318359375";
                1 = xpoint3:"-0.12064765393733978271484375,0.992492020130157470703125,-0.02009406872093677520751953125";
                2 = xpoint3:"0.4439917504787445068359375,0.072054140269756317138671875,0.893129050731658935546875";
              }
              #0 = {
                scale = fixp:"1";
                name = str:"Spine3";
                translation = xpoint3:"29.066131591796875,0,0";
                rotation = {
                  0 = xpoint3:"0.0763347446918487548828125,-0.0219223834574222564697265625,-0.9968411922454833984375";
                  1 = xpoint3:"-0.11684711277484893798828125,0.992672860622406005859375,-0.030778467655181884765625";
                  2 = xpoint3:"0.990211963653564453125,0.11882747709751129150390625,0.07321386039257049560546875";
                }
                #0 = {
                  scale = fixp:"1";
                  name = str:"Neck";
                  translation = xpoint3:"32.76020050048828125,0,0";
                  rotation = {
                    0 = xpoint3:"0.999999344348907470703125,0.00109445489943027496337890625,0";
                    1 = xpoint3:"0,-0.14113652706146240234375,0.9899899959564208984375";
                    2 = xpoint3:"0.00104227848351001739501953125,-0.9899895191192626953125,-0.14113692939281463623046875";
                  }
                  #0 = {
                    scale = fixp:"1";
                    name = str:"Head";
                    translation = xpoint3:"15.06123447418212890625,0,0";
                    rotation = {
                      0 = xpoint3:"0.7733209133148193359375,0.560533463954925537109375,-0.2962718307971954345703125";
                      1 = xpoint3:"-0.612879455089569091796875,0.78055226802825927734375,-0.122950799763202667236328125";
                      2 = xpoint3:"0.162337601184844970703125,0.27665936946868896484375,0.947156846523284912109375";
                    }
                    #0 = {
                      scale = fixp:"1";
                      name = str:"R_Eye";
                      translation = xpoint3:"21.01264190673828125,-0.720227301120758056640625,12.0354557037353515625";
                      rotation = {
                        0 = xpoint3:"-0.01782064139842987060546875,-0.647813737392425537109375,0.760619938373565673828125";
                        1 = xpoint3:"0.00996673107147216796875,0.76131880283355712890625,0.64803397655487060546875";
                        2 = xpoint3:"-0.999052584171295166015625,0.0196137726306915283203125,-0.006929494440555572509765625";
                      }
                    }
                    #1 = {
                      scale = fixp:"1";
                      name = str:"L_Eye";
                      translation = xpoint3:"20.5485095977783203125,-0.47080338001251220703125,-12.9660816192626953125";
                      rotation = {
                        0 = xpoint3:"-0.017820835113525390625,-0.6478137969970703125,0.760619938373565673828125";
                        1 = xpoint3:"0.0099667012691497802734375,0.761318743228912353515625,0.64803397655487060546875";
                        2 = xpoint3:"-0.999052584171295166015625,0.019613802433013916015625,-0.006929673254489898681640625";
                      }
                    }
                    #2 = {
                      scale = fixp:"1";
                      name = str:"pt_head";
                      translation = xpoint3:"0,0,0";
                      rotation = {
                        0 = xpoint3:"-0.998973846435546875,-0.0043398551642894744873046875,-0.045082725584506988525390625";
                        1 = xpoint3:"-0.0450830720365047454833984375,0,0.99898326396942138671875";
                        2 = xpoint3:"-0.0043362565338611602783203125,0.99999058246612548828125,0";
                      }
                    }
                  }
                }
              }
              #1 = {
                scale = fixp:"1";
                name = str:"R_Clav";
                translation = xpoint3:"29.066127777099609375,0,0";
                rotation = {
                  0 = xpoint3:"-0.2296083867549896240234375,-0.96926367282867431640625,0.0883639156818389892578125";
                  1 = xpoint3:"0.9043262004852294921875,-0.24602472782135009765625,-0.348806679248809814453125";
                  2 = xpoint3:"0.359825313091278076171875,0,0.933019697666168212890625";
                }
                #0 = {
                  scale = fixp:"1";
                  name = str:"R_Arm1";
                  translation = xpoint3:"33.20470428466796875,0,0";
                  rotation = {
                    0 = xpoint3:"0.693547666072845458984375,-0.4097271859645843505859375,-0.592174470424652099609375";
                    1 = xpoint3:"0.5431919097900390625,0.8375644683837890625,0.0565030872821807861328125";
                    2 = xpoint3:"0.472746789455413818359375,-0.3610729277133941650390625,0.80364906787872314453125";
                  }
                  #0 = {
                    scale = fixp:"1";
                    name = str:"R_Arm2";
                    translation = xpoint3:"29.2873401641845703125,0,0";
                    rotation = {
                      0 = xpoint3:"1,0,0";
                      1 = xpoint3:"0,0.997103214263916015625,-0.076033033430576324462890625";
                      2 = xpoint3:"0,0.076033033430576324462890625,0.997103214263916015625";
                    }
                    #0 = {
                      scale = fixp:"1";
                      name = str:"R_Arm3";
                      translation = xpoint3:"25.4848155975341796875,0,0";
                      rotation = {
                        0 = xpoint3:"0.580951035022735595703125,-0.188802540302276611328125,-0.791354119777679443359375";
                        1 = xpoint3:"0.39940464496612548828125,0.913629591464996337890625,0.07504366338253021240234375";
                        2 = xpoint3:"0.708776175975799560546875,-0.35987389087677001953125,0.606263697147369384765625";
                      }
                      #0 = {
                        scale = fixp:"1";
                        name = str:"R_F2";
                        translation = xpoint3:"10.00001049041748046875,0,0";
                        rotation = {
                          0 = xpoint3:"0.9767124652862548828125,-0.20977456867694854736328125,0.045027218759059906005859375";
                          1 = xpoint3:"0.04568682610988616943359375,-0.00170301087200641632080078125,-0.998954296112060546875";
                          2 = xpoint3:"0.2096318900585174560546875,0.97774827480316162109375,0.007920580916106700897216796875";
                        }
                        #0 = {
                          scale = fixp:"1";
                          name = str:"R_F22";
                          translation = xpoint3:"14.37654399871826171875,0,0";
                          rotation = {
                            0 = xpoint3:"0.6358625888824462890625,0.21884728968143463134765625,0.740124762058258056640625";
                            1 = xpoint3:"-0.18554170429706573486328125,0.974178314208984375,-0.1286502778530120849609375";
                            2 = xpoint3:"-0.749168217182159423828125,-0.055520109832286834716796875,0.66004884243011474609375";
                          }
                        }
                      }
                      #1 = {
                        scale = fixp:"1";
                        name = str:"R_F3";
                        translation = xpoint3:"10.00010967254638671875,0,0";
                        rotation = {
                          0 = xpoint3:"0.878201901912689208984375,0.46843183040618896484375,0.09660731256008148193359375";
                          1 = xpoint3:"0.08904026448726654052734375,0.0383342690765857696533203125,-0.9952900409698486328125";
                          2 = xpoint3:"-0.469928920269012451171875,0.88266754150390625,-0.008044071495532989501953125";
                        }
                        #0 = {
                          scale = fixp:"1";
                          name = str:"R_F32";
                          translation = xpoint3:"13.862506866455078125,0,0";
                          rotation = {
                            0 = xpoint3:"0.660146653652191162109375,-0.09419260919094085693359375,0.74520742893218994140625";
                            1 = xpoint3:"0.07421354949474334716796875,0.99543106555938720703125,0.0600777976214885711669921875";
                            2 = xpoint3:"-0.7474615573883056640625,0.0156443305313587188720703125,0.6641209125518798828125";
                          }
                        }
                      }
                      #2 = {
                        scale = fixp:"1";
                        name = str:"R_F1";
                        translation = xpoint3:"9.99995136260986328125,0,0";
                        rotation = {
                          0 = xpoint3:"0.424593865871429443359375,-0.84105575084686279296875,0.33517968654632568359375";
                          1 = xpoint3:"0.56684958934783935546875,-0.041724979877471923828125,-0.8227641582489013671875";
                          2 = xpoint3:"0.7059757709503173828125,0.539337158203125,0.45903575420379638671875";
                        }
                        #0 = {
                          scale = fixp:"1";
                          name = str:"R_F12";
                          translation = xpoint3:"11.07054901123046875,0,0";
                          rotation = {
                            0 = xpoint3:"0.835419714450836181640625,0.549612522125244140625,0";
                            1 = xpoint3:"-0.549612522125244140625,0.83541965484619140625,0";
                            2 = xpoint3:"0,0,0.999999940395355224609375";
                          }
                        }
                      }
                      #3 = {
                        scale = fixp:"1";
                        name = str:"bone_gun";
                        translation = xpoint3:"17.529052734375,2.6774356365203857421875,0.04021032154560089111328125";
                        rotation = {
                          0 = xpoint3:"0.776214897632598876953125,-0.512270390987396240234375,-0.367075860500335693359375";
                          1 = xpoint3:"0.133805096149444580078125,0.70333492755889892578125,-0.6978435516357421875";
                          2 = xpoint3:"0.615842401981353759765625,0.4924108982086181640625,0.614581406116485595703125";
                        }
                        #0 = {
                          scale = fixp:"1";
                          name = str:"gun_handle";
                          translation = xpoint3:"55.31310272216796875,-0.58857667446136474609375,0";
                          rotation = {
                            0 = xpoint3:"0.999996602535247802734375,-0.00260400469414889812469482421875,0";
                            1 = xpoint3:"0.00260400469414889812469482421875,0.999996602535247802734375,0";
                            2 = xpoint3:"0,0,1";
                          }
                        }
                        #1 = {
                          scale = fixp:"1";
                          name = str:"pt_shoot_1";
                          translation = xpoint3:"151.9909820556640625,17.7730865478515625,3.40394496917724609375";
                          rotation = {
                            0 = xpoint3:"0.0444957502186298370361328125,-0.99893772602081298828125,0.01197357475757598876953125";
                            1 = xpoint3:"0.97066020965576171875,0.046064965426921844482421875,0.2360011041164398193359375";
                            2 = xpoint3:"-0.2363019883632659912109375,0.00112123787403106689453125,0.971679031848907470703125";
                          }
                        }
                      }
                    }
                  }
                }
              }
              #2 = {
                scale = fixp:"1";
                name = str:"L_Clav";
                translation = xpoint3:"29.066127777099609375,0,0";
                rotation = {
                  0 = xpoint3:"-0.3788048923015594482421875,0.893619060516357421875,0.24073208868503570556640625";
                  1 = xpoint3:"-0.75420534610748291015625,-0.448826372623443603515625,0.4793007671833038330078125";
                  2 = xpoint3:"0.53635919094085693359375,0,0.843989849090576171875";
                }
                #0 = {
                  scale = fixp:"1";
                  name = str:"L_Arm1";
                  translation = xpoint3:"38.84979248046875,0,0";
                  rotation = {
                    0 = xpoint3:"0.903984725475311279296875,0.31534671783447265625,-0.2884939014911651611328125";
                    1 = xpoint3:"-0.34407055377960205078125,0.93737351894378662109375,-0.053436242043972015380859375";
                    2 = xpoint3:"0.2535502612590789794921875,0.1476361751556396484375,0.955956041812896728515625";
                  }
                  #0 = {
                    scale = fixp:"1";
                    name = str:"L_Arm2";
                    translation = xpoint3:"25.89449310302734375,0,0";
                    rotation = {
                      0 = xpoint3:"0.693730413913726806640625,0.0250044725835323333740234375,-0.719491779804229736328125";
                      1 = xpoint3:"0.0488945655524730682373046875,0.995456516742706298828125,0.081664435565471649169921875";
                      2 = xpoint3:"0.718263804912567138671875,-0.091839723289012908935546875,0.689356029033660888671875";
                    }
                    #0 = {
                      scale = fixp:"1";
                      name = str:"L_Arm3";
                      translation = xpoint3:"24.38726806640625,0,0";
                      rotation = {
                        0 = xpoint3:"0.964507997035980224609375,-0.019479684531688690185546875,-0.2632363736629486083984375";
                        1 = xpoint3:"-0.139757633209228515625,0.8084659576416015625,-0.57146537303924560546875";
                        2 = xpoint3:"0.22392107546329498291015625,0.58798420429229736328125,0.777052402496337890625";
                      }
                      #0 = {
                        scale = fixp:"1";
                        name = str:"L_F1";
                        translation = xpoint3:"9.99999237060546875,0,0";
                        rotation = {
                          0 = xpoint3:"0.16741217672824859619140625,0.985460698604583740234375,-0.02899134159088134765625";
                          1 = xpoint3:"-0.600932776927947998046875,0.1253116130828857421875,0.7894155979156494140625";
                          2 = xpoint3:"0.781570911407470703125,-0.1147359907627105712890625,0.6131742000579833984375";
                        }
                        #0 = {
                          scale = fixp:"1";
                          name = str:"L_F12";
                          translation = xpoint3:"10.68508243560791015625,0,0";
                          rotation = {
                            0 = xpoint3:"0.962816774845123291015625,-0.267333567142486572265625,-0.0389443337917327880859375";
                            1 = xpoint3:"0.2651517391204833984375,0.907498180866241455078125,0.325793743133544921875";
                            2 = xpoint3:"-0.051753692328929901123046875,-0.3240058422088623046875,0.944638431072235107421875";
                          }
                        }
                      }
                      #1 = {
                        scale = fixp:"1";
                        name = str:"L_F2";
                        translation = xpoint3:"9.99999237060546875,0,0";
                        rotation = {
                          0 = xpoint3:"0.989606916904449462890625,0.03482951223850250244140625,-0.13951723277568817138671875";
                          1 = xpoint3:"-0.03317151963710784912109375,0.9993488788604736328125,0.014192317612469196319580078125";
                          2 = xpoint3:"0.13992069661617279052734375,-0.009416817687451839447021484375,0.99011790752410888671875";
                        }
                        #0 = {
                          scale = fixp:"1";
                          name = str:"L_F22";
                          translation = xpoint3:"13.16368389129638671875,0,0";
                          rotation = {
                            0 = xpoint3:"0.2826755940914154052734375,-0.141328036785125732421875,0.94874703884124755859375";
                            1 = xpoint3:"-0.956780374050140380859375,0.028892040252685546875,0.2893729507923126220703125";
                            2 = xpoint3:"-0.06830775737762451171875,-0.98954117298126220703125,-0.1270528137683868408203125";
                          }
                        }
                      }
                      #2 = {
                        scale = fixp:"1";
                        name = str:"L_F3";
                        translation = xpoint3:"9.99999237060546875,0,0";
                        rotation = {
                          0 = xpoint3:"0.914784729480743408203125,0.10246360301971435546875,0.3907301723957061767578125";
                          1 = xpoint3:"-0.101630866527557373046875,0.99455928802490234375,-0.02286938764154911041259765625";
                          2 = xpoint3:"-0.3909476101398468017578125,-0.01878967694938182830810546875,0.920221149921417236328125";
                        }
                        #0 = {
                          scale = fixp:"1";
                          name = str:"L_F32";
                          translation = xpoint3:"12.199863433837890625,0,0";
                          rotation = {
                            0 = xpoint3:"0.4510796964168548583984375,0.12734949588775634765625,0.8833510875701904296875";
                            1 = xpoint3:"-0.886722087860107421875,-0.04833376407623291015625,0.45976912975311279296875";
                            2 = xpoint3:"0.1012471020221710205078125,-0.9906795024871826171875,0.0911212861537933349609375";
                          }
                        }
                      }
                    }
                  }
                }
              }
              #3 = {
                scale = fixp:"1";
                name = str:"pt_chest";
                translation = xpoint3:"0,0,0";
                rotation = {
                  0 = xpoint3:"0,-0.18384397029876708984375,0.982955455780029296875";
                  1 = xpoint3:"-1,0,0";
                  2 = xpoint3:"0,-0.982955455780029296875,-0.18384397029876708984375";
                }
              }
            }
          }
          #3 = {
            scale = fixp:"1";
            name = str:"pt_center";
            translation = xpoint3:"0.3355033695697784423828125,1.33544099330902099609375,1.1719048023223876953125";
            rotation = {
              0 = xpoint3:"1,0,0";
              1 = xpoint3:"0,1,0";
              2 = xpoint3:"0,0,1";
            }
          }
        }
        #1 = {
          scale = fixp:"1";
          name = str:"Dummy04";
          translation = xpoint3:"25.4460010528564453125,-20.7219676971435546875,60.594211578369140625";
          rotation = {
            0 = xpoint3:"1,0,0";
            1 = xpoint3:"0,0,0.999999940395355224609375";
            2 = xpoint3:"0,-0.999999940395355224609375,0";
          }
        }
        #2 = {
          scale = fixp:"1";
          name = str:"Dummy03";
          translation = xpoint3:"-29.5540008544921875,-20.7219638824462890625,60.594203948974609375";
          rotation = {
            0 = xpoint3:"1,0,0";
            1 = xpoint3:"0,0,0.999999940395355224609375";
            2 = xpoint3:"0,-0.999999940395355224609375,0";
          }
        }
        #3 = {
          scale = fixp:"1";
          name = str:"Dummy01";
          translation = xpoint3:"-38.972667694091796875,115.191070556640625,-28.3179874420166015625";
          rotation = {
            0 = xpoint3:"1,0,0";
            1 = xpoint3:"0,0,0.999999940395355224609375";
            2 = xpoint3:"0,-0.999999940395355224609375,0";
          }
        }
        #4 = {
          scale = fixp:"0.99999988079071044921875";
          name = str:"Dummy02";
          translation = xpoint3:"30.0825958251953125,69.3485260009765625,-63.070987701416015625";
          rotation = {
            0 = xpoint3:"1,0,0";
            1 = xpoint3:"0,0,0.999999940395355224609375";
            2 = xpoint3:"0,-0.999999940395355224609375,0";
          }
        }
      }
      #1 = {
        scale = fixp:"1";
        name = str:"IK Chain05";
        translation = xpoint3:"42.2730865478515625,-28.156375885009765625,97.4580841064453125";
        rotation = {
          0 = xpoint3:"0.34575951099395751953125,0.89583492279052734375,-0.27745401859283447265625";
          1 = xpoint3:"0.3495754301548004150390625,0.15219990909099578857421875,0.92379748821258544921875";
          2 = xpoint3:"0.87022864818572998046875,-0.4160344600677490234375,-0.260361969470977783203125";
        }
        #0 = {
          scale = fixp:"1";
          name = str:"pt_hand";
          translation = xpoint3:"0.0545091889798641204833984375,3.7297725677490234375,-3.6584720611572265625";
          rotation = {
            0 = xpoint3:"1,0,0";
            1 = xpoint3:"0,1,0";
            2 = xpoint3:"0,0,1";
          }
        }
      }
      #2 = {
        scale = fixp:"1";
        name = str:"pt_top";
        translation = xpoint3:"0,0,199.299957275390625";
        rotation = {
          0 = xpoint3:"1,0,0";
          1 = xpoint3:"0,1,0";
          2 = xpoint3:"0,0,1";
        }
      }
      #3 = {
        scale = fixp:"1";
        name = str:"pt_ground";
        translation = xpoint3:"-3.6288144588470458984375,0,0";
        rotation = {
          0 = xpoint3:"1,0,0";
          1 = xpoint3:"0,1,0";
          2 = xpoint3:"0,0,1";
        }
      }
    }
  }
  #2 = {
    scale = fixp:"1";
    name = str:"IK Chain01";
    translation = xpoint3:"-25,12.935436248779296875,8.5775737762451171875";
    rotation = {
      0 = xpoint3:"1,0,0";
      1 = xpoint3:"0,1,0";
      2 = xpoint3:"0,0,1";
    }
    #0 = {
      scale = fixp:"1";
      name = str:"pt_footprint02";
      translation = xpoint3:"0,0,0";
      rotation = {
        0 = xpoint3:"1,0,0";
        1 = xpoint3:"0,1,0";
        2 = xpoint3:"0,0,1";
      }
    }
  }
  #3 = {
    scale = fixp:"1";
    name = str:"IK Chain03";
    translation = xpoint3:"22.58933258056640625,3.6202754974365234375,5.577572345733642578125";
    rotation = {
      0 = xpoint3:"1,0,0";
      1 = xpoint3:"0,1,0";
      2 = xpoint3:"0,0,1";
    }
    #0 = {
      scale = fixp:"1";
      name = str:"pt_footprint01";
      translation = xpoint3:"0,0,0";
      rotation = {
        0 = xpoint3:"1,0,0";
        1 = xpoint3:"0,1,0";
        2 = xpoint3:"0,0,1";
      }
    }
  }
  #4 = {
    scale = fixp:"1";
    name = str:"IK Chain06";
    translation = xpoint3:"-40.028564453125,-49.310001373291015625,87.9954071044921875";
    rotation = {
      0 = xpoint3:"1,0,0";
      1 = xpoint3:"0,1,0";
      2 = xpoint3:"0,0,1";
    }
    #0 = {
      scale = fixp:"1";
      name = str:"pt_hand";
      translation = xpoint3:"0,0,0";
      rotation = {
        0 = xpoint3:"1,0,0";
        1 = xpoint3:"0,1,0";
        2 = xpoint3:"0,0,1";
      }
    }
  }
  #5 = {
    scale = fixp:"1";
    name = str:"Dummy05";
    translation = xpoint3:"18.230358123779296875,-232.9047393798828125,130.014739990234375";
    rotation = {
      0 = xpoint3:"1,0,0";
      1 = xpoint3:"0,0,-0.999999940395355224609375";
      2 = xpoint3:"0,0.999999940395355224609375,0";
    }
    #0 = {
      scale = fixp:"1";
      name = str:"pt_aim";
      translation = xpoint3:"0,0,0";
      rotation = {
        0 = xpoint3:"1,0,0";
        1 = xpoint3:"0,-1,0";
        2 = xpoint3:"0,0,-1";
      }
    }
  }
  #6 = {
    scale = fixp:"1";
    name = str:"Kikkert_951";
    translation = xpoint3:"0,0,0";
    rotation = {
      0 = xpoint3:"1,0,0";
      1 = xpoint3:"0,1,0";
      2 = xpoint3:"0,0,1";
    }
  }
  #7 = {
    scale = fixp:"1";
    name = str:"Kikkert_475";
    translation = xpoint3:"0,0,0";
    rotation = {
      0 = xpoint3:"1,0,0";
      1 = xpoint3:"0,1,0";
      2 = xpoint3:"0,0,1";
    }
  }
}