model = {
  file = str:"data\models\units\howling_horror\howling_horror.nif";
  animation = {
    loop = fixp:"0";
    duration = fixp:"18.3333339691162109375";
  }
  #1 = {
    scale = fixp:"1";
    name = str:"ROOT";
    translation = xpoint3:"0,0,0";
    rotation = {
      0 = xpoint3:"1,0,0";
      1 = xpoint3:"0,1,0";
      2 = xpoint3:"0,0,1";
    }
    #1 = {
      scale = fixp:"1";
      name = str:"ROOT NonAccum";
      translation = xpoint3:"0,0,0";
      rotation = {
        0 = xpoint3:"1,0,0";
        1 = xpoint3:"0,1,0";
        2 = xpoint3:"0,0,1";
      }
      #0 = {
        scale = fixp:"1";
        name = str:"Bip01";
        translation = xpoint3:"0,-7.064516544342041015625,328.023712158203125";
        rotation = {
          0 = xpoint3:"1,0,0";
          1 = xpoint3:"0,0,-1";
          2 = xpoint3:"0,1,0";
        }
        #0 = {
          scale = fixp:"1";
          name = str:"Box02";
          translation = xpoint3:"0,0,0";
          rotation = {
            0 = xpoint3:"1,0,0";
            1 = xpoint3:"0,1,0";
            2 = xpoint3:"0,0,1";
          }
          #0 = {
            scale = fixp:"1";
            name = str:"Bone09";
            translation = xpoint3:"-51.326351165771484375,-0.778643190860748291015625,1.42412865161895751953125";
            rotation = {
              0 = xpoint3:"-0.468860208988189697265625,-0.1746423542499542236328125,-0.8646030426025390625";
              1 = xpoint3:"-0.69190919399261474609375,0.6811673641204833984375,0.23834846913814544677734375";
              2 = xpoint3:"0.54708325862884521484375,0.71066749095916748046875,-0.4399565756320953369140625";
            }
            #0 = {
              scale = fixp:"1";
              name = str:"Bone10";
              translation = xpoint3:"170.22845458984375,0,0";
              rotation = {
                0 = xpoint3:"-0.43666636943817138671875,0.898389875888824462890625,-0.011547841131687164306640625";
                1 = xpoint3:"-0.874176919460296630859375,-0.4218416512012481689453125,0.23622238636016845703125";
                2 = xpoint3:"0.2074905931949615478515625,0.113498963415622711181640625,0.971609175205230712890625";
              }
              #0 = {
                scale = fixp:"1";
                name = str:"Bone11";
                translation = xpoint3:"222.013275146484375,0,0";
                rotation = {
                  0 = xpoint3:"0.06389404833316802978515625,-0.91487061977386474609375,-0.3969516456127166748046875";
                  1 = xpoint3:"0.9493920803070068359375,-0.065875470638275146484375,0.304578602313995361328125";
                  2 = xpoint3:"-0.3053090274333953857421875,-0.396390140056610107421875,0.865717232227325439453125";
                }
                #0 = {
                  scale = fixp:"1";
                  name = str:"Bone12";
                  translation = xpoint3:"141.2312469482421875,0,0";
                  rotation = {
                    0 = xpoint3:"0.3601510524749755859375,-0.76872742176055908203125,-0.527655899524688720703125";
                    1 = xpoint3:"0.71348917484283447265625,0.591538906097412109375,-0.374729454517364501953125";
                    2 = xpoint3:"0.600246489048004150390625,-0.2419650554656982421875,0.76211011409759521484375";
                  }
                }
                #1 = {
                  scale = fixp:"1";
                  name = str:"Bone14";
                  translation = xpoint3:"141.2312469482421875,0,0";
                  rotation = {
                    0 = xpoint3:"0.258109271526336669921875,-0.2085439860820770263671875,-0.94276845455169677734375";
                    1 = xpoint3:"0.95637226104736328125,-0.078478753566741943359375,0.2786178886890411376953125";
                    2 = xpoint3:"-0.1328718960285186767578125,-0.97405612468719482421875,0.17991544306278228759765625";
                  }
                }
              }
            }
          }
          #1 = {
            scale = fixp:"1";
            name = str:"Bone16";
            translation = xpoint3:"50.8940582275390625,-0.778643190860748291015625,1.42412865161895751953125";
            rotation = {
              0 = xpoint3:"-0.360427677631378173828125,-0.068418256938457489013671875,-0.9292128086090087890625";
              1 = xpoint3:"0.185527145862579345703125,-0.981174945831298828125,0";
              2 = xpoint3:"-0.913070201873779296875,-0.1724508702754974365234375,0.368302524089813232421875";
            }
            #0 = {
              scale = fixp:"1";
              name = str:"Bone17";
              translation = xpoint3:"-170.2284393310546875,0,0";
              rotation = {
                0 = xpoint3:"-0.455100536346435546875,0.88922107219696044921875,-0.007602311670780181884765625";
                1 = xpoint3:"-0.86522662639617919921875,-0.4407958090305328369140625,0.2345019876956939697265625";
                2 = xpoint3:"0.2053165137767791748046875,0.1135522425174713134765625,0.972065031528472900390625";
              }
              #0 = {
                scale = fixp:"1";
                name = str:"Bone18";
                translation = xpoint3:"-222.013275146484375,0,0";
                rotation = {
                  0 = xpoint3:"0.20717002451419830322265625,-0.897510051727294921875,-0.387821733951568603515625";
                  1 = xpoint3:"0.951548099517822265625,0.09407080709934234619140625,0.29050338268280029296875";
                  2 = xpoint3:"-0.224691450595855712890625,-0.4293153285980224609375,0.874654293060302734375";
                }
                #0 = {
                  scale = fixp:"1";
                  name = str:"Bone19";
                  translation = xpoint3:"-141.2312164306640625,0,0";
                  rotation = {
                    0 = xpoint3:"0.698329865932464599609375,-0.553997457027435302734375,-0.452752053737640380859375";
                    1 = xpoint3:"0.433072566986083984375,0.831031024456024169921875,-0.348698198795318603515625";
                    2 = xpoint3:"0.569513618946075439453125,0.047213137149810791015625,0.820466101169586181640625";
                  }
                }
                #1 = {
                  scale = fixp:"1";
                  name = str:"Bone21";
                  translation = xpoint3:"-141.231231689453125,0,0";
                  rotation = {
                    0 = xpoint3:"0.60145008563995361328125,-0.256433546543121337890625,-0.75625479221343994140625";
                    1 = xpoint3:"0.770839869976043701171875,-0.0601885616779327392578125,0.632965028285980224609375";
                    2 = xpoint3:"-0.20853137969970703125,-0.963888347148895263671875,0.161919116973876953125";
                  }
                }
              }
            }
          }
          #2 = {
            scale = fixp:"1";
            name = str:"Bone01";
            translation = xpoint3:"0,-25.560710906982421875,1.9873561859130859375";
            rotation = {
              0 = xpoint3:"0,0,-0.999321460723876953125";
              1 = xpoint3:"-0.784350335597991943359375,0.619902193546295166015625,0";
              2 = xpoint3:"0.61922371387481689453125,0.784350335597991943359375,0";
            }
            #0 = {
              scale = fixp:"1";
              name = str:"Bone02";
              translation = xpoint3:"54.53787994384765625,0,0";
              rotation = {
                0 = xpoint3:"0.384590923786163330078125,0.92260015010833740234375,-0.02997974492609500885009765625";
                1 = xpoint3:"-0.920869350433349609375,0.385714471340179443359375,0.05678026378154754638671875";
                2 = xpoint3:"0.063949108123779296875,0.00577024929225444793701171875,0.9979364871978759765625";
              }
              #0 = {
                scale = fixp:"1";
                name = str:"Bone03";
                translation = xpoint3:"75.1444549560546875,0,0";
                rotation = {
                  0 = xpoint3:"0.880700290203094482421875,0.4711718857288360595703125,-0.0486218631267547607421875";
                  1 = xpoint3:"-0.4701368510723114013671875,0.8820273876190185546875,0.03160788118839263916015625";
                  2 = xpoint3:"0.057778559625148773193359375,-0.004978143610060214996337890625,0.9983170032501220703125";
                }
                #0 = {
                  scale = fixp:"1";
                  name = str:"Bone04";
                  translation = xpoint3:"59.206012725830078125,0,0";
                  rotation = {
                    0 = xpoint3:"0.910640656948089599609375,0.413088023662567138671875,0.0095846317708492279052734375";
                    1 = xpoint3:"-0.41306221485137939453125,0.910691082477569580078125,-0.004621930420398712158203125";
                    2 = xpoint3:"-0.01063790358603000640869140625,0,0.99994337558746337890625";
                  }
                  #0 = {
                    scale = fixp:"1";
                    name = str:"Bone05";
                    translation = xpoint3:"86.02663421630859375,0,0";
                    rotation = {
                      0 = xpoint3:"0.947439134120941162109375,0.22771681845188140869140625,0.2247313559055328369140625";
                      1 = xpoint3:"-0.22522912919521331787109375,0.973603069782257080078125,-0.0369992814958095550537109375";
                      2 = xpoint3:"-0.2272244989871978759765625,-0.015561482869088649749755859375,0.97371804714202880859375";
                    }
                    #0 = {
                      scale = fixp:"1";
                      name = str:"Bone06";
                      translation = xpoint3:"89.71616363525390625,0,0";
                      rotation = {
                        0 = xpoint3:"0.9609205722808837890625,0.1894631087779998779296875,0.201830089092254638671875";
                        1 = xpoint3:"-0.184093296527862548828125,0.981867611408233642578125,-0.045229308307170867919921875";
                        2 = xpoint3:"-0.206739723682403564453125,0.00630620308220386505126953125,0.9783756732940673828125";
                      }
                      #0 = {
                        scale = fixp:"1";
                        name = str:"Bone07";
                        translation = xpoint3:"97.43859100341796875,0,0";
                        rotation = {
                          0 = xpoint3:"0.970605671405792236328125,0.23975241184234619140625,-0.02105851471424102783203125";
                          1 = xpoint3:"-0.239682674407958984375,0.97083389759063720703125,0.0058132256381213665008544921875";
                          2 = xpoint3:"0.02183805406093597412109375,0,0.9997613430023193359375";
                        }
                        #0 = {
                          scale = fixp:"1";
                          name = str:"Bone08";
                          translation = xpoint3:"73.4986572265625,0,0";
                          rotation = {
                            0 = xpoint3:"0.934895694255828857421875,0.2922370135784149169921875,-0.20141385495662689208984375";
                            1 = xpoint3:"-0.2884228527545928955078125,0.956263482570648193359375,0.0487072579562664031982421875";
                            2 = xpoint3:"0.20683877170085906982421875,0.012556143105030059814453125,0.97829449176788330078125";
                          }
                        }
                      }
                    }
                  }
                }
              }
            }
          }
          #3 = {
            scale = fixp:"1";
            name = str:"Box03";
            translation = xpoint3:"0,21.1098651885986328125,-4.381086826324462890625";
            rotation = {
              0 = xpoint3:"1,0,0";
              1 = xpoint3:"0,1,0";
              2 = xpoint3:"0,0,1";
            }
            #0 = {
              scale = fixp:"1";
              name = str:"Box04";
              translation = xpoint3:"0,91.5475311279296875,-9.9006252288818359375";
              rotation = {
                0 = xpoint3:"1,0,0";
                1 = xpoint3:"0,0.999994337558746337890625,-0.00337051856331527233123779296875";
                2 = xpoint3:"0,0.00337051856331527233123779296875,0.999994337558746337890625";
              }
              #0 = {
                scale = fixp:"1";
                name = str:"Bone47";
                translation = xpoint3:"0,100.16473388671875,-19.2810878753662109375";
                rotation = {
                  0 = xpoint3:"0,0,-0.99927389621734619140625";
                  1 = xpoint3:"0.66801738739013671875,-0.7424442768096923828125,0";
                  2 = xpoint3:"-0.7431695461273193359375,-0.668017804622650146484375,0.0014075338840484619140625";
                }
              }
              #1 = {
                scale = fixp:"1";
                name = str:"Bone49";
                translation = xpoint3:"0,66.3766632080078125,-41.04290008544921875";
                rotation = {
                  0 = xpoint3:"0.1262835562229156494140625,0,-0.991354882717132568359375";
                  1 = xpoint3:"-0.0127083547413349151611328125,-0.998466908931732177734375,-0.0014585442841053009033203125";
                  2 = xpoint3:"-0.991273462772369384765625,0.012790902517735958099365234375,-0.1248239576816558837890625";
                }
              }
              #2 = {
                scale = fixp:"1";
                name = str:"Box05";
                translation = xpoint3:"0,74.94991302490234375,58.124423980712890625";
                rotation = {
                  0 = xpoint3:"1,0,0";
                  1 = xpoint3:"0,0.999994814395904541015625,-0.00322554330341517925262451171875";
                  2 = xpoint3:"0,0.00322554330341517925262451171875,0.999994814395904541015625";
                }
                #0 = {
                  scale = fixp:"1";
                  name = str:"Bone43";
                  translation = xpoint3:"0,71.029144287109375,42.85711669921875";
                  rotation = {
                    0 = xpoint3:"-0.1154058277606964111328125,0,-0.99250328540802001953125";
                    1 = xpoint3:"0.89550495147705078125,-0.4301631450653076171875,-0.1046663224697113037109375";
                    2 = xpoint3:"-0.42794120311737060546875,-0.90160083770751953125,0.0510400235652923583984375";
                  }
                }
                #1 = {
                  scale = fixp:"1";
                  name = str:"Bone45";
                  translation = xpoint3:"0,59.002838134765625,-25.291713714599609375";
                  rotation = {
                    0 = xpoint3:"-0.07468275725841522216796875,0,-0.996425092220306396484375";
                    1 = xpoint3:"0.7980344295501708984375,-0.597621917724609375,-0.06058704853057861328125";
                    2 = xpoint3:"-0.596660792827606201171875,-0.800330936908721923828125,0.04562242329120635986328125";
                  }
                }
                #2 = {
                  scale = fixp:"1";
                  name = str:"Box06";
                  translation = xpoint3:"0,23.2836666107177734375,87.18328094482421875";
                  rotation = {
                    0 = xpoint3:"1,0,0";
                    1 = xpoint3:"0,0.533294141292572021484375,-0.8459298610687255859375";
                    2 = xpoint3:"0,0.8459298610687255859375,0.533294141292572021484375";
                  }
                  #0 = {
                    scale = fixp:"1";
                    name = str:"Box07";
                    translation = xpoint3:"0,21.208492279052734375,55.586822509765625";
                    rotation = {
                      0 = xpoint3:"1,0,0";
                      1 = xpoint3:"0,0.9098899364471435546875,-0.414849758148193359375";
                      2 = xpoint3:"0,0.414849758148193359375,0.9098899364471435546875";
                    }
                    #0 = {
                      scale = fixp:"1";
                      name = str:"Box08";
                      translation = xpoint3:"0,21.9515857696533203125,54.02858734130859375";
                      rotation = {
                        0 = xpoint3:"1,0,0";
                        1 = xpoint3:"0,0.96216619014739990234375,0.2724632918834686279296875";
                        2 = xpoint3:"0,-0.2724632918834686279296875,0.96216619014739990234375";
                      }
                      #0 = {
                        scale = fixp:"1";
                        name = str:"Box09";
                        translation = xpoint3:"0,15.34570217132568359375,53.12708282470703125";
                        rotation = {
                          0 = xpoint3:"1,0,0";
                          1 = xpoint3:"0,0.9975159168243408203125,0.070441424846649169921875";
                          2 = xpoint3:"0,-0.070441424846649169921875,0.9975159168243408203125";
                        }
                      }
                      #1 = {
                        scale = fixp:"1";
                        name = str:"pt_head";
                        translation = xpoint3:"0.0573584735393524169921875,23.1882801055908203125,38.436130523681640625";
                        rotation = {
                          0 = xpoint3:"0.9996788501739501953125,-0.02533630467951297760009765625,0";
                          1 = xpoint3:"-0.02296781353652477264404296875,-0.9150812625885009765625,0.402614653110504150390625";
                          2 = xpoint3:"-0.01071066223084926605224609375,-0.402472555637359619140625,-0.9153692722320556640625";
                        }
                      }
                    }
                  }
                }
              }
              #3 = {
                scale = fixp:"1";
                name = str:"Bone53";
                translation = xpoint3:"62.36690521240234375,68.450714111328125,64.0328369140625";
                rotation = {
                  0 = xpoint3:"-0.0400418341159820556640625,0.0163101851940155029296875,-0.99830925464630126953125";
                  1 = xpoint3:"0.99731266498565673828125,0.0489089190959930419921875,-0.03993952274322509765625";
                  2 = xpoint3:"0.047484874725341796875,-0.99797880649566650390625,-0.0175182819366455078125";
                }
                #0 = {
                  scale = fixp:"1";
                  name = str:"Bone54";
                  translation = xpoint3:"-71.555419921875,0.0017099124379456043243408203125,0";
                  rotation = {
                    0 = xpoint3:"0.45851552486419677734375,-0.885911464691162109375,0.06433121860027313232421875";
                    1 = xpoint3:"0.8777306079864501953125,0.4630111753940582275390625,0.12012636661529541015625";
                    2 = xpoint3:"-0.13625960052013397216796875,0.00147391855716705322265625,0.990665256977081298828125";
                  }
                  #0 = {
                    scale = fixp:"1";
                    name = str:"Bone34";
                    translation = xpoint3:"-75.9050445556640625,0.269662559032440185546875,0.233566582202911376953125";
                    rotation = {
                      0 = xpoint3:"0.910162985324859619140625,-0.40659296512603759765625,-0.078454680740833282470703125";
                      1 = xpoint3:"0.4063270092010498046875,0.913438737392425537109375,-0.0200593657791614532470703125";
                      2 = xpoint3:"0.079820536077022552490234375,-0.0136454217135906219482421875,0.996713459491729736328125";
                    }
                    #0 = {
                      scale = fixp:"1";
                      name = str:"Bone35";
                      translation = xpoint3:"-99.23310089111328125,0,0";
                      rotation = {
                        0 = xpoint3:"0.146248638629913330078125,0.988582313060760498046875,-0.0087912119925022125244140625";
                        1 = xpoint3:"-0.980580866336822509765625,0.14619038999080657958984375,0.1258982121944427490234375";
                        2 = xpoint3:"0.12583087384700775146484375,-0.0097076408565044403076171875,0.991998374462127685546875";
                      }
                      #0 = {
                        scale = fixp:"1";
                        name = str:"Bone36";
                        translation = xpoint3:"-42.2694244384765625,0,0";
                        rotation = {
                          0 = xpoint3:"0.94098567962646484375,0.3222620189189910888671875,0.102992661297321319580078125";
                          1 = xpoint3:"-0.3229665458202362060546875,0.9463138580322265625,-0.0102395154535770416259765625";
                          2 = xpoint3:"-0.100761570036411285400390625,-0.0236525349318981170654296875,0.994625508785247802734375";
                        }
                        #0 = {
                          scale = fixp:"1";
                          name = str:"Bone37";
                          translation = xpoint3:"-29.764392852783203125,0,0";
                          rotation = {
                            0 = xpoint3:"0.5961592197418212890625,0.801555156707763671875,0.038954026997089385986328125";
                            1 = xpoint3:"-0.7880394458770751953125,0.593906819820404052734375,-0.16024728119373321533203125";
                            2 = xpoint3:"-0.1516638696193695068359375,0.06476630270481109619140625,0.986297905445098876953125";
                          }
                          #0 = {
                            scale = fixp:"1";
                            name = str:"Bone38";
                            translation = xpoint3:"-26.8805294036865234375,0,0";
                            rotation = {
                              0 = xpoint3:"1,0,0";
                              1 = xpoint3:"0,1,0";
                              2 = xpoint3:"0,0,1";
                            }
                          }
                        }
                      }
                      #1 = {
                        scale = fixp:"1";
                        name = str:"pt_hand";
                        translation = xpoint3:"-26.1835994720458984375,-1.20380532741546630859375,7.851975917816162109375";
                        rotation = {
                          0 = xpoint3:"-0.1541136205196380615234375,-0.141087353229522705078125,0.977928221225738525390625";
                          1 = xpoint3:"0.10335703194141387939453125,0.98202037811279296875,0.1579659879207611083984375";
                          2 = xpoint3:"-0.982632458209991455078125,0.1254204213619232177734375,-0.13676035404205322265625";
                        }
                      }
                    }
                    #1 = {
                      scale = fixp:"1";
                      name = str:"Bone39";
                      translation = xpoint3:"-99.233123779296875,0,0";
                      rotation = {
                        0 = xpoint3:"0.1508195102214813232421875,-0.12647879123687744140625,0.979808270931243896484375";
                        1 = xpoint3:"-0.88318097591400146484375,0.4276759922504425048828125,0.1904048621654510498046875";
                        2 = xpoint3:"-0.442732989788055419921875,-0.89457571506500244140625,-0.046930015087127685546875";
                      }
                      #0 = {
                        scale = fixp:"1";
                        name = str:"Bone40";
                        translation = xpoint3:"-46.09551239013671875,0,0";
                        rotation = {
                          0 = xpoint3:"0.9589073657989501953125,0.21813414990901947021484375,0.18125808238983154296875";
                          1 = xpoint3:"-0.21601624786853790283203125,0.975860416889190673828125,-0.031597815454006195068359375";
                          2 = xpoint3:"-0.18377697467803955078125,-0.008884682320058345794677734375,0.982915222644805908203125";
                        }
                        #0 = {
                          scale = fixp:"1";
                          name = str:"Bone41";
                          translation = xpoint3:"-29.8567066192626953125,0,0";
                          rotation = {
                            0 = xpoint3:"0.3947417736053466796875,-0.1558717191219329833984375,0.904988706111907958984375";
                            1 = xpoint3:"0.025327242910861968994140625,0.986969888210296630859375,0.15883982181549072265625";
                            2 = xpoint3:"-0.917964637279510498046875,-0.039693392813205718994140625,0.393554627895355224609375";
                          }
                        }
                      }
                    }
                  }
                }
              }
              #4 = {
                scale = fixp:"1";
                name = str:"Bone51";
                translation = xpoint3:"-62.2005767822265625,68.450714111328125,64.0328369140625";
                rotation = {
                  0 = xpoint3:"-0.03488743305206298828125,0.0483597815036773681640625,-0.99746799468994140625";
                  1 = xpoint3:"-0.97165584564208984375,-0.2314059734344482421875,0.0234371721744537353515625";
                  2 = xpoint3:"-0.2305777370929718017578125,0.97073459625244140625,0.05602169036865234375";
                }
                #0 = {
                  scale = fixp:"1";
                  name = str:"Bone52";
                  translation = xpoint3:"71.55541229248046875,-0.00170387816615402698516845703125,0";
                  rotation = {
                    0 = xpoint3:"0.65000069141387939453125,-0.75599229335784912109375,0.073938317596912384033203125";
                    1 = xpoint3:"0.7510015964508056640625,0.654196679592132568359375,0.086727201938629150390625";
                    2 = xpoint3:"-0.113964341580867767333984375,0,0.993479788303375244140625";
                  }
                  #0 = {
                    scale = fixp:"1";
                    name = str:"Bone24";
                    translation = xpoint3:"75.8523712158203125,-0.269641697406768798828125,0.32850563526153564453125";
                    rotation = {
                      0 = xpoint3:"0.8008668422698974609375,-0.581480801105499267578125,-0.14213876426219940185546875";
                      1 = xpoint3:"0.577892482280731201171875,0.812964856624603271484375,-0.06969203054904937744140625";
                      2 = xpoint3:"0.15608851611614227294921875,-0.02639660425484180450439453125,0.987381041049957275390625";
                    }
                    #0 = {
                      scale = fixp:"1";
                      name = str:"Bone25";
                      translation = xpoint3:"99.23307037353515625,0,0";
                      rotation = {
                        0 = xpoint3:"0.367173373699188232421875,0.92715704441070556640625,-0.068156249821186065673828125";
                        1 = xpoint3:"-0.91672813892364501953125,0.3732803165912628173828125,0.1391467750072479248046875";
                        2 = xpoint3:"0.154514968395233154296875,0.011499069631099700927734375,0.98791468143463134765625";
                      }
                      #0 = {
                        scale = fixp:"1";
                        name = str:"Bone26";
                        translation = xpoint3:"42.269435882568359375,0,0";
                        rotation = {
                          0 = xpoint3:"0.925681412220001220703125,0.36158716678619384765625,0.11072824895381927490234375";
                          1 = xpoint3:"-0.3617994785308837890625,0.93201148509979248046875,-0.01889747567474842071533203125";
                          2 = xpoint3:"-0.11003257334232330322265625,-0.02259849198162555694580078125,0.9936664104461669921875";
                        }
                        #0 = {
                          scale = fixp:"1";
                          name = str:"Bone27";
                          translation = xpoint3:"29.764354705810546875,0,0";
                          rotation = {
                            0 = xpoint3:"0.5569264888763427734375,0.829436957836151123046875,0.0349882356822490692138671875";
                            1 = xpoint3:"-0.814920723438262939453125,0.554257869720458984375,-0.167497932910919189453125";
                            2 = xpoint3:"-0.15841104090213775634765625,0.06469680368900299072265625,0.985240519046783447265625";
                          }
                          #0 = {
                            scale = fixp:"1";
                            name = str:"Bone28";
                            translation = xpoint3:"26.88051605224609375,0,0";
                            rotation = {
                              0 = xpoint3:"1,0,0";
                              1 = xpoint3:"0,1,0";
                              2 = xpoint3:"0,0,1";
                            }
                          }
                        }
                      }
                      #1 = {
                        scale = fixp:"1";
                        name = str:"pt_hand@#0";
                        translation = xpoint3:"17.00078582763671875,-3.4937083721160888671875,-2.581357479095458984375";
                        rotation = {
                          0 = xpoint3:"-0.16694961488246917724609375,-0.2396531403064727783203125,-0.956396639347076416015625";
                          1 = xpoint3:"0.1017062366008758544921875,-0.96902179718017578125,0.2250627577304840087890625";
                          2 = xpoint3:"-0.980705916881561279296875,-0.059697382152080535888671875,0.18615163862705230712890625";
                        }
                      }
                    }
                    #1 = {
                      scale = fixp:"1";
                      name = str:"Bone29";
                      translation = xpoint3:"99.23310089111328125,0,0";
                      rotation = {
                        0 = xpoint3:"0.3265216052532196044921875,-0.1825049817562103271484375,0.926875591278076171875";
                        1 = xpoint3:"-0.83535003662109375,0.4029049575328826904296875,0.3728155195713043212890625";
                        2 = xpoint3:"-0.441131114959716796875,-0.8963778018951416015625,-0.020717144012451171875";
                      }
                      #0 = {
                        scale = fixp:"1";
                        name = str:"Bone30";
                        translation = xpoint3:"46.09551239013671875,0,0";
                        rotation = {
                          0 = xpoint3:"0.951275169849395751953125,0.22392569482326507568359375,0.21180693805217742919921875";
                          1 = xpoint3:"-0.22171394526958465576171875,0.97448360919952392578125,-0.034462280571460723876953125";
                          2 = xpoint3:"-0.21412105858325958251953125,-0.01421275548636913299560546875,0.976686418056488037109375";
                        }
                        #0 = {
                          scale = fixp:"1";
                          name = str:"Bone31";
                          translation = xpoint3:"29.8567104339599609375,0,0";
                          rotation = {
                            0 = xpoint3:"0.356190621852874755859375,-0.1562593877315521240234375,0.92074811458587646484375";
                            1 = xpoint3:"0.0224202573299407958984375,0.987057268619537353515625,0.15873394906520843505859375";
                            2 = xpoint3:"-0.93364417552947998046875,-0.0358069650828838348388671875,0.355092525482177734375";
                          }
                          #0 = {
                            scale = fixp:"1";
                            name = str:"Bone32";
                            translation = xpoint3:"26.2968845367431640625,0,0";
                            rotation = {
                              0 = xpoint3:"0.959139168262481689453125,0.1684663295745849609375,-0.227182447910308837890625";
                              1 = xpoint3:"-0.1740806400775909423828125,0.9847087860107421875,-0.0047239698469638824462890625";
                              2 = xpoint3:"0.222909629344940185546875,0.0441075861454010009765625,0.973821222782135009765625";
                            }
                          }
                        }
                      }
                    }
                  }
                }
              }
              #5 = {
                scale = fixp:"1";
                name = str:"pt_chest ";
                translation = xpoint3:"-1.1189100742340087890625,48.644634246826171875,49.10186004638671875";
                rotation = {
                  0 = xpoint3:"0.9996645450592041015625,-0.02582299709320068359375,0.00200116634368896484375";
                  1 = xpoint3:"0,0.077874936163425445556640625,0.996963202953338623046875";
                  2 = xpoint3:"-0.025900416076183319091796875,-0.996628701686859130859375,0.077849216759204864501953125";
                }
              }
            }
          }
        }
        #1 = {
          scale = fixp:"1";
          name = str:"pt_cast";
          translation = xpoint3:"-4.72054767608642578125,57.08545684814453125,137.1080322265625";
          rotation = {
            0 = xpoint3:"-0.999999940395355224609375,0,0";
            1 = xpoint3:"0,0,0.999999940395355224609375";
            2 = xpoint3:"0,0.999999940395355224609375,0";
          }
        }
        #2 = {
          scale = fixp:"1";
          name = str:"pt_center";
          translation = xpoint3:"-3.305260181427001953125,99.4337005615234375,7.5290374755859375";
          rotation = {
            0 = xpoint3:"-0.999999940395355224609375,0,0";
            1 = xpoint3:"0,0,0.999999940395355224609375";
            2 = xpoint3:"0,0.999999940395355224609375,0";
          }
        }
      }
      #1 = {
        scale = fixp:"1";
        name = str:"pt_ground";
        translation = xpoint3:"0,0,0";
        rotation = {
          0 = xpoint3:"1,0,0";
          1 = xpoint3:"0,1,0";
          2 = xpoint3:"0,0,1";
        }
      }
    }
  }
  #2 = {
    scale = fixp:"1";
    name = str:"IK Chain03";
    translation = xpoint3:"105.07184600830078125,-21.5414562225341796875,125.544952392578125";
    rotation = {
      0 = xpoint3:"1,0,0";
      1 = xpoint3:"0,1,0";
      2 = xpoint3:"0,0,1";
    }
    #0 = {
      scale = fixp:"1";
      name = str:"IK Chain04";
      translation = xpoint3:"20.550037384033203125,-74.99475860595703125,-97.29758453369140625";
      rotation = {
        0 = xpoint3:"1,0,0";
        1 = xpoint3:"0,1,0";
        2 = xpoint3:"0,0,1";
      }
      #0 = {
        scale = fixp:"1";
        name = str:"pt_foot";
        translation = xpoint3:"1.63233292102813720703125,-29.0757579803466796875,-8.363880157470703125";
        rotation = {
          0 = xpoint3:"0.999988615512847900390625,0,-0.00473718531429767608642578125";
          1 = xpoint3:"0,0.99999105930328369140625,0.0041794334538280963897705078125";
          2 = xpoint3:"0.004734672605991363525390625,-0.0041822795756161212921142578125,0.999980032444000244140625";
        }
      }
      #1 = {
        scale = fixp:"1";
        name = str:"pt_footprint01";
        translation = xpoint3:"-0.22872047126293182373046875,-28.4313182830810546875,-30.1316089630126953125";
        rotation = {
          0 = xpoint3:"0.999992668628692626953125,0,0.00377533235587179660797119140625";
          1 = xpoint3:"0,0.99999439716339111328125,-0.003295957110822200775146484375";
          2 = xpoint3:"-0.00377731979824602603912353515625,0.003293679095804691314697265625,0.999987423419952392578125";
        }
      }
    }
  }
  #3 = {
    scale = fixp:"1";
    name = str:"IK Chain01";
    translation = xpoint3:"-91.59784698486328125,109.9730072021484375,155.4080047607421875";
    rotation = {
      0 = xpoint3:"1,0,0";
      1 = xpoint3:"0,1,0";
      2 = xpoint3:"0,0,1";
    }
    #0 = {
      scale = fixp:"1";
      name = str:"IK Chain02";
      translation = xpoint3:"-20.539035797119140625,-21.9658966064453125,-137.992431640625";
      rotation = {
        0 = xpoint3:"1,0,0";
        1 = xpoint3:"0,1,0";
        2 = xpoint3:"0,0,1";
      }
      #0 = {
        scale = fixp:"1";
        name = str:"pt_footprint02";
        translation = xpoint3:"5.223597049713134765625,-27.0930614471435546875,-20.7930927276611328125";
        rotation = {
          0 = xpoint3:"0.99999272823333740234375,0,-0.00378361507318913936614990234375";
          1 = xpoint3:"0,0.999994456768035888671875,0.00329349259845912456512451171875";
          2 = xpoint3:"0.00378196104429662227630615234375,-0.00329539203085005283355712890625,0.999987423419952392578125";
        }
      }
      #1 = {
        scale = fixp:"1";
        name = str:"pt_foot";
        translation = xpoint3:"4.865175724029541015625,-27.3441371917724609375,0.09610797464847564697265625";
        rotation = {
          0 = xpoint3:"0.999999523162841796875,0,0";
          1 = xpoint3:"0,0.999999582767486572265625,0";
          2 = xpoint3:"0,0,0.99999916553497314453125";
        }
      }
    }
  }
  #4 = {
    scale = fixp:"1";
    name = str:"pt_top";
    translation = xpoint3:"7.4591064453125,-66.849273681640625,700.1334228515625";
    rotation = {
      0 = xpoint3:"0,0,1.00000011920928955078125";
      1 = xpoint3:"0,-1.0000002384185791015625,0";
      2 = xpoint3:"1.00000011920928955078125,0,0";
    }
  }
}