model = {
  file = str:"data\models\units\erkharul\erkharul.nif";
  animation = {
    loop = fixp:"0";
    duration = fixp:"29.8333339691162109375";
  }
  #1 = {
    scale = fixp:"1";
    name = str:"ROOT";
    translation = xpoint3:"0,0,0";
    rotation = {
      0 = xpoint3:"1,0,0";
      1 = xpoint3:"0,1,0";
      2 = xpoint3:"0,0,1";
    }
    #1 = {
      scale = fixp:"1";
      name = str:"Bip01";
      translation = xpoint3:"-0.08977906405925750732421875,0,500.786163330078125";
      rotation = {
        0 = xpoint3:"0,1,0";
        1 = xpoint3:"-1,0,0";
        2 = xpoint3:"0,0,1";
      }
      #0 = {
        scale = fixp:"1";
        name = str:"Bip01 Pelvis01";
        translation = xpoint3:"0,0,0";
        rotation = {
          0 = xpoint3:"0,0.994552433490753173828125,0.1042371094226837158203125";
          1 = xpoint3:"0,-0.104237079620361328125,0.994552433490753173828125";
          2 = xpoint3:"1,0,0";
        }
        #0 = {
          scale = fixp:"1";
          name = str:"Bip01 Spine01";
          translation = xpoint3:"91.52715301513671875,-0.099442578852176666259765625,0";
          rotation = {
            0 = xpoint3:"0.981533527374267578125,-0.19129025936126708984375,0";
            1 = xpoint3:"0.1911350786685943603515625,0.980731189250946044921875,-0.040419496595859527587890625";
            2 = xpoint3:"0.007703448645770549774169921875,0.039678625762462615966796875,0.99918282032012939453125";
          }
          #0 = {
            scale = fixp:"1";
            name = str:"Bip01 Spine02";
            translation = xpoint3:"124.815093994140625,-0.09937892854213714599609375,0";
            rotation = {
              0 = xpoint3:"1,0,0";
              1 = xpoint3:"0,1,0";
              2 = xpoint3:"0,0,1";
            }
            #0 = {
              scale = fixp:"1";
              name = str:"Bip01 Neck01";
              translation = xpoint3:"124.830535888671875,0.0242188163101673126220703125,0";
              rotation = {
                0 = xpoint3:"-0.844781100749969482421875,-0.53511202335357666015625,0";
                1 = xpoint3:"0.53511202335357666015625,-0.844781100749969482421875,0";
                2 = xpoint3:"0,0,1";
              }
              #0 = {
                scale = fixp:"1";
                name = str:"Bip01 Head01";
                translation = xpoint3:"48.332798004150390625,-19.4972076416015625,0";
                rotation = {
                  0 = xpoint3:"-0.75514590740203857421875,0.6545035839080810546875,-0.0371388494968414306640625";
                  1 = xpoint3:"-0.6555044651031494140625,-0.75316011905670166015625,0.05534653365612030029296875";
                  2 = xpoint3:"0.008253001607954502105712890625,0.066139407455921173095703125,0.9977762699127197265625";
                }
                #0 = {
                  scale = fixp:"1";
                  name = str:"pt_effect06";
                  translation = xpoint3:"69.2161102294921875,43.64044189453125,28.95037078857421875";
                  rotation = {
                    0 = xpoint3:"-0.040069587528705596923828125,0.999070823192596435546875,-0.01587141118943691253662109375";
                    1 = xpoint3:"-0.3353288173675537109375,0.00151737243868410587310791015625,0.94209992885589599609375";
                    2 = xpoint3:"0.9412486553192138671875,0.043071694672107696533203125,0.3349564373493194580078125";
                  }
                }
                #1 = {
                  scale = fixp:"1";
                  name = str:"pt_effect07";
                  translation = xpoint3:"69.82343292236328125,43.369205474853515625,-16.77858734130859375";
                  rotation = {
                    0 = xpoint3:"-0.0408969186246395111083984375,0.999070823192596435546875,0.013598610647022724151611328125";
                    1 = xpoint3:"0.348693907260894775390625,0.00151680852286517620086669921875,0.937235414981842041015625";
                    2 = xpoint3:"0.936343967914581298828125,0.043071806430816650390625,-0.34843194484710693359375";
                  }
                }
                #2 = {
                  scale = fixp:"1";
                  name = str:"pt_head";
                  translation = xpoint3:"59.27754974365234375,3.7664699554443359375,-0.533835470676422119140625";
                  rotation = {
                    0 = xpoint3:"-0.01327980868518352508544921875,-0.335874021053314208984375,0.941813290119171142578125";
                    1 = xpoint3:"0.005930413492023944854736328125,-0.941906273365020751953125,-0.335823535919189453125";
                    2 = xpoint3:"0.99989426136016845703125,0.00112567166797816753387451171875,0.014500209130346775054931640625";
                  }
                }
              }
              #1 = {
                scale = fixp:"1";
                name = str:"Bip01 L Clavicle01";
                translation = xpoint3:"0,0.02862869389355182647705078125,16.8020801544189453125";
                rotation = {
                  0 = xpoint3:"0.237008392810821533203125,-0.618158876895904541015625,-0.74947082996368408203125";
                  1 = xpoint3:"0.492537438869476318359375,0.74141323566436767578125,-0.455755770206451416015625";
                  2 = xpoint3:"0.837397098541259765625,-0.261124551296234130859375,0.4801875650882720947265625";
                }
                #0 = {
                  scale = fixp:"1";
                  name = str:"Bip01 L UpperArm01";
                  translation = xpoint3:"173.5871124267578125,0,0";
                  rotation = {
                    0 = xpoint3:"0.96750485897064208984375,0.084576182067394256591796875,0.238189220428466796875";
                    1 = xpoint3:"-0.103604950010776519775390625,0.992254912853240966796875,0.068447060883045196533203125";
                    2 = xpoint3:"-0.230549871921539306640625,-0.090916745364665985107421875,0.968780457973480224609375";
                  }
                  #0 = {
                    scale = fixp:"1";
                    name = str:"Bip01 L Forearm01";
                    translation = xpoint3:"142.6286468505859375,0,0";
                    rotation = {
                      0 = xpoint3:"0.320814430713653564453125,0.946621596813201904296875,0";
                      1 = xpoint3:"-0.946621596813201904296875,0.320814430713653564453125,0";
                      2 = xpoint3:"0,0,1";
                    }
                    #0 = {
                      scale = fixp:"1";
                      name = str:"Bip01 L Hand01";
                      translation = xpoint3:"145.9109344482421875,0,0";
                      rotation = {
                        0 = xpoint3:"0.933201968669891357421875,-0.3586408793926239013671875,-0.02034316956996917724609375";
                        1 = xpoint3:"-0.0682576596736907958984375,-0.2317368686199188232421875,0.96945941448211669921875";
                        2 = xpoint3:"-0.35267269611358642578125,-0.90326488018035888671875,-0.24069531261920928955078125";
                      }
                      #0 = {
                        scale = fixp:"1";
                        name = str:"Bip01 L Finger05";
                        translation = xpoint3:"41.163913726806640625,20.381622314453125,-46.31266021728515625";
                        rotation = {
                          0 = xpoint3:"0.81805455684661865234375,-0.518091857433319091796875,0.2497351169586181640625";
                          1 = xpoint3:"0.4526046812534332275390625,0.847829639911651611328125,0.276285946369171142578125";
                          2 = xpoint3:"-0.354874312877655029296875,-0.11298568546772003173828125,0.928061664104461669921875";
                        }
                        #0 = {
                          scale = fixp:"1";
                          name = str:"Bip01 L Finger06";
                          translation = xpoint3:"41.894771575927734375,0,0";
                          rotation = {
                            0 = xpoint3:"0.2586560547351837158203125,-0.366033256053924560546875,-0.89393317699432373046875";
                            1 = xpoint3:"0.09748969972133636474609375,0.93059265613555908203125,-0.352835714817047119140625";
                            2 = xpoint3:"0.96103727817535400390625,0.0041137635707855224609375,0.2763879001140594482421875";
                          }
                        }
                      }
                      #1 = {
                        scale = fixp:"1";
                        name = str:"Bip01 L Finger07";
                        translation = xpoint3:"69.0418243408203125,5.6389007568359375,41.674442291259765625";
                        rotation = {
                          0 = xpoint3:"0.929019391536712646484375,-0.12603664398193359375,-0.3479047715663909912109375";
                          1 = xpoint3:"0.1949273049831390380859375,0.96586477756500244140625,0.17061246931552886962890625";
                          2 = xpoint3:"0.3145255148410797119140625,-0.22631843388080596923828125,0.921875059604644775390625";
                        }
                        #0 = {
                          scale = fixp:"1";
                          name = str:"Bip01 L Finger08";
                          translation = xpoint3:"42.5076446533203125,0,0";
                          rotation = {
                            0 = xpoint3:"0.4743039608001708984375,-0.825153052806854248046875,0.30685222148895263671875";
                            1 = xpoint3:"0.876328051090240478515625,0.475848674774169921875,-0.074947752058506011962890625";
                            2 = xpoint3:"-0.084171868860721588134765625,0.3044512271881103515625,0.94880163669586181640625";
                          }
                        }
                      }
                      #2 = {
                        scale = fixp:"1";
                        name = str:"Bip01 L Finger09";
                        translation = xpoint3:"75.51180267333984375,-10.73647022247314453125,12.00886249542236328125";
                        rotation = {
                          0 = xpoint3:"0.982277929782867431640625,-0.12907598912715911865234375,-0.13590218126773834228515625";
                          1 = xpoint3:"0.15168027579784393310546875,0.9733791351318359375,0.17183183133602142333984375";
                          2 = xpoint3:"0.110104985535144805908203125,-0.18940030038356781005859375,0.975707113742828369140625";
                        }
                        #0 = {
                          scale = fixp:"1";
                          name = str:"Bip01 L Finger10";
                          translation = xpoint3:"54.022975921630859375,0,0";
                          rotation = {
                            0 = xpoint3:"0.4365843832492828369140625,-0.889678955078125,0.13366173207759857177734375";
                            1 = xpoint3:"0.8961403369903564453125,0.443183600902557373046875,0.0228206478059291839599609375";
                            2 = xpoint3:"-0.079539738595485687255859375,0.1098165214061737060546875,0.99076426029205322265625";
                          }
                        }
                      }
                      #3 = {
                        scale = fixp:"1";
                        name = str:"Bip01 L Finger11";
                        translation = xpoint3:"78.07525634765625,0.58077299594879150390625,-20.1962642669677734375";
                        rotation = {
                          0 = xpoint3:"0.99412024021148681640625,0.10073660314083099365234375,0.0397130437195301055908203125";
                          1 = xpoint3:"-0.10343040525913238525390625,0.9919607639312744140625,0.07291062176227569580078125";
                          2 = xpoint3:"-0.0320490114390850067138671875,-0.07658946514129638671875,0.996547520160675048828125";
                        }
                        #0 = {
                          scale = fixp:"1";
                          name = str:"Bip01 L Finger12";
                          translation = xpoint3:"47.17650604248046875,0,0";
                          rotation = {
                            0 = xpoint3:"0.301095068454742431640625,-0.944180190563201904296875,0.1336613595485687255859375";
                            1 = xpoint3:"0.951541244983673095703125,0.3066730201244354248046875,0.022820301353931427001953125";
                            2 = xpoint3:"-0.062536798417568206787109375,0.120313219726085662841796875,0.99076426029205322265625";
                          }
                        }
                      }
                      #4 = {
                        scale = fixp:"1";
                        name = str:"pt_hand";
                        translation = xpoint3:"38.323169708251953125,5.77355289459228515625,-0.941230833530426025390625";
                        rotation = {
                          0 = xpoint3:"0.10077571868896484375,-0.8031060695648193359375,-0.58725202083587646484375";
                          1 = xpoint3:"-0.87859189510345458984375,0.2051163017749786376953125,-0.431281387805938720703125";
                          2 = xpoint3:"0.46681964397430419921875,0.559417545795440673828125,-0.684931695461273193359375";
                        }
                      }
                    }
                  }
                  #1 = {
                    scale = fixp:"1";
                    name = str:"pt_effect02";
                    translation = xpoint3:"186.6757354736328125,8.2776432037353515625,-2.870824337005615234375";
                    rotation = {
                      0 = xpoint3:"0.2551942169666290283203125,0.2536102831363677978515625,-0.93303680419921875";
                      1 = xpoint3:"-0.029840163886547088623046875,0.96659386157989501953125,0.2545699179172515869140625";
                      2 = xpoint3:"0.966429233551025390625,-0.0371227897703647613525390625,0.2542369365692138671875";
                    }
                  }
                }
              }
              #2 = {
                scale = fixp:"1";
                name = str:"Bip01 R Clavicle01";
                translation = xpoint3:"0,0.02873025275766849517822265625,-16.8020172119140625";
                rotation = {
                  0 = xpoint3:"0.236339271068572998046875,-0.6179497241973876953125,0.749854505062103271484375";
                  1 = xpoint3:"0.4921195209026336669921875,0.741543829441070556640625,0.4559946358203887939453125";
                  2 = xpoint3:"-0.837831795215606689453125,0.2612486183643341064453125,0.479361057281494140625";
                }
                #0 = {
                  scale = fixp:"1";
                  name = str:"Bip01 R UpperArm01";
                  translation = xpoint3:"173.587158203125,0,0";
                  rotation = {
                    0 = xpoint3:"0.917805194854736328125,0.35668981075286865234375,-0.17403076589107513427734375";
                    1 = xpoint3:"-0.324287950992584228515625,0.926793575286865234375,0.18916846811771392822265625";
                    2 = xpoint3:"0.22880481183528900146484375,-0.11713145673274993896484375,0.966374576091766357421875";
                  }
                  #0 = {
                    scale = fixp:"1";
                    name = str:"Bip01 R Forearm01";
                    translation = xpoint3:"145.1450653076171875,0,0";
                    rotation = {
                      0 = xpoint3:"0.535890281200408935546875,0.84388864040374755859375,0";
                      1 = xpoint3:"-0.84388864040374755859375,0.535890281200408935546875,0";
                      2 = xpoint3:"0,0,1";
                    }
                    #0 = {
                      scale = fixp:"1";
                      name = str:"Bip01 R Hand01";
                      translation = xpoint3:"148.4853363037109375,0,0";
                      rotation = {
                        0 = xpoint3:"0.9587204456329345703125,-0.2029978334903717041015625,-0.1989651620388031005859375";
                        1 = xpoint3:"-0.2512776553630828857421875,-0.27711999416351318359375,-0.926396787166595458984375";
                        2 = xpoint3:"0.1328713595867156982421875,0.938159525394439697265625,-0.31668817996978759765625";
                      }
                      #0 = {
                        scale = fixp:"1";
                        name = str:"Bip01 R Finger05";
                        translation = xpoint3:"54.52211761474609375,17.9523906707763671875,42.475925445556640625";
                        rotation = {
                          0 = xpoint3:"0.786062896251678466796875,0.2454768717288970947265625,-0.567314922809600830078125";
                          1 = xpoint3:"0.56550109386444091796875,0.085049532353878021240234375,0.82035052776336669921875";
                          2 = xpoint3:"0.249626934528350830078125,-0.96566426753997802734375,-0.07196314632892608642578125";
                        }
                        #0 = {
                          scale = fixp:"1";
                          name = str:"Bip01 R Finger06";
                          translation = xpoint3:"41.149501800537109375,0,0";
                          rotation = {
                            0 = xpoint3:"0.3830318450927734375,-0.92032635211944580078125,-0.0792839527130126953125";
                            1 = xpoint3:"0.91495001316070556640625,0.38979816436767578125,-0.10451684892177581787109375";
                            2 = xpoint3:"0.1270943582057952880859375,-0.0325075797736644744873046875,0.9913578033447265625";
                          }
                        }
                      }
                      #1 = {
                        scale = fixp:"1";
                        name = str:"Bip01 R Finger07";
                        translation = xpoint3:"75.1912078857421875,5.5886745452880859375,-22.8856830596923828125";
                        rotation = {
                          0 = xpoint3:"0.955729782581329345703125,-0.02636860124766826629638671875,0.2930618822574615478515625";
                          1 = xpoint3:"0.069542400538921356201171875,0.9880025386810302734375,-0.13789407908916473388671875";
                          2 = xpoint3:"-0.2859098017215728759765625,0.15216971933841705322265625,0.94609725475311279296875";
                        }
                        #0 = {
                          scale = fixp:"1";
                          name = str:"Bip01 R Finger08";
                          translation = xpoint3:"47.388668060302734375,0,0";
                          rotation = {
                            0 = xpoint3:"0.3566835820674896240234375,-0.90831315517425537109375,-0.218504011631011962890625";
                            1 = xpoint3:"0.9049365520477294921875,0.3940236568450927734375,-0.160733163356781005859375";
                            2 = xpoint3:"0.23209178447723388671875,-0.1404013931751251220703125,0.96250760555267333984375";
                          }
                        }
                      }
                      #2 = {
                        scale = fixp:"1";
                        name = str:"Bip01 R Finger09";
                        translation = xpoint3:"61.389713287353515625,24.2469882965087890625,-45.236774444580078125";
                        rotation = {
                          0 = xpoint3:"0.7748200893402099609375,0.03383195400238037109375,0.6312758922576904296875";
                          1 = xpoint3:"0.07344029843807220458984375,0.986989080905914306640625,-0.14303536713123321533203125";
                          2 = xpoint3:"-0.627901554107666015625,0.15718777477741241455078125,0.762254297733306884765625";
                        }
                        #0 = {
                          scale = fixp:"1";
                          name = str:"Bip01 R Finger10";
                          translation = xpoint3:"41.523708343505859375,0,0";
                          rotation = {
                            0 = xpoint3:"0.308466613292694091796875,-0.748677194118499755859375,-0.586796939373016357421875";
                            1 = xpoint3:"0.893118917942047119140625,0.4402643144130706787109375,-0.09222696721553802490234375";
                            2 = xpoint3:"0.327393949031829833984375,-0.495630562305450439453125,0.80446469783782958984375";
                          }
                        }
                      }
                      #3 = {
                        scale = fixp:"1";
                        name = str:"Bip01 R Finger11";
                        translation = xpoint3:"77.78284454345703125,-6.53876495361328125,11.95263957977294921875";
                        rotation = {
                          0 = xpoint3:"0.969794094562530517578125,-0.0375923402607440948486328125,0.24101074039936065673828125";
                          1 = xpoint3:"0.0703370571136474609375,0.989181339740753173828125,-0.12873624265193939208984375";
                          2 = xpoint3:"-0.23356382548809051513671875,0.14179964363574981689453125,0.96194636821746826171875";
                        }
                        #0 = {
                          scale = fixp:"1";
                          name = str:"Bip01 R Finger12";
                          translation = xpoint3:"50.139553070068359375,0,0";
                          rotation = {
                            0 = xpoint3:"0.3617077171802520751953125,-0.90937745571136474609375,-0.205426633358001708984375";
                            1 = xpoint3:"0.90230119228363037109375,0.3969068229198455810546875,-0.168278217315673828125";
                            2 = xpoint3:"0.234563648700714111328125,-0.1244891583919525146484375,0.96409666538238525390625";
                          }
                        }
                      }
                      #4 = {
                        scale = fixp:"1";
                        name = str:"pt_hand";
                        translation = xpoint3:"38.8439483642578125,7.41914844512939453125,1.9714996814727783203125";
                        rotation = {
                          0 = xpoint3:"-0.080585546791553497314453125,-0.85088360309600830078125,-0.519136905670166015625";
                          1 = xpoint3:"0.884271085262298583984375,0.17931739985942840576171875,-0.431172788143157958984375";
                          2 = xpoint3:"0.4599681198596954345703125,-0.4938040077686309814453125,0.737961351871490478515625";
                        }
                      }
                      #5 = {
                        scale = fixp:"1";
                        name = str:"pt_cast";
                        translation = xpoint3:"37.503204345703125,5.36644077301025390625,0.970264494419097900390625";
                        rotation = {
                          0 = xpoint3:"-0.885999202728271484375,-0.4626477062702178955078125,-0.03102472610771656036376953125";
                          1 = xpoint3:"0.45753133296966552734375,-0.86141240596771240234375,-0.22053050994873046875";
                          2 = xpoint3:"0.07530285418033599853515625,-0.20958463847637176513671875,0.97488653659820556640625";
                        }
                      }
                    }
                  }
                  #1 = {
                    scale = fixp:"1";
                    name = str:"pt_effect01";
                    translation = xpoint3:"184.03887939453125,-7.2646465301513671875,0.0413416065275669097900390625";
                    rotation = {
                      0 = xpoint3:"-0.1383106410503387451171875,0.12699110805988311767578125,-0.982213556766510009765625";
                      1 = xpoint3:"-0.1951315104961395263671875,0.96881139278411865234375,0.15273582935333251953125";
                      2 = xpoint3:"0.970975697040557861328125,0.2127858102321624755859375,-0.10921691358089447021484375";
                    }
                  }
                }
              }
            }
            #1 = {
              scale = fixp:"1";
              name = str:"Bone14";
              translation = xpoint3:"144.112457275390625,-0.015165700577199459075927734375,-166.7248077392578125";
              rotation = {
                0 = xpoint3:"-0.494191586971282958984375,0.86380803585052490234375,-0.0980322659015655517578125";
                1 = xpoint3:"0.0913678705692291259765625,-0.06053245067596435546875,-0.993975698947906494140625";
                2 = xpoint3:"-0.86453831195831298828125,-0.500171482563018798828125,-0.049009621143341064453125";
              }
            }
            #2 = {
              scale = fixp:"1";
              name = str:"Bone12";
              translation = xpoint3:"131.789306640625,-0.0057624988257884979248046875,180.0843353271484375";
              rotation = {
                0 = xpoint3:"-0.45645439624786376953125,-0.8833153247833251953125,-0.106786310672760009765625";
                1 = xpoint3:"0.0735014379024505615234375,0.08217372000217437744140625,-0.9939038753509521484375";
                2 = xpoint3:"0.886705577373504638671875,-0.46152079105377197265625,0.02741648256778717041015625";
              }
            }
            #3 = {
              scale = fixp:"1";
              name = str:"pt_effect03";
              translation = xpoint3:"90.70829010009765625,4.149271488189697265625,2.982582569122314453125";
              rotation = {
                0 = xpoint3:"-0.01226313225924968719482421875,-0.1908976137638092041015625,0.981533348560333251953125";
                1 = xpoint3:"-0.062765039503574371337890625,-0.97952449321746826171875,-0.1912910938262939453125";
                2 = xpoint3:"0.997952997684478759765625,-0.06395180523395538330078125,0";
              }
            }
          }
          #1 = {
            scale = fixp:"1";
            name = str:"pt_chest";
            translation = xpoint3:"151.611663818359375,-12.1017436981201171875,1.1814339160919189453125";
            rotation = {
              0 = xpoint3:"-0.012262639589607715606689453125,-0.19089765846729278564453125,0.981533348560333251953125";
              1 = xpoint3:"-0.062765188515186309814453125,-0.97952449321746826171875,-0.19129110872745513916015625";
              2 = xpoint3:"0.997952997684478759765625,-0.06395184993743896484375,0";
            }
          }
        }
        #1 = {
          scale = fixp:"1";
          name = str:"Bip01 L Thigh01";
          translation = xpoint3:"0,0,89.56755828857421875";
          rotation = {
            0 = xpoint3:"-0.81243479251861572265625,0.56356132030487060546875,-0.1404210627079010009765625";
            1 = xpoint3:"0.44720184803009033203125,0.76242744922637939453125,0.467300891876220703125";
            2 = xpoint3:"0.3705805838108062744140625,0.317424356937408447265625,-0.8713185787200927734375";
          }
          #0 = {
            scale = fixp:"1";
            name = str:"Bip01 L Calf01";
            translation = xpoint3:"235.7184906005859375,0,0";
            rotation = {
              0 = xpoint3:"0.59857571125030517578125,0.800702571868896484375,0";
              1 = xpoint3:"-0.800702571868896484375,0.59857571125030517578125,0";
              2 = xpoint3:"0,0,1";
            }
            #0 = {
              scale = fixp:"1";
              name = str:"Bip01 L Foot01";
              translation = xpoint3:"202.73577880859375,0,0";
              rotation = {
                0 = xpoint3:"0.938992559909820556640625,-0.331599295139312744140625,-0.09080965816974639892578125";
                1 = xpoint3:"0.313628613948822021484375,0.934370577335357666015625,-0.16880016028881072998046875";
                2 = xpoint3:"0.14086019992828369140625,0.12999342381954193115234375,0.981444418430328369140625";
              }
              #0 = {
                scale = fixp:"1";
                name = str:"pt_foot";
                translation = xpoint3:"67.2948150634765625,46.126331329345703125,-0.618375122547149658203125";
                rotation = {
                  0 = xpoint3:"0,0,-0.999999582767486572265625";
                  1 = xpoint3:"0.0386494584381580352783203125,-0.9992525577545166015625,0";
                  2 = xpoint3:"-0.99925267696380615234375,-0.0386498607695102691650390625,0";
                }
              }
              #1 = {
                scale = fixp:"1";
                name = str:"pt_footprint02";
                translation = xpoint3:"118.61676788330078125,46.163845062255859375,-0.64626216888427734375";
                rotation = {
                  0 = xpoint3:"0,0,-0.999999582767486572265625";
                  1 = xpoint3:"0.0386494584381580352783203125,-0.9992525577545166015625,0";
                  2 = xpoint3:"-0.99925267696380615234375,-0.0386498607695102691650390625,0";
                }
              }
            }
            #1 = {
              scale = fixp:"1";
              name = str:"pt_effect05";
              translation = xpoint3:"172.5416107177734375,-1.6796729564666748046875,6.210174083709716796875";
              rotation = {
                0 = xpoint3:"0.00327810668386518955230712890625,0.34457027912139892578125,-0.9387547969818115234375";
                1 = xpoint3:"0.39963531494140625,-0.860987484455108642578125,-0.3146302402019500732421875";
                2 = xpoint3:"-0.916668355464935302734375,-0.374128162860870361328125,-0.14052486419677734375";
              }
            }
          }
        }
        #2 = {
          scale = fixp:"1";
          name = str:"Bip01 R Thigh01";
          translation = xpoint3:"0,0,-89.56749725341796875";
          rotation = {
            0 = xpoint3:"-0.8871784210205078125,0.385803163051605224609375,0.247652590274810791015625";
            1 = xpoint3:"0.34308183193206787109375,0.9179518222808837890625,-0.198847353458404541015625";
            2 = xpoint3:"-0.304090023040771484375,-0.091658763587474822998046875,-0.9467327594757080078125";
          }
          #0 = {
            scale = fixp:"1";
            name = str:"Bip01 R Calf01";
            translation = xpoint3:"235.718505859375,0,0";
            rotation = {
              0 = xpoint3:"0.619870603084564208984375,0.78435242176055908203125,0";
              1 = xpoint3:"-0.78435242176055908203125,0.619870603084564208984375,0";
              2 = xpoint3:"0,0,1";
            }
            #0 = {
              scale = fixp:"1";
              name = str:"Bip01 R Foot01";
              translation = xpoint3:"202.7357940673828125,0,0";
              rotation = {
                0 = xpoint3:"0.846705853939056396484375,-0.505477249622344970703125,0.165407240390777587890625";
                1 = xpoint3:"0.470030844211578369140625,0.856718242168426513671875,0.21188901364803314208984375";
                2 = xpoint3:"-0.2488730251789093017578125,-0.10158111155033111572265625,0.963166654109954833984375";
              }
              #0 = {
                scale = fixp:"1";
                name = str:"pt_foot";
                translation = xpoint3:"67.62076568603515625,46.14116668701171875,3.355941295623779296875";
                rotation = {
                  0 = xpoint3:"0,-0.0140505135059356689453125,-0.9999010562896728515625";
                  1 = xpoint3:"-0.0290449075400829315185546875,-0.99947917461395263671875,0.014063457958400249481201171875";
                  2 = xpoint3:"-0.99957787990570068359375,0.02905117161571979522705078125,0";
                }
              }
              #1 = {
                scale = fixp:"1";
                name = str:"pt_footprint01";
                translation = xpoint3:"118.93761444091796875,45.419391632080078125,3.3435766696929931640625";
                rotation = {
                  0 = xpoint3:"0,-0.0140505135059356689453125,-0.9999010562896728515625";
                  1 = xpoint3:"-0.0290449075400829315185546875,-0.99947917461395263671875,0.014063457958400249481201171875";
                  2 = xpoint3:"-0.99957787990570068359375,0.02905117161571979522705078125,0";
                }
              }
            }
            #1 = {
              scale = fixp:"1";
              name = str:"pt_effect04";
              translation = xpoint3:"173.395233154296875,-2.3760411739349365234375,9.00494861602783203125";
              rotation = {
                0 = xpoint3:"-0.0629901587963104248046875,0.517131388187408447265625,-0.8535850048065185546875";
                1 = xpoint3:"-0.381453096866607666015625,-0.802820742130279541015625,-0.4582273960113525390625";
                2 = xpoint3:"-0.9222395420074462890625,0.296738803386688232421875,0.24783118069171905517578125";
              }
            }
          }
        }
        #3 = {
          scale = fixp:"1";
          name = str:"Bone08";
          translation = xpoint3:"99.53946685791015625,-110.5705108642578125,-54.176830291748046875";
          rotation = {
            0 = xpoint3:"-0.9873163700103759765625,0.15876387059688568115234375,0";
            1 = xpoint3:"0,0,-0.99999988079071044921875";
            2 = xpoint3:"-0.15876387059688568115234375,-0.98731648921966552734375,0";
          }
        }
        #4 = {
          scale = fixp:"1";
          name = str:"Bone10";
          translation = xpoint3:"98.8708648681640625,-110.5701751708984375,59.96065521240234375";
          rotation = {
            0 = xpoint3:"-0.98834514617919921875,-0.15223006904125213623046875,0";
            1 = xpoint3:"0,0,-1";
            2 = xpoint3:"0.15223006904125213623046875,-0.988345086574554443359375,0";
          }
        }
        #5 = {
          scale = fixp:"1";
          name = str:"Bone01";
          translation = xpoint3:"-14.78455066680908203125,-131.092193603515625,3.44600677490234375";
          rotation = {
            0 = xpoint3:"-0.99949657917022705078125,0.0317309610545635223388671875,0";
            1 = xpoint3:"0,0,-1.00000011920928955078125";
            2 = xpoint3:"-0.031730957329273223876953125,-0.999496519565582275390625,0";
          }
          #0 = {
            scale = fixp:"1";
            name = str:"Bone02";
            translation = xpoint3:"69.84725189208984375,0,0";
            rotation = {
              0 = xpoint3:"0.9994964599609375,0.0317296199500560760498046875,0";
              1 = xpoint3:"-0.0317296199500560760498046875,0.9994964599609375,0";
              2 = xpoint3:"0,0,1";
            }
            #0 = {
              scale = fixp:"1";
              name = str:"Bone03";
              translation = xpoint3:"65.37638092041015625,0,0";
              rotation = {
                0 = xpoint3:"1,0,0";
                1 = xpoint3:"0,1,0";
                2 = xpoint3:"0,0,1";
              }
              #0 = {
                scale = fixp:"1";
                name = str:"Bone04";
                translation = xpoint3:"56.5177001953125,0,0";
                rotation = {
                  0 = xpoint3:"0.999763786792755126953125,-0.02173402346670627593994140625,0";
                  1 = xpoint3:"0.02173402346670627593994140625,0.999763786792755126953125,0";
                  2 = xpoint3:"0,0,1";
                }
                #0 = {
                  scale = fixp:"1";
                  name = str:"Bone05";
                  translation = xpoint3:"50.9859771728515625,0,0";
                  rotation = {
                    0 = xpoint3:"0.9999978542327880859375,-0.002069152891635894775390625,0";
                    1 = xpoint3:"0.002069152891635894775390625,0.9999978542327880859375,0";
                    2 = xpoint3:"0,0,1";
                  }
                  #0 = {
                    scale = fixp:"1";
                    name = str:"Bone06";
                    translation = xpoint3:"46.55332183837890625,0,0";
                    rotation = {
                      0 = xpoint3:"0.999716699123382568359375,0.02380259148776531219482421875,0";
                      1 = xpoint3:"-0.02380259148776531219482421875,0.999716699123382568359375,0";
                      2 = xpoint3:"0,0,1";
                    }
                  }
                }
              }
            }
          }
        }
      }
      #1 = {
        scale = fixp:"1";
        name = str:"pt_center";
        translation = xpoint3:"0,0.089779101312160491943359375,49.80609130859375";
        rotation = {
          0 = xpoint3:"0,-1,0";
          1 = xpoint3:"1,0,0";
          2 = xpoint3:"0,0,1";
        }
      }
    }
    #2 = {
      scale = fixp:"1";
      name = str:"pt_top";
      translation = xpoint3:"0.937719404697418212890625,4.238141536712646484375,1141.3216552734375";
      rotation = {
        0 = xpoint3:"1,0,0";
        1 = xpoint3:"0,1,0";
        2 = xpoint3:"0,0,1";
      }
    }
    #3 = {
      scale = fixp:"1";
      name = str:"pt_ground";
      translation = xpoint3:"0,0,0";
      rotation = {
        0 = xpoint3:"1,0,0";
        1 = xpoint3:"0,1,0";
        2 = xpoint3:"0,0,1";
      }
    }
    #4 = {
      scale = fixp:"1";
      name = str:"pt_top";
      translation = xpoint3:"0,0,1104.6217041015625";
      rotation = {
        0 = xpoint3:"1,0,0";
        1 = xpoint3:"0,1,0";
        2 = xpoint3:"0,0,1";
      }
    }
    #5 = {
      scale = fixp:"1";
      name = str:"pt_aim";
      translation = xpoint3:"-165.78350830078125,-84.645660400390625,698.2744140625";
      rotation = {
        0 = xpoint3:"1,0,0";
        1 = xpoint3:"0,1,0";
        2 = xpoint3:"0,0,1";
      }
    }
    #6 = {
      scale = fixp:"1";
      name = str:"pt_shoot_1";
      translation = xpoint3:"-209.954986572265625,-476.089996337890625,676.01708984375";
      rotation = {
        0 = xpoint3:"1,0,0";
        1 = xpoint3:"0,1,0";
        2 = xpoint3:"0,0,1";
      }
    }
  }
}