model = {
  file = str:"data\models\units\lancelot\lancelot.nif";
  animation = {
    loop = fixp:"0";
    duration = fixp:"26.3333339691162109375";
  }
  #0 = {
    scale = fixp:"1";
    name = str:"ROOT";
    translation = xpoint3:"0,0,0";
    rotation = {
      0 = xpoint3:"1,0,0";
      1 = xpoint3:"0,1,0";
      2 = xpoint3:"0,0,1";
    }
    #2 = {
      scale = fixp:"1";
      name = str:"ROOT NonAccum";
      translation = xpoint3:"0,0,0";
      rotation = {
        0 = xpoint3:"1,0,0";
        1 = xpoint3:"0,1,0";
        2 = xpoint3:"0,0,1";
      }
      #0 = {
        scale = fixp:"1";
        name = str:"Bip01 Pelvis01";
        translation = xpoint3:"-1.22944080829620361328125,6.8024044036865234375,146.8898773193359375";
        rotation = {
          0 = xpoint3:"0,0,1.00000011920928955078125";
          1 = xpoint3:"0,-1.0000002384185791015625,0";
          2 = xpoint3:"1.00000011920928955078125,0,0";
        }
        #0 = {
          scale = fixp:"1";
          name = str:"Bip01 Spine02";
          translation = xpoint3:"28.586414337158203125,-0.02626265026628971099853515625,0";
          rotation = {
            0 = xpoint3:"0.9972782135009765625,-0.0733897984027862548828125,-0.007080913521349430084228515625";
            1 = xpoint3:"0.07373060286045074462890625,0.99266970157623291015625,0.09576337039470672607421875";
            2 = xpoint3:"0,-0.09602479636669158935546875,0.995378971099853515625";
          }
          #0 = {
            scale = fixp:"1";
            name = str:"Bip01 Spine03";
            translation = xpoint3:"32.95929718017578125,-0.0262415409088134765625,0";
            rotation = {
              0 = xpoint3:"0.99418509006500244140625,0.10768473148345947265625,0";
              1 = xpoint3:"-0.10768473148345947265625,0.99418509006500244140625,0";
              2 = xpoint3:"0,0,1";
            }
            #0 = {
              scale = fixp:"1";
              name = str:"Bip01 L Clavicle01";
              translation = xpoint3:"32.959300994873046875,0,5.03529071807861328125";
              rotation = {
                0 = xpoint3:"0,-0.2257629334926605224609375,0.974182188510894775390625";
                1 = xpoint3:"0.0761988461017608642578125,-0.9713513851165771484375,-0.2250997126102447509765625";
                2 = xpoint3:"0.997092545032501220703125,0.074210844933986663818359375,0.0172923505306243896484375";
              }
              #0 = {
                scale = fixp:"1";
                name = str:"Bip01 L UpperArm01";
                translation = xpoint3:"31.0202846527099609375,0,0";
                rotation = {
                  0 = xpoint3:"0.346624553203582763671875,0.33837950229644775390625,0.874301254749298095703125";
                  1 = xpoint3:"0.10283033549785614013671875,0.913321435451507568359375,-0.39388334751129150390625";
                  2 = xpoint3:"-0.931841909885406494140625,0.22631275653839111328125,0.281799793243408203125";
                }
                #0 = {
                  scale = fixp:"1";
                  name = str:"Bip01 L Forearm01";
                  translation = xpoint3:"51.260646820068359375,0,0";
                  rotation = {
                    0 = xpoint3:"0.595009982585906982421875,0.803352534770965576171875,0";
                    1 = xpoint3:"-0.803352534770965576171875,0.595009982585906982421875,0";
                    2 = xpoint3:"0,0,1";
                  }
                  #0 = {
                    scale = fixp:"1";
                    name = str:"Bip01 L Hand01";
                    translation = xpoint3:"43.0560455322265625,0,0";
                    rotation = {
                      0 = xpoint3:"0.952422559261322021484375,0.058293886482715606689453125,-0.2990384399890899658203125";
                      1 = xpoint3:"0,-0.980086863040924072265625,-0.19119735062122344970703125";
                      2 = xpoint3:"-0.3046673238277435302734375,0.18209408223628997802734375,-0.9333884716033935546875";
                    }
                    #0 = {
                      scale = fixp:"1";
                      name = str:"Bip01 L Finger03";
                      translation = xpoint3:"6.7481060028076171875,5.32070446014404296875,-10.2373371124267578125";
                      rotation = {
                        0 = xpoint3:"0.5809075832366943359375,0.528697967529296875,0.6188900470733642578125";
                        1 = xpoint3:"0.65632641315460205078125,0.14547336101531982421875,-0.74031960964202880859375";
                        2 = xpoint3:"-0.4814374446868896484375,0.83625113964080810546875,-0.2624918520450592041015625";
                      }
                      #0 = {
                        scale = fixp:"1";
                        name = str:"Bip01 L Finger04";
                        translation = xpoint3:"7.216430187225341796875,0,0";
                        rotation = {
                          0 = xpoint3:"0.993731200695037841796875,0.111795835196971893310546875,0";
                          1 = xpoint3:"-0.111795835196971893310546875,0.993731200695037841796875,0";
                          2 = xpoint3:"0,0,1";
                        }
                      }
                    }
                    #1 = {
                      scale = fixp:"1";
                      name = str:"Bip01 L Finger05";
                      translation = xpoint3:"21.4187717437744140625,-0.3666754662990570068359375,-6.088374614715576171875";
                      rotation = {
                        0 = xpoint3:"0.939411103725433349609375,-0.3421605527400970458984375,0.0208077989518642425537109375";
                        1 = xpoint3:"0.3424391448497772216796875,0.939467847347259521484375,-0.0116441808640956878662109375";
                        2 = xpoint3:"-0.015564077533781528472900390625,0.0180640779435634613037109375,0.99971568584442138671875";
                      }
                    }
                    #2 = {
                      scale = fixp:"1";
                      name = str:"Bip01 L Finger07";
                      translation = xpoint3:"20.4582386016845703125,0.00285019911825656890869140625,3.5692665576934814453125";
                      rotation = {
                        0 = xpoint3:"0.977342426776885986328125,-0.087795890867710113525390625,-0.19259704649448394775390625";
                        1 = xpoint3:"0.117978729307651519775390625,0.98142135143280029296875,0.15130476653575897216796875";
                        2 = xpoint3:"0.17573492228984832763671875,-0.17059893906116485595703125,0.969542801380157470703125";
                      }
                      #0 = {
                        scale = fixp:"1";
                        name = str:"Bip01 L Finger08";
                        translation = xpoint3:"6.422783374786376953125,0,0";
                        rotation = {
                          0 = xpoint3:"0.904789507389068603515625,-0.4258590638637542724609375,0";
                          1 = xpoint3:"0.4258590638637542724609375,0.904789507389068603515625,0";
                          2 = xpoint3:"0,0,1";
                        }
                      }
                    }
                  }
                }
              }
            }
            #1 = {
              scale = fixp:"1";
              name = str:"Bip01 R Clavicle01";
              translation = xpoint3:"32.959293365478515625,0,-5.0352344512939453125";
              rotation = {
                0 = xpoint3:"0,-0.34322273731231689453125,-0.939253985881805419921875";
                1 = xpoint3:"0.07619218528270721435546875,-0.936523497104644775390625,0.342225611209869384765625";
                2 = xpoint3:"-0.997093141078948974609375,-0.07156650722026824951171875,0.02614353783428668975830078125";
              }
              #0 = {
                scale = fixp:"1";
                name = str:"Bip01 R UpperArm01";
                translation = xpoint3:"31.020305633544921875,0,0";
                rotation = {
                  0 = xpoint3:"0.593959510326385498046875,0.3188900649547576904296875,-0.73819506168365478515625";
                  1 = xpoint3:"0.3399195373058319091796875,0.732628405094146728515625,0.589340627193450927734375";
                  2 = xpoint3:"0.728750705718994140625,-0.600979864597320556640625,0.326754748821258544921875";
                }
                #0 = {
                  scale = fixp:"1";
                  name = str:"Bip01 R Forearm01";
                  translation = xpoint3:"51.260662078857421875,0,0";
                  rotation = {
                    0 = xpoint3:"0.058804452419281005859375,0.99758517742156982421875,0";
                    1 = xpoint3:"-0.99758517742156982421875,0.058804452419281005859375,0";
                    2 = xpoint3:"0,0,1";
                  }
                  #0 = {
                    scale = fixp:"1";
                    name = str:"Bip01 R Hand01";
                    translation = xpoint3:"43.05603790283203125,0,0";
                    rotation = {
                      0 = xpoint3:"0.69114696979522705078125,-0.7215473651885986328125,-0.035171806812286376953125";
                      1 = xpoint3:"-0.2600341737270355224609375,-0.20211081206798553466796875,-0.94328629970550537109375";
                      2 = xpoint3:"0.673980653285980224609375,0.66089046001434326171875,-0.3271819055080413818359375";
                    }
                    #0 = {
                      scale = fixp:"1";
                      name = str:"Bip01 R Finger03";
                      translation = xpoint3:"6.74811553955078125,5.320711612701416015625,10.23734378814697265625";
                      rotation = {
                        0 = xpoint3:"0.735755860805511474609375,0.528698742389678955078125,-0.42325055599212646484375";
                        1 = xpoint3:"0.412720143795013427734375,0.14547277987003326416015625,0.89916622638702392578125";
                        2 = xpoint3:"0.536959469318389892578125,-0.836250782012939453125,-0.1111721694469451904296875";
                      }
                      #0 = {
                        scale = fixp:"1";
                        name = str:"Bip01 R Finger04";
                        translation = xpoint3:"7.21645641326904296875,0,0";
                        rotation = {
                          0 = xpoint3:"0.993731200695037841796875,0.111795835196971893310546875,0";
                          1 = xpoint3:"-0.111795835196971893310546875,0.993731200695037841796875,0";
                          2 = xpoint3:"0,0,1";
                        }
                      }
                    }
                    #1 = {
                      scale = fixp:"1";
                      name = str:"Bip01 R Finger05";
                      translation = xpoint3:"21.4187908172607421875,-0.3666730821132659912109375,6.08836269378662109375";
                      rotation = {
                        0 = xpoint3:"0.939411222934722900390625,-0.3421601355075836181640625,-0.0208080299198627471923828125";
                        1 = xpoint3:"0.3424387276172637939453125,0.93946802616119384765625,0.011644222773611545562744140625";
                        2 = xpoint3:"0.0155642889440059661865234375,-0.0180641897022724151611328125,0.99971568584442138671875";
                      }
                      #0 = {
                        scale = fixp:"1";
                        name = str:"Bip01 R Finger06";
                        translation = xpoint3:"6.5087490081787109375,0,0";
                        rotation = {
                          0 = xpoint3:"1,0,0";
                          1 = xpoint3:"0,1,0";
                          2 = xpoint3:"0,0,1";
                        }
                      }
                    }
                    #2 = {
                      scale = fixp:"1";
                      name = str:"Bip01 R Finger07";
                      translation = xpoint3:"20.4582347869873046875,0.002846821211278438568115234375,-3.5692527294158935546875";
                      rotation = {
                        0 = xpoint3:"0.97734248638153076171875,-0.087795905768871307373046875,0.19259680807590484619140625";
                        1 = xpoint3:"0.117978639900684356689453125,0.981421411037445068359375,-0.151304423809051513671875";
                        2 = xpoint3:"-0.17573471367359161376953125,0.170598566532135009765625,0.969542920589447021484375";
                      }
                      #0 = {
                        scale = fixp:"1";
                        name = str:"Bip01 R Finger08";
                        translation = xpoint3:"6.42279052734375,0,0";
                        rotation = {
                          0 = xpoint3:"0.904789626598358154296875,-0.4258588254451751708984375,0";
                          1 = xpoint3:"0.4258588254451751708984375,0.904789626598358154296875,0";
                          2 = xpoint3:"0,0,1";
                        }
                      }
                    }
                    #3 = {
                      scale = fixp:"1";
                      name = str:"Bone_Gun";
                      translation = xpoint3:"6.99325466156005859375,5.325624942779541015625,17.0087985992431640625";
                      rotation = {
                        0 = xpoint3:"0.14762447774410247802734375,-0.986804544925689697265625,-0.066511891782283782958984375";
                        1 = xpoint3:"0.986552774906158447265625,0.15168894827365875244140625,-0.060861527919769287109375";
                        2 = xpoint3:"0.070147551596164703369140625,-0.056632839143276214599609375,0.995927751064300537109375";
                      }
                      #0 = {
                        scale = fixp:"1";
                        name = str:"pt_aim";
                        translation = xpoint3:"0,0,0";
                        rotation = {
                          0 = xpoint3:"1,0,0";
                          1 = xpoint3:"0,1,0";
                          2 = xpoint3:"0,0,1";
                        }
                      }
                      #1 = {
                        scale = fixp:"1";
                        name = str:"pt_shoot_1";
                        translation = xpoint3:"0,-169.53057861328125,0";
                        rotation = {
                          0 = xpoint3:"1,0,0";
                          1 = xpoint3:"0,1,0";
                          2 = xpoint3:"0,0,1";
                        }
                      }
                    }
                  }
                }
              }
            }
            #2 = {
              scale = fixp:"1";
              name = str:"Bip01 Neck01";
              translation = xpoint3:"32.965290069580078125,-0.0087980367243289947509765625,0";
              rotation = {
                0 = xpoint3:"0.826172888278961181640625,-0.563416659832000732421875,0";
                1 = xpoint3:"0.563416659832000732421875,0.826172888278961181640625,0";
                2 = xpoint3:"0,0,1";
              }
              #0 = {
                scale = fixp:"1";
                name = str:"Bip01 Head01";
                translation = xpoint3:"13.3732166290283203125,0,0";
                rotation = {
                  0 = xpoint3:"0.93429529666900634765625,0.3516467511653900146484375,-0.0586247183382511138916015625";
                  1 = xpoint3:"-0.3565000593662261962890625,0.921575129032135009765625,-0.15364564955234527587890625";
                  2 = xpoint3:"0,0.16445012390613555908203125,0.986385405063629150390625";
                }
                #0 = {
                  scale = fixp:"1";
                  name = str:"pt_head";
                  translation = xpoint3:"0,0,0";
                  rotation = {
                    0 = xpoint3:"1,0,0";
                    1 = xpoint3:"0,1,0";
                    2 = xpoint3:"0,0,1";
                  }
                }
              }
            }
            #3 = {
              scale = fixp:"1";
              name = str:"pt_chest";
              translation = xpoint3:"0,0,0";
              rotation = {
                0 = xpoint3:"1,0,0";
                1 = xpoint3:"0,1,0";
                2 = xpoint3:"0,0,1";
              }
            }
            #4 = {
              scale = fixp:"1";
              name = str:"pt_cast";
              translation = xpoint3:"12.28764438629150390625,0,0";
              rotation = {
                0 = xpoint3:"1,0,0";
                1 = xpoint3:"0,1,0";
                2 = xpoint3:"0,0,1";
              }
            }
            #5 = {
              scale = fixp:"1";
              name = str:"IK Chain02";
              translation = xpoint3:"-39.159938812255859375,44.420501708984375,47.6743011474609375";
              rotation = {
                0 = xpoint3:"0,0.035187579691410064697265625,0.998654782772064208984375";
                1 = xpoint3:"0,-0.997929394245147705078125,0.0351875834167003631591796875";
                2 = xpoint3:"0.999274551868438720703125,0,0";
              }
              #0 = {
                scale = fixp:"1";
                name = str:"pt_hand";
                translation = xpoint3:"0,0,0";
                rotation = {
                  0 = xpoint3:"1,0,0";
                  1 = xpoint3:"0,1,0";
                  2 = xpoint3:"0,0,1";
                }
              }
            }
            #6 = {
              scale = fixp:"1";
              name = str:"IK Chain01";
              translation = xpoint3:"-23.6196384429931640625,38.3721160888671875,-51.467926025390625";
              rotation = {
                0 = xpoint3:"0,0,0.9992744922637939453125";
                1 = xpoint3:"0,-0.998548984527587890625,0";
                2 = xpoint3:"0.9992744922637939453125,0,0";
              }
              #0 = {
                scale = fixp:"1";
                name = str:"pt_hand@#0";
                translation = xpoint3:"0,0,0";
                rotation = {
                  0 = xpoint3:"1,0,0";
                  1 = xpoint3:"0,1,0";
                  2 = xpoint3:"0,0,1";
                }
              }
            }
          }
          #1 = {
            scale = fixp:"1";
            name = str:"pt_center";
            translation = xpoint3:"0,0,0";
            rotation = {
              0 = xpoint3:"1,0,0";
              1 = xpoint3:"0,1,0";
              2 = xpoint3:"0,0,1";
            }
          }
        }
        #1 = {
          scale = fixp:"1";
          name = str:"Bip01 R Thigh01";
          translation = xpoint3:"-1.6200237274169921875,9.88812351226806640625,-20.5694637298583984375";
          rotation = {
            0 = xpoint3:"-0.989320695400238037109375,0.01230969838798046112060546875,0.1349311172962188720703125";
            1 = xpoint3:"-0.02066485024988651275634765625,0.97050631046295166015625,-0.2400992810726165771484375";
            2 = xpoint3:"-0.133906304836273193359375,-0.2406723201274871826171875,-0.959844768047332763671875";
          }
          #0 = {
            scale = fixp:"1";
            name = str:"Bip01 R Calf01";
            translation = xpoint3:"58.759937286376953125,0,0";
            rotation = {
              0 = xpoint3:"0.926996171474456787109375,0.3749295175075531005859375,0";
              1 = xpoint3:"-0.3749295175075531005859375,0.926996171474456787109375,0";
              2 = xpoint3:"0,0,1";
            }
            #0 = {
              scale = fixp:"1";
              name = str:"Bip01 R Foot01";
              translation = xpoint3:"59.377742767333984375,0,0";
              rotation = {
                0 = xpoint3:"0.92263257503509521484375,-0.3801615536212921142578125,0.064140975475311279296875";
                1 = xpoint3:"0.3730205595493316650390625,0.92229068279266357421875,0.100611917674541473388671875";
                2 = xpoint3:"-0.09742955863475799560546875,-0.068878911435604095458984375,0.992850840091705322265625";
              }
            }
          }
        }
        #2 = {
          scale = fixp:"1";
          name = str:"Bip01 L Thigh01";
          translation = xpoint3:"-1.62008488178253173828125,9.8881931304931640625,20.5694370269775390625";
          rotation = {
            0 = xpoint3:"-0.956036746501922607421875,0.2653982341289520263671875,-0.11277891695499420166015625";
            1 = xpoint3:"0.2572847902774810791015625,0.9628658294677734375,0.081486441195011138916015625";
            2 = xpoint3:"0.1302299797534942626953125,0.048982389271259307861328125,-0.988814890384674072265625";
          }
          #0 = {
            scale = fixp:"1";
            name = str:"Bip01 L Calf01";
            translation = xpoint3:"58.759937286376953125,0,0";
            rotation = {
              0 = xpoint3:"0.854330539703369140625,0.519526660442352294921875,0";
              1 = xpoint3:"-0.519526660442352294921875,0.854330539703369140625,0";
              2 = xpoint3:"0,0,1";
            }
            #0 = {
              scale = fixp:"1";
              name = str:"Bip01 L Foot01";
              translation = xpoint3:"59.37774658203125,0,0";
              rotation = {
                0 = xpoint3:"0.95976936817169189453125,-0.27653300762176513671875,-0.048102505505084991455078125";
                1 = xpoint3:"0.2752015590667724609375,0.9608070850372314453125,-0.032511048018932342529296875";
                2 = xpoint3:"0.0552127659320831298828125,0.0179546587169170379638671875,0.998311936855316162109375";
              }
            }
          }
        }
      }
      #1 = {
        scale = fixp:"1";
        name = str:"pt_ground";
        translation = xpoint3:"0,0,0";
        rotation = {
          0 = xpoint3:"1,0,0";
          1 = xpoint3:"0,1,0";
          2 = xpoint3:"0,0,1";
        }
      }
      #2 = {
        scale = fixp:"1";
        name = str:"pt_top";
        translation = xpoint3:"-0.541946351528167724609375,0.0590743981301784515380859375,328.7183837890625";
        rotation = {
          0 = xpoint3:"0,0,0.999999940395355224609375";
          1 = xpoint3:"0,-0.999999940395355224609375,0";
          2 = xpoint3:"0.999999940395355224609375,0,0";
        }
      }
    }
  }
  #3 = {
    scale = fixp:"1";
    name = str:"Object03";
    translation = xpoint3:"0,-5.044610500335693359375,0";
    rotation = {
      0 = xpoint3:"1,0,0";
      1 = xpoint3:"0,0.991155803203582763671875,-0.132703363895416259765625";
      2 = xpoint3:"0,0.132703363895416259765625,0.991155803203582763671875";
    }
  }
  #4 = {
    scale = fixp:"1";
    name = str:"IK Chain04";
    translation = xpoint3:"-31.682712554931640625,20.8888702392578125,32.246601104736328125";
    rotation = {
      0 = xpoint3:"1,0,0";
      1 = xpoint3:"0,1,0";
      2 = xpoint3:"0,0,1";
    }
    #0 = {
      scale = fixp:"1";
      name = str:"pt_footprint01";
      translation = xpoint3:"0,0,0";
      rotation = {
        0 = xpoint3:"1,0,0";
        1 = xpoint3:"0,1,0";
        2 = xpoint3:"0,0,1";
      }
    }
  }
  #5 = {
    scale = fixp:"1";
    name = str:"IK Chain03";
    translation = xpoint3:"32.094974517822265625,-1.55059421062469482421875,32.246601104736328125";
    rotation = {
      0 = xpoint3:"1,0,0";
      1 = xpoint3:"0,1,0";
      2 = xpoint3:"0,0,1";
    }
    #0 = {
      scale = fixp:"1";
      name = str:"pt_footprint02";
      translation = xpoint3:"0,0,0";
      rotation = {
        0 = xpoint3:"1,0,0";
        1 = xpoint3:"0,1,0";
        2 = xpoint3:"0,0,1";
      }
    }
  }
}