model = {
  file = str:"data\terrain\embelishments\stumps\stump03_01.nif";
  animation = {
    loop = fixp:"0";
    duration = fixp:"0";
  }
  #0 = {
    scale = fixp:"1";
    name = str:"Cylinder01";
    translation = xpoint3:"848.155517578125,92.364837646484375,0";
    rotation = {
      0 = xpoint3:"0.903396070003509521484375,0,0.4288070499897003173828125";
      1 = xpoint3:"0,1,0";
      2 = xpoint3:"-0.4288070499897003173828125,0,0.903396129608154296875";
    }
  }
  #1 = {
    scale = fixp:"1";
    name = str:"Object01";
    translation = xpoint3:"1048.562744140625,88.8275146484375,345.402679443359375";
    rotation = {
      0 = xpoint3:"0.903396070003509521484375,0,0.4288070499897003173828125";
      1 = xpoint3:"0,1,0";
      2 = xpoint3:"-0.4288070499897003173828125,0,0.903396129608154296875";
    }
  }
  #2 = {
    scale = fixp:"1";
    name = str:"Stump03_01";
    translation = xpoint3:"-0.5571117401123046875,-23.8585357666015625,-3.20100498199462890625";
    rotation = {
      0 = xpoint3:"0.862845361232757568359375,-0.505467951297760009765625,0";
      1 = xpoint3:"0.505467951297760009765625,0.862845361232757568359375,0";
      2 = xpoint3:"0,0,1";
    }
  }
}