model = {
  file = str:"data\models\units\commanderboss\commanderboss.nif";
  animation = {
    loop = fixp:"0";
    duration = fixp:"22.5";
  }
  #0 = {
    scale = fixp:"1";
    name = str:"ROOT";
    translation = xpoint3:"0,0,0";
    rotation = {
      0 = xpoint3:"1,0,0";
      1 = xpoint3:"0,1,0";
      2 = xpoint3:"0,0,1";
    }
    #4 = {
      scale = fixp:"1";
      name = str:"ROOT NonAccum";
      translation = xpoint3:"0,0,0";
      rotation = {
        0 = xpoint3:"1,0,0";
        1 = xpoint3:"0,1,0";
        2 = xpoint3:"0,0,1";
      }
      #0 = {
        scale = fixp:"1";
        name = str:"Bip01";
        translation = xpoint3:"-0.0287574864923954010009765625,-8.7768707275390625,183.632171630859375";
        rotation = {
          0 = xpoint3:"0,1,0";
          1 = xpoint3:"-1,0,0";
          2 = xpoint3:"0,0,1";
        }
        #0 = {
          scale = fixp:"1";
          name = str:"Bip01 Pelvis01";
          translation = xpoint3:"0,0,0";
          rotation = {
            0 = xpoint3:"0,1,0";
            1 = xpoint3:"0,0,1";
            2 = xpoint3:"1,0,0";
          }
          #0 = {
            scale = fixp:"1";
            name = str:"Bip01 Spine01";
            translation = xpoint3:"32.553302764892578125,-0.0352766700088977813720703125,0";
            rotation = {
              0 = xpoint3:"0.998260557651519775390625,-0.058956146240234375,0";
              1 = xpoint3:"0.058956146240234375,0.998260557651519775390625,0";
              2 = xpoint3:"0,0,1";
            }
            #0 = {
              scale = fixp:"1";
              name = str:"Bip01 Spine02";
              translation = xpoint3:"44.392364501953125,-0.02846572734415531158447265625,0";
              rotation = {
                0 = xpoint3:"0.966005742549896240234375,0.2585205733776092529296875,0";
                1 = xpoint3:"-0.2585205733776092529296875,0.966005742549896240234375,0";
                2 = xpoint3:"0,0,1";
              }
              #0 = {
                scale = fixp:"1";
                name = str:"Bip01 Neck01";
                translation = xpoint3:"44.3867950439453125,-0.02590196393430233001708984375,0";
                rotation = {
                  0 = xpoint3:"-0.844781100749969482421875,-0.53511202335357666015625,0";
                  1 = xpoint3:"0.53511202335357666015625,-0.844781100749969482421875,0";
                  2 = xpoint3:"0,0,1";
                }
                #0 = {
                  scale = fixp:"1";
                  name = str:"Bip01 Head01";
                  translation = xpoint3:"12.80365753173828125,-0.0078021013177931308746337890625,0";
                  rotation = {
                    0 = xpoint3:"-0.77950954437255859375,0.62639033794403076171875,0";
                    1 = xpoint3:"-0.62639033794403076171875,-0.77950954437255859375,0";
                    2 = xpoint3:"0,0,1";
                  }
                  #0 = {
                    scale = fixp:"1";
                    name = str:"pt_head";
                    translation = xpoint3:"23.3718204498291015625,1.9088573455810546875,-1.382617950439453125";
                    rotation = {
                      0 = xpoint3:"-0.0371036715805530548095703125,0.01854118891060352325439453125,0.99913942813873291015625";
                      1 = xpoint3:"0.02982970885932445526123046875,-0.9993617534637451171875,0.01965306140482425689697265625";
                      2 = xpoint3:"0.99886608123779296875,0.03053323924541473388671875,0.036526910960674285888671875";
                    }
                  }
                }
                #1 = {
                  scale = fixp:"1";
                  name = str:"Bip01 L Clavicle01";
                  translation = xpoint3:"0,0.0101584829390048980712890625,5.3818759918212890625";
                  rotation = {
                    0 = xpoint3:"-0.11008702218532562255859375,-0.511466443538665771484375,-0.852222383022308349609375";
                    1 = xpoint3:"0.273062527179718017578125,0.808876812458038330078125,-0.52072560787200927734375";
                    2 = xpoint3:"0.955676615238189697265625,-0.29003512859344482421875,0.050615482032299041748046875";
                  }
                  #0 = {
                    scale = fixp:"1";
                    name = str:"Bip01 L UpperArm01";
                    translation = xpoint3:"56.133331298828125,-1.019525051116943359375,1.39220774173736572265625";
                    rotation = {
                      0 = xpoint3:"0.23994325101375579833984375,0.681568205356597900390625,0.69049918651580810546875";
                      1 = xpoint3:"-0.158523976802825927734375,0.729803740978240966796875,-0.664728939533233642578125";
                      2 = xpoint3:"-0.957180500030517578125,0.049590289592742919921875,0.283383905887603759765625";
                    }
                    #0 = {
                      scale = fixp:"1";
                      name = str:"Bip01 L Forearm01";
                      translation = xpoint3:"62.330440521240234375,2.8038737773895263671875,-0.9639937877655029296875";
                      rotation = {
                        0 = xpoint3:"0.68210065364837646484375,0.730942785739898681640625,0";
                        1 = xpoint3:"-0.730942785739898681640625,0.68210065364837646484375,0";
                        2 = xpoint3:"0,0,1";
                      }
                      #0 = {
                        scale = fixp:"1";
                        name = str:"Bip01 L Hand01";
                        translation = xpoint3:"60.07373046875,-1.355206966400146484375,1.2195265293121337890625";
                        rotation = {
                          0 = xpoint3:"0.99638593196868896484375,-0.08059640228748321533203125,-0.02672268450260162353515625";
                          1 = xpoint3:"-0.08476762473583221435546875,-0.924476921558380126953125,-0.36791884899139404296875";
                          2 = xpoint3:"0.0049326233565807342529296875,0.368855059146881103515625,-0.92796766757965087890625";
                        }
                        #0 = {
                          scale = fixp:"1";
                          name = str:"Bip01 L Finger03";
                          translation = xpoint3:"8.598705291748046875,6.3104705810546875,-17.0523681640625";
                          rotation = {
                            0 = xpoint3:"0.4869032204151153564453125,0.67166435718536376953125,0.558383643627166748046875";
                            1 = xpoint3:"0.1426033675670623779296875,0.569574892520904541015625,-0.80947434902191162109375";
                            2 = xpoint3:"-0.861736357212066650390625,0.4737630784511566162109375,0.1815462410449981689453125";
                          }
                          #0 = {
                            scale = fixp:"1";
                            name = str:"Bip01 L Finger04";
                            translation = xpoint3:"9.69258022308349609375,0.043724380433559417724609375,-0.0368097536265850067138671875";
                            rotation = {
                              0 = xpoint3:"0.954844176769256591796875,-0.2971070110797882080078125,0";
                              1 = xpoint3:"0.2971070110797882080078125,0.954844176769256591796875,0";
                              2 = xpoint3:"0,0,1";
                            }
                          }
                        }
                        #1 = {
                          scale = fixp:"1";
                          name = str:"Bip01 L Finger05";
                          translation = xpoint3:"23.947662353515625,1.28684520721435546875,-13.65642070770263671875";
                          rotation = {
                            0 = xpoint3:"0.966052532196044921875,-0.09686265885829925537109375,0.23949964344501495361328125";
                            1 = xpoint3:"0.09926687180995941162109375,0.9950587749481201171875,0.00203352235257625579833984375";
                            2 = xpoint3:"-0.23851318657398223876953125,0.0218098945915699005126953125,0.970894336700439453125";
                          }
                          #0 = {
                            scale = fixp:"1";
                            name = str:"Bip01 L Finger06";
                            translation = xpoint3:"12.544155120849609375,0.4930069148540496826171875,0.20298637449741363525390625";
                            rotation = {
                              0 = xpoint3:"0.63316452503204345703125,-0.774017274379730224609375,0";
                              1 = xpoint3:"0.774017274379730224609375,0.63316452503204345703125,0";
                              2 = xpoint3:"0,0,1";
                            }
                          }
                        }
                        #2 = {
                          scale = fixp:"1";
                          name = str:"Bip01 L Finger07";
                          translation = xpoint3:"25.598735809326171875,0.86391770839691162109375,1.52416002750396728515625";
                          rotation = {
                            0 = xpoint3:"0.978118419647216796875,-0.20445837080478668212890625,-0.038485191762447357177734375";
                            1 = xpoint3:"0.20804880559444427490234375,0.961090743541717529296875,0.18171493709087371826171875";
                            2 = xpoint3:"0,-0.18574552237987518310546875,0.982597887516021728515625";
                          }
                          #0 = {
                            scale = fixp:"1";
                            name = str:"Bip01 L Finger08";
                            translation = xpoint3:"12.75431346893310546875,-0.08339272439479827880859375,0.264963686466217041015625";
                            rotation = {
                              0 = xpoint3:"0.69466888904571533203125,-0.719329655170440673828125,0";
                              1 = xpoint3:"0.719329655170440673828125,0.69466888904571533203125,0";
                              2 = xpoint3:"0,0,1";
                            }
                          }
                        }
                        #3 = {
                          scale = fixp:"1";
                          name = str:"pt_hand";
                          translation = xpoint3:"14.5730800628662109375,-0.260528504848480224609375,-1.30931961536407470703125";
                          rotation = {
                            0 = xpoint3:"-0.3875409662723541259765625,-0.90118503570556640625,-0.19410713016986846923828125";
                            1 = xpoint3:"-0.4251605570316314697265625,-0.012102966196835041046142578125,0.90503704547882080078125";
                            2 = xpoint3:"-0.817955076694488525390625,0.433265626430511474609375,-0.37845790386199951171875";
                          }
                        }
                      }
                    }
                  }
                }
                #2 = {
                  scale = fixp:"1";
                  name = str:"Bip01 R Clavicle01";
                  translation = xpoint3:"0,0.01018242351710796356201171875,-5.381856441497802734375";
                  rotation = {
                    0 = xpoint3:"-0.1100870072841644287109375,-0.511466681957244873046875,0.8522222042083740234375";
                    1 = xpoint3:"0.2730686664581298828125,0.808874785900115966796875,0.5207254886627197265625";
                    2 = xpoint3:"-0.95567476749420166015625,0.2900402843952178955078125,0.0506189279258251190185546875";
                  }
                  #0 = {
                    scale = fixp:"1";
                    name = str:"Bip01 R UpperArm01";
                    translation = xpoint3:"56.133350372314453125,-1.019483089447021484375,-1.39236152172088623046875";
                    rotation = {
                      0 = xpoint3:"0.5685923099517822265625,0.65194261074066162109375,-0.50104653835296630859375";
                      1 = xpoint3:"-0.258140265941619873046875,0.72022116184234619140625,0.6436140537261962890625";
                      2 = xpoint3:"0.7806665897369384765625,-0.236318171024322509765625,0.57801473140716552734375";
                    }
                    #0 = {
                      scale = fixp:"1";
                      name = str:"Bip01 R Forearm01";
                      translation = xpoint3:"61.31746673583984375,3.05443286895751953125,0.671050608158111572265625";
                      rotation = {
                        0 = xpoint3:"0.282364070415496826171875,0.958764374256134033203125,0";
                        1 = xpoint3:"-0.958764374256134033203125,0.282364070415496826171875,0";
                        2 = xpoint3:"0,0,1";
                      }
                      #0 = {
                        scale = fixp:"1";
                        name = str:"Bip01 R Hand01";
                        translation = xpoint3:"61.16188812255859375,2.5195028781890869140625,-1.22049224376678466796875";
                        rotation = {
                          0 = xpoint3:"0.826348364353179931640625,-0.5217540264129638671875,-0.2113506495952606201171875";
                          1 = xpoint3:"-0.3139400780200958251953125,-0.114615373313426971435546875,-0.94164073467254638671875";
                          2 = xpoint3:"0.4672665297985076904296875,0.84440410137176513671875,-0.2584901154041290283203125";
                        }
                        #0 = {
                          scale = fixp:"1";
                          name = str:"Bip01 R Finger03";
                          translation = xpoint3:"8.444828033447265625,6.348949909210205078125,16.999454498291015625";
                          rotation = {
                            0 = xpoint3:"0.2333764135837554931640625,0.634169638156890869140625,-0.737132549285888671875";
                            1 = xpoint3:"0.704282820224761962890625,0.4124502241611480712890625,0.577815353870391845703125";
                            2 = xpoint3:"0.67046344280242919921875,-0.653998315334320068359375,-0.35037863254547119140625";
                          }
                          #0 = {
                            scale = fixp:"1";
                            name = str:"Bip01 R Finger04";
                            translation = xpoint3:"9.70007801055908203125,0.0419793426990509033203125,0.0194297693669795989990234375";
                            rotation = {
                              0 = xpoint3:"0.78282320499420166015625,-0.62224423885345458984375,0";
                              1 = xpoint3:"0.62224423885345458984375,0.78282320499420166015625,0";
                              2 = xpoint3:"0,0,1";
                            }
                          }
                        }
                        #1 = {
                          scale = fixp:"1";
                          name = str:"Bip01 R Finger05";
                          translation = xpoint3:"23.731662750244140625,1.36836278438568115234375,13.4702396392822265625";
                          rotation = {
                            0 = xpoint3:"0.966052532196044921875,-0.096862412989139556884765625,-0.23949976265430450439453125";
                            1 = xpoint3:"0.099266640841960906982421875,0.9950587749481201171875,-0.00203343294560909271240234375";
                            2 = xpoint3:"0.23851330578327178955078125,-0.02180993556976318359375,0.970894277095794677734375";
                          }
                          #0 = {
                            scale = fixp:"1";
                            name = str:"Bip01 R Finger06";
                            translation = xpoint3:"12.45212554931640625,0.02985492907464504241943359375,-0.4492742121219635009765625";
                            rotation = {
                              0 = xpoint3:"0.91179621219635009765625,-0.4106429517269134521484375,0";
                              1 = xpoint3:"0.4106429517269134521484375,0.91179621219635009765625,0";
                              2 = xpoint3:"0,0,1";
                            }
                          }
                        }
                        #2 = {
                          scale = fixp:"1";
                          name = str:"Bip01 R Finger07";
                          translation = xpoint3:"25.4922084808349609375,0.96211087703704833984375,-1.7488250732421875";
                          rotation = {
                            0 = xpoint3:"0.599545180797576904296875,-0.799415051937103271484375,0.0384852886199951171875";
                            1 = xpoint3:"0.790867745876312255859375,0.584386765956878662109375,-0.18171496689319610595703125";
                            2 = xpoint3:"0.1227754056453704833984375,0.13938309252262115478515625,0.982597827911376953125";
                          }
                          #0 = {
                            scale = fixp:"1";
                            name = str:"Bip01 R Finger08";
                            translation = xpoint3:"13.2439403533935546875,-0.677768290042877197265625,0.087557755410671234130859375";
                            rotation = {
                              0 = xpoint3:"0.677589714527130126953125,-0.735440075397491455078125,0";
                              1 = xpoint3:"0.735440075397491455078125,0.677589714527130126953125,0";
                              2 = xpoint3:"0,0,1";
                            }
                          }
                        }
                        #3 = {
                          scale = fixp:"1";
                          name = str:"Bone_Gun";
                          translation = xpoint3:"26.811717987060546875,12.33103179931640625,19.884456634521484375";
                          rotation = {
                            0 = xpoint3:"0.876676976680755615234375,-0.11523483693599700927734375,0.467074334621429443359375";
                            1 = xpoint3:"0.43381607532501220703125,-0.2303000986576080322265625,-0.8710715770721435546875";
                            2 = xpoint3:"0.20794497430324554443359375,0.96627271175384521484375,-0.15190808475017547607421875";
                          }
                          #1 = {
                            scale = fixp:"1";
                            name = str:"pt_shoot_1";
                            translation = xpoint3:"168.198455810546875,-3.0839493274688720703125,4.699226856231689453125";
                            rotation = {
                              0 = xpoint3:"-0.002920475788414478302001953125,-0.99999439716339111328125,0.001642249524593353271484375";
                              1 = xpoint3:"-0.00882028229534626007080078125,0.001667964272201061248779296875,0.9999597072601318359375";
                              2 = xpoint3:"-0.9999568462371826171875,0.00290586054325103759765625,-0.008825094439089298248291015625";
                            }
                          }
                        }
                        #4 = {
                          scale = fixp:"1";
                          name = str:"pt_hand@#0";
                          translation = xpoint3:"9.64800167083740234375,-0.583133995532989501953125,-1.0918903350830078125";
                          rotation = {
                            0 = xpoint3:"0.4357278048992156982421875,-0.896076261997222900390625,-0.08478581905364990234375";
                            1 = xpoint3:"0.8627941608428955078125,0.4426521956920623779296875,-0.24422384798526763916015625";
                            2 = xpoint3:"0.256373822689056396484375,0.033262409269809722900390625,0.96600520610809326171875";
                          }
                        }
                      }
                    }
                  }
                }
              }
            }
            #1 = {
              scale = fixp:"1";
              name = str:"pt_chest ";
              translation = xpoint3:"53.29808807373046875,-3.1518313884735107421875,-1.62615859508514404296875";
              rotation = {
                0 = xpoint3:"-0.0016651605255901813507080078125,-0.0550997443497180938720703125,0.99847948551177978515625";
                1 = xpoint3:"-0.0393949188292026519775390625,-0.997702121734619140625,-0.055122546851634979248046875";
                2 = xpoint3:"0.999222338199615478515625,-0.0394268035888671875,0";
              }
            }
          }
          #1 = {
            scale = fixp:"1";
            name = str:"Bip01 L Thigh01";
            translation = xpoint3:"0,0,28.6893939971923828125";
            rotation = {
              0 = xpoint3:"-0.90717160701751708984375,0.38391244411468505859375,-0.16396129131317138671875";
              1 = xpoint3:"0.298988163471221923828125,0.872619807720184326171875,0.3859480321407318115234375";
              2 = xpoint3:"0.29133856296539306640625,0.3015974462032318115234375,-0.906308114528656005859375";
            }
            #0 = {
              scale = fixp:"1";
              name = str:"Bip01 L Calf01";
              translation = xpoint3:"83.581024169921875,-0.4551678597927093505859375,-1.26662445068359375";
              rotation = {
                0 = xpoint3:"0.696145594120025634765625,0.7175934314727783203125,0";
                1 = xpoint3:"-0.7175934314727783203125,0.696145594120025634765625,0";
                2 = xpoint3:"0,0,1";
              }
              #0 = {
                scale = fixp:"1";
                name = str:"Bip01 L Foot01";
                translation = xpoint3:"71.30394744873046875,0.56081664562225341796875,-1.93647062778472900390625";
                rotation = {
                  0 = xpoint3:"0.90844929218292236328125,-0.4076044261455535888671875,-0.09190046787261962890625";
                  1 = xpoint3:"0.3852200806140899658203125,0.902229368686676025390625,-0.193509042263031005859375";
                  2 = xpoint3:"0.1618411839008331298828125,0.140352666378021240234375,0.97676753997802734375";
                }
                #0 = {
                  scale = fixp:"1";
                  name = str:"Bip01 L Toe01";
                  translation = xpoint3:"42.092365264892578125,54.334888458251953125,0.008738239295780658721923828125";
                  rotation = {
                    0 = xpoint3:"0,-0.9992744922637939453125,0";
                    1 = xpoint3:"0.9992744922637939453125,0,0";
                    2 = xpoint3:"0,0,1";
                  }
                }
                #1 = {
                  scale = fixp:"1";
                  name = str:"pt_foot";
                  translation = xpoint3:"13.92627716064453125,13.02901935577392578125,1.06326353549957275390625";
                  rotation = {
                    0 = xpoint3:"-0.055170975625514984130859375,0.035553582012653350830078125,-0.99784374237060546875";
                    1 = xpoint3:"0.034151494503021240234375,-0.998713910579681396484375,-0.03747282922267913818359375";
                    2 = xpoint3:"-0.997892677783966064453125,-0.0361452661454677581787109375,0.0538858138024806976318359375";
                  }
                }
                #2 = {
                  scale = fixp:"1";
                  name = str:"pt_footprint01";
                  translation = xpoint3:"41.2254180908203125,14.09475040435791015625,0.621968924999237060546875";
                  rotation = {
                    0 = xpoint3:"-0.0467122904956340789794921875,0.0280304215848445892333984375,-0.99851500988006591796875";
                    1 = xpoint3:"0.0356402434408664703369140625,-0.998923003673553466796875,-0.0297091864049434661865234375";
                    2 = xpoint3:"-0.998272359371185302734375,-0.0369751043617725372314453125,0.0456629693508148193359375";
                  }
                }
              }
            }
          }
          #2 = {
            scale = fixp:"1";
            name = str:"Bip01 R Thigh01";
            translation = xpoint3:"0,0,-28.689373016357421875";
            rotation = {
              0 = xpoint3:"-0.97210180759429931640625,0.11727575957775115966796875,0.19596539437770843505859375";
              1 = xpoint3:"0.0489847362041473388671875,0.945377171039581298828125,-0.322153985500335693359375";
              2 = xpoint3:"-0.22306172549724578857421875,-0.304021537303924560546875,-0.924673557281494140625";
            }
            #0 = {
              scale = fixp:"1";
              name = str:"Bip01 R Calf01";
              translation = xpoint3:"83.5140380859375,-0.502773821353912353515625,1.52143633365631103515625";
              rotation = {
                0 = xpoint3:"0.77995932102203369140625,0.625575006008148193359375,0";
                1 = xpoint3:"-0.625575006008148193359375,0.77995932102203369140625,0";
                2 = xpoint3:"0,0,1";
              }
              #0 = {
                scale = fixp:"1";
                name = str:"Bip01 R Foot01";
                translation = xpoint3:"71.67089080810546875,-0.567364513874053955078125,-1.43641364574432373046875";
                rotation = {
                  0 = xpoint3:"0.823542535305023193359375,-0.535394251346588134765625,0.1867474019527435302734375";
                  1 = xpoint3:"0.530373871326446533203125,0.843821823596954345703125,0.080259568989276885986328125";
                  2 = xpoint3:"-0.200562059879302978515625,0.033030986785888671875,0.979108512401580810546875";
                }
                #0 = {
                  scale = fixp:"1";
                  name = str:"Bip01 R Toe01";
                  translation = xpoint3:"41.85988616943359375,54.156524658203125,1.45089256763458251953125";
                  rotation = {
                    0 = xpoint3:"0,-0.9992744922637939453125,0";
                    1 = xpoint3:"0.9992744922637939453125,0,0";
                    2 = xpoint3:"0,0,1";
                  }
                }
                #1 = {
                  scale = fixp:"1";
                  name = str:"pt_foot@#1";
                  translation = xpoint3:"9.02624225616455078125,16.416034698486328125,-0.697861850261688232421875";
                  rotation = {
                    0 = xpoint3:"0.0028509176336228847503662109375,-0.0249541513621807098388671875,-0.999684512615203857421875";
                    1 = xpoint3:"0.0270090401172637939453125,-0.999321997165679931640625,0.025022126734256744384765625";
                    2 = xpoint3:"-0.999631106853485107421875,-0.027071855962276458740234375,-0.002174996770918369293212890625";
                  }
                }
                #2 = {
                  scale = fixp:"1";
                  name = str:"pt_footprint02";
                  translation = xpoint3:"42.04093170166015625,15.5935420989990234375,-0.055218003690242767333984375";
                  rotation = {
                    0 = xpoint3:"0,-0.02254758775234222412109375,-0.999745786190032958984375";
                    1 = xpoint3:"0.0265724956989288330078125,-0.9993927478790283203125,0.02254003472626209259033203125";
                    2 = xpoint3:"-0.9996469020843505859375,-0.02656608633697032928466796875,0";
                  }
                }
              }
            }
          }
        }
        #1 = {
          scale = fixp:"1";
          name = str:"pt_center";
          translation = xpoint3:"-0.67371189594268798828125,-0.690721094608306884765625,34.101634979248046875";
          rotation = {
            0 = xpoint3:"0.573578894138336181640625,-0.81915032863616943359375,0";
            1 = xpoint3:"0.81915032863616943359375,0.573578894138336181640625,0";
            2 = xpoint3:"0,0,1";
          }
        }
        #2 = {
          scale = fixp:"1";
          name = str:"pt_cast";
          translation = xpoint3:"64.47882080078125,-45.58272552490234375,66.888336181640625";
          rotation = {
            0 = xpoint3:"0.573577940464019775390625,-0.819150984287261962890625,0";
            1 = xpoint3:"0.819150984287261962890625,0.573577940464019775390625,0";
            2 = xpoint3:"0,0,1";
          }
        }
      }
      #1 = {
        scale = fixp:"1";
        name = str:"pt_top";
        translation = xpoint3:"-0.578537881374359130859375,0.069835759699344635009765625,389.6424560546875";
        rotation = {
          0 = xpoint3:"0,0,1";
          1 = xpoint3:"0,-1,0";
          2 = xpoint3:"1,0,0";
        }
      }
      #2 = {
        scale = fixp:"1";
        name = str:"pt_aim";
        translation = xpoint3:"-64.04251861572265625,-202.3419952392578125,247.0992431640625";
        rotation = {
          0 = xpoint3:"1,0,0";
          1 = xpoint3:"0,1,0";
          2 = xpoint3:"0,0,1";
        }
      }
      #3 = {
        scale = fixp:"1";
        name = str:"pt_ground";
        translation = xpoint3:"0,0,0";
        rotation = {
          0 = xpoint3:"1,0,0";
          1 = xpoint3:"0,1,0";
          2 = xpoint3:"0,0,1";
        }
      }
    }
  }
  #1 = {
    scale = fixp:"1";
    name = str:"commander_gun";
    translation = xpoint3:"-11.42403697967529296875,-100,103.23187255859375";
    rotation = {
      0 = xpoint3:"1,0,0";
      1 = xpoint3:"0,1,0";
      2 = xpoint3:"0,0,1";
    }
  }
}