model = {
  file = str:"data\models\units\queen\queen_protector.nif";
  animation = {
    loop = fixp:"0";
    duration = fixp:"15.66666698455810546875";
  }
  #1 = {
    scale = fixp:"1";
    name = str:"ROOT";
    translation = xpoint3:"0,0,0";
    rotation = {
      0 = xpoint3:"1,0,0";
      1 = xpoint3:"0,1,0";
      2 = xpoint3:"0,0,1";
    }
    #0 = {
      scale = fixp:"1";
      name = str:"Bip01";
      translation = xpoint3:"0.2997493743896484375,-0.082048334181308746337890625,289.32373046875";
      rotation = {
        0 = xpoint3:"1,0,0";
        1 = xpoint3:"0,0.97710788249969482421875,0.21274445950984954833984375";
        2 = xpoint3:"0,-0.21274445950984954833984375,0.97710788249969482421875";
      }
      #0 = {
        scale = fixp:"1";
        name = str:"Box03";
        translation = xpoint3:"3.1639881134033203125,-54.84246063232421875,-29.964778900146484375";
        rotation = {
          0 = xpoint3:"1,0,0";
          1 = xpoint3:"0,0.9998223781585693359375,-0.01884844340384006500244140625";
          2 = xpoint3:"0,0.01884844340384006500244140625,0.9998223781585693359375";
        }
        #0 = {
          scale = fixp:"1";
          name = str:"Box04";
          translation = xpoint3:"-2.109323024749755859375,-75.96347808837890625,30.149364471435546875";
          rotation = {
            0 = xpoint3:"1,0,0";
            1 = xpoint3:"0,0.935180246829986572265625,-0.3541721999645233154296875";
            2 = xpoint3:"0,0.3541721999645233154296875,0.935180246829986572265625";
          }
          #0 = {
            scale = fixp:"1";
            name = str:"Bone_Gun";
            translation = xpoint3:"-1.35442066192626953125,-10.54689788818359375,-17.871234893798828125";
            rotation = {
              0 = xpoint3:"0,0,-0.9992744922637939453125";
              1 = xpoint3:"-0.8437671661376953125,-0.534630715847015380859375,0";
              2 = xpoint3:"-0.5353562831878662109375,0.8437671661376953125,0";
            }
            #0 = {
              scale = fixp:"1";
              name = str:"pt_shoot_1";
              translation = xpoint3:"44.869373321533203125,-1.4910488128662109375,0";
              rotation = {
                0 = xpoint3:"0,-0.927615225315093994140625,-0.37353718280792236328125";
                1 = xpoint3:"0,-0.37353718280792236328125,0.927615225315093994140625";
                2 = xpoint3:"-1,0,0";
              }
            }
          }
          #1 = {
            scale = fixp:"1";
            name = str:"pt_head";
            translation = xpoint3:"-1.3544213771820068359375,-36.6993255615234375,-15.15793323516845703125";
            rotation = {
              0 = xpoint3:"1,0,0";
              1 = xpoint3:"0,0.983380258083343505859375,-0.181557953357696533203125";
              2 = xpoint3:"0,0.181557953357696533203125,0.983380258083343505859375";
            }
          }
        }
        #1 = {
          scale = fixp:"1";
          name = str:"Bone20";
          translation = xpoint3:"-71.771331787109375,-6.315488338470458984375,-6.1177883148193359375";
          rotation = {
            0 = xpoint3:"0.3939527571201324462890625,-0.915076673030853271484375,0.08623190224170684814453125";
            1 = xpoint3:"-0.895140230655670166015625,-0.4032731950283050537109375,-0.18998636305332183837890625";
            2 = xpoint3:"0.20862708985805511474609375,-0.00234399735927581787109375,-0.977992534637451171875";
          }
          #0 = {
            scale = fixp:"1";
            name = str:"Bone21";
            translation = xpoint3:"-42.49617767333984375,0,0";
            rotation = {
              0 = xpoint3:"0.9278881549835205078125,0.302502572536468505859375,0.2179811298847198486328125";
              1 = xpoint3:"-0.292488753795623779296875,0.953112661838531494140625,-0.077631376683712005615234375";
              2 = xpoint3:"-0.231244266033172607421875,0.008276201784610748291015625,0.972860515117645263671875";
            }
            #0 = {
              scale = fixp:"1";
              name = str:"Bone22";
              translation = xpoint3:"-29.3419780731201171875,0,0";
              rotation = {
                0 = xpoint3:"0.97039330005645751953125,-0.082094542682170867919921875,0.2271504700183868408203125";
                1 = xpoint3:"0.086111061275005340576171875,0.99625492095947265625,-0.007811996154487133026123046875";
                2 = xpoint3:"-0.2256584465503692626953125,0.0271408744156360626220703125,0.97382831573486328125";
              }
              #0 = {
                scale = fixp:"1";
                name = str:"Bone23";
                translation = xpoint3:"-22.49219512939453125,0,0";
                rotation = {
                  0 = xpoint3:"0.937731564044952392578125,-0.34617102146148681640625,0.02872486971318721771240234375";
                  1 = xpoint3:"0.340710163116455078125,0.9005229473114013671875,-0.270138919353485107421875";
                  2 = xpoint3:"0.067646868526935577392578125,0.263104617595672607421875,0.962392747402191162109375";
                }
                #0 = {
                  scale = fixp:"1";
                  name = str:"Bone24";
                  translation = xpoint3:"-29.3956146240234375,0,0";
                  rotation = {
                    0 = xpoint3:"0.948916256427764892578125,-0.309232652187347412109375,0.06271414458751678466796875";
                    1 = xpoint3:"0.290329635143280029296875,0.93354701995849609375,0.21023480594158172607421875";
                    2 = xpoint3:"-0.12355805933475494384765625,-0.18128745257854461669921875,0.975637376308441162109375";
                  }
                  #0 = {
                    scale = fixp:"1";
                    name = str:"Bone25";
                    translation = xpoint3:"-14.083744049072265625,0,0";
                    rotation = {
                      0 = xpoint3:"0.98429977893829345703125,0.038839586079120635986328125,-0.172178328037261962890625";
                      1 = xpoint3:"0.01778055541217327117919921875,0.94870769977569580078125,0.31565415859222412109375";
                      2 = xpoint3:"0.175606787204742431640625,-0.313759744167327880859375,0.933122217655181884765625";
                    }
                    #0 = {
                      scale = fixp:"1";
                      name = str:"Bone26";
                      translation = xpoint3:"-16.1571483612060546875,0,0";
                      rotation = {
                        0 = xpoint3:"0.9906079769134521484375,0.08744509518146514892578125,-0.105114869773387908935546875";
                        1 = xpoint3:"-0.0769514143466949462890625,0.992002010345458984375,0.1000525951385498046875";
                        2 = xpoint3:"0.113023273646831512451171875,-0.0910241603851318359375,0.989414155483245849609375";
                      }
                    }
                  }
                }
              }
            }
          }
        }
        #2 = {
          scale = fixp:"1";
          name = str:"Bone27";
          translation = xpoint3:"-75.12168121337890625,-33.120037078857421875,-15.55562305450439453125";
          rotation = {
            0 = xpoint3:"0.594724953174591064453125,-0.70974719524383544921875,0.3775728642940521240234375";
            1 = xpoint3:"-0.60610783100128173828125,-0.704397141933441162109375,-0.3694024980068206787109375";
            2 = xpoint3:"0.528143584728240966796875,-0.0091569423675537109375,-0.8491058349609375";
          }
          #0 = {
            scale = fixp:"1";
            name = str:"Bone28";
            translation = xpoint3:"-56.03745269775390625,0,0";
            rotation = {
              0 = xpoint3:"0.9409744739532470703125,0.3083027303218841552734375,0.1397013366222381591796875";
              1 = xpoint3:"-0.2708214819431304931640625,0.93334674835205078125,-0.235625922679901123046875";
              2 = xpoint3:"-0.2030338943004608154296875,0.183883845806121826171875,0.961750447750091552734375";
            }
            #0 = {
              scale = fixp:"1";
              name = str:"Bone29";
              translation = xpoint3:"-17.968235015869140625,0,0";
              rotation = {
                0 = xpoint3:"0.9882557392120361328125,-0.084117583930492401123046875,0.1275726854801177978515625";
                1 = xpoint3:"0.0606098957359790802001953125,0.98214805126190185546875,0.17807765305042266845703125";
                2 = xpoint3:"-0.1402747333049774169921875,-0.16825409233570098876953125,0.975711822509765625";
              }
              #0 = {
                scale = fixp:"1";
                name = str:"Bone30";
                translation = xpoint3:"-20.6957550048828125,0,0";
                rotation = {
                  0 = xpoint3:"0.9191057682037353515625,-0.3925277888774871826171875,-0.03415428102016448974609375";
                  1 = xpoint3:"0.3179093301296234130859375,0.68758451938629150390625,0.65281021595001220703125";
                  2 = xpoint3:"-0.23276223242282867431640625,-0.6108596324920654296875,0.756751120090484619140625";
                }
                #0 = {
                  scale = fixp:"1";
                  name = str:"Bone31";
                  translation = xpoint3:"-30.207366943359375,0,0";
                  rotation = {
                    0 = xpoint3:"0.933649837970733642578125,-0.24077527225017547607421875,-0.26518917083740234375";
                    1 = xpoint3:"0.20812891423702239990234375,0.9672298431396484375,-0.14542637765407562255859375";
                    2 = xpoint3:"0.291513919830322265625,0.0805837810039520263671875,0.9531662464141845703125";
                  }
                  #0 = {
                    scale = fixp:"1";
                    name = str:"Bone32";
                    translation = xpoint3:"-18.6056880950927734375,0,0";
                    rotation = {
                      0 = xpoint3:"0.985999643802642822265625,-0.07761137187480926513671875,-0.147584438323974609375";
                      1 = xpoint3:"0.0770340859889984130859375,0.996981918811798095703125,-0.00963213108479976654052734375";
                      2 = xpoint3:"0.147886574268341064453125,-0.00187175534665584564208984375,0.989002525806427001953125";
                    }
                    #0 = {
                      scale = fixp:"1";
                      name = str:"Bone33";
                      translation = xpoint3:"-15.75133228302001953125,0,0";
                      rotation = {
                        0 = xpoint3:"0.96675741672515869140625,-0.12666632235050201416015625,-0.22211654484272003173828125";
                        1 = xpoint3:"0.1138403713703155517578125,0.991052567958831787109375,-0.06967942416667938232421875";
                        2 = xpoint3:"0.22895519435405731201171875,0.0420772694051265716552734375,0.97252714633941650390625";
                      }
                    }
                  }
                }
              }
            }
          }
        }
        #3 = {
          scale = fixp:"1";
          name = str:"Bone34";
          translation = xpoint3:"-85.57222747802734375,-41.638622283935546875,-22.3182315826416015625";
          rotation = {
            0 = xpoint3:"0.81359827518463134765625,-0.21085180342197418212890625,0.54184806346893310546875";
            1 = xpoint3:"-0.16021759808063507080078125,-0.977150022983551025390625,-0.13967211544513702392578125";
            2 = xpoint3:"0.55891692638397216796875,0.02682340145111083984375,-0.828789770603179931640625";
          }
          #0 = {
            scale = fixp:"1";
            name = str:"Bone35";
            translation = xpoint3:"-30.83431243896484375,0,0";
            rotation = {
              0 = xpoint3:"0.890139877796173095703125,-0.4534776508808135986328125,0.044821612536907196044921875";
              1 = xpoint3:"0.4431111514568328857421875,0.8843250274658203125,0.14704357087612152099609375";
              2 = xpoint3:"-0.106317840516567230224609375,-0.11102838814258575439453125,0.988113939762115478515625";
            }
            #0 = {
              scale = fixp:"1";
              name = str:"Bone36";
              translation = xpoint3:"-32.84344482421875,0,0";
              rotation = {
                0 = xpoint3:"0.979906022548675537109375,-0.0221837721765041351318359375,0.1982221901416778564453125";
                1 = xpoint3:"-0.0171801745891571044921875,0.980715334415435791015625,0.194685161113739013671875";
                2 = xpoint3:"-0.1987183988094329833984375,-0.1941786706447601318359375,0.960627734661102294921875";
              }
            }
          }
        }
        #4 = {
          scale = fixp:"1";
          name = str:"Bone03";
          translation = xpoint3:"64.7962188720703125,-6.315488338470458984375,-6.1177883148193359375";
          rotation = {
            0 = xpoint3:"0.398554980754852294921875,-0.915137946605682373046875,0.0606343261897563934326171875";
            1 = xpoint3:"0.905596911907196044921875,0.403133928775787353515625,0.1318232119083404541015625";
            2 = xpoint3:"-0.1450801789760589599609375,0.002371452748775482177734375,0.98941707611083984375";
          }
          #0 = {
            scale = fixp:"1";
            name = str:"Bone04";
            translation = xpoint3:"42.49617767333984375,0,0";
            rotation = {
              0 = xpoint3:"0.943579137325286865234375,0.3018074929714202880859375,0.13627405464649200439453125";
              1 = xpoint3:"-0.2974348962306976318359375,0.953331768512725830078125,-0.0518756806850433349609375";
              2 = xpoint3:"-0.14557085931301116943359375,0.00841615535318851470947265625,0.98931205272674560546875";
            }
            #0 = {
              scale = fixp:"1";
              name = str:"Bone05";
              translation = xpoint3:"29.34197235107421875,0,0";
              rotation = {
                0 = xpoint3:"0.9702055454254150390625,-0.08209688961505889892578125,0.22795009613037109375";
                1 = xpoint3:"0.08611543476581573486328125,0.996255218982696533203125,-0.00772192887961864471435546875";
                2 = xpoint3:"-0.226462543010711669921875,0.02712188102304935455322265625,0.973642170429229736328125";
              }
              #0 = {
                scale = fixp:"1";
                name = str:"Bone06";
                translation = xpoint3:"22.4921932220458984375,0,0";
                rotation = {
                  0 = xpoint3:"0.93569386005401611328125,-0.345312893390655517578125,0.07235993444919586181640625";
                  1 = xpoint3:"0.35200536251068115234375,0.899837970733642578125,-0.257650673389434814453125";
                  2 = xpoint3:"0.02385788969695568084716796875,0.266553223133087158203125,0.963524878025054931640625";
                }
                #0 = {
                  scale = fixp:"1";
                  name = str:"Bone07";
                  translation = xpoint3:"29.395610809326171875,0,0";
                  rotation = {
                    0 = xpoint3:"0.95103490352630615234375,-0.308970391750335693359375,-0.00836404971778392791748046875";
                    1 = xpoint3:"0.304804325103759765625,0.933036983013153076171875,0.19114468991756439208984375";
                    2 = xpoint3:"-0.05125407874584197998046875,-0.18433465063571929931640625,0.98152625560760498046875";
                  }
                  #0 = {
                    scale = fixp:"1";
                    name = str:"Bone08";
                    translation = xpoint3:"14.083740234375,0,0";
                    rotation = {
                      0 = xpoint3:"0.971135616302490234375,0.038774691522121429443359375,-0.23535536229610443115234375";
                      1 = xpoint3:"0.037999264895915985107421875,0.9489486217498779296875,0.313133418560028076171875";
                      2 = xpoint3:"0.23548181354999542236328125,-0.313038349151611328125,0.920084416866302490234375";
                    }
                    #0 = {
                      scale = fixp:"1";
                      name = str:"Bone09";
                      translation = xpoint3:"16.1571369171142578125,0,0";
                      rotation = {
                        0 = xpoint3:"0.995929718017578125,0.087517797946929931640625,-0.02155595086514949798583984375";
                        1 = xpoint3:"-0.08514411747455596923828125,0.9919650554656982421875,0.093572668731212615966796875";
                        2 = xpoint3:"0.02957202307879924774169921875,-0.091356433928012847900390625,0.99537909030914306640625";
                      }
                    }
                  }
                }
              }
            }
          }
        }
        #5 = {
          scale = fixp:"1";
          name = str:"Bone11";
          translation = xpoint3:"68.1457977294921875,-31.772113800048828125,-15.55560588836669921875";
          rotation = {
            0 = xpoint3:"0.637412726879119873046875,-0.7106063365936279296875,0.2978987991809844970703125";
            1 = xpoint3:"0.64961254596710205078125,0.70352137088775634765625,0.288203537464141845703125";
            2 = xpoint3:"-0.4143774211406707763671875,0.00981418788433074951171875,0.910052239894866943359375";
          }
          #0 = {
            scale = fixp:"1";
            name = str:"Bone12";
            translation = xpoint3:"56.0374298095703125,0,0";
            rotation = {
              0 = xpoint3:"0.902420103549957275390625,0.3083029091358184814453125,0.3009771406650543212890625";
              1 = xpoint3:"-0.22579132020473480224609375,0.933346688747406005859375,-0.2790738642215728759765625";
              2 = xpoint3:"-0.3669553101062774658203125,0.1838838160037994384765625,0.911882936954498291015625";
            }
            #0 = {
              scale = fixp:"1";
              name = str:"Bone13";
              translation = xpoint3:"17.968242645263671875,0,0";
              rotation = {
                0 = xpoint3:"0.9882557392120361328125,-0.08411760628223419189453125,0.1275726854801177978515625";
                1 = xpoint3:"0.0606099180877208709716796875,0.98214805126190185546875,0.17807765305042266845703125";
                2 = xpoint3:"-0.1402747333049774169921875,-0.16825409233570098876953125,0.975711822509765625";
              }
              #0 = {
                scale = fixp:"1";
                name = str:"Bone14";
                translation = xpoint3:"20.69576263427734375,0,0";
                rotation = {
                  0 = xpoint3:"0.874144077301025390625,-0.4699935019016265869140625,-0.12238562107086181640625";
                  1 = xpoint3:"0.4452141225337982177734375,0.674786865711212158203125,0.5885975360870361328125";
                  2 = xpoint3:"-0.19405281543731689453125,-0.56900680065155029296875,0.799108684062957763671875";
                }
                #0 = {
                  scale = fixp:"1";
                  name = str:"Bone15";
                  translation = xpoint3:"30.207378387451171875,0,0";
                  rotation = {
                    0 = xpoint3:"0.953151404857635498046875,-0.24099780619144439697265625,-0.18281807005405426025390625";
                    1 = xpoint3:"0.22026406228542327880859375,0.967189311981201171875,-0.12660396099090576171875";
                    2 = xpoint3:"0.20733095705509185791015625,0.080404482781887054443359375,0.9749610424041748046875";
                  }
                  #0 = {
                    scale = fixp:"1";
                    name = str:"Bone16";
                    translation = xpoint3:"18.6056880950927734375,0,0";
                    rotation = {
                      0 = xpoint3:"0.985999643802642822265625,-0.07761137187480926513671875,-0.147584438323974609375";
                      1 = xpoint3:"0.0770340859889984130859375,0.996981918811798095703125,-0.00963213108479976654052734375";
                      2 = xpoint3:"0.147886574268341064453125,-0.00187175534665584564208984375,0.989002525806427001953125";
                    }
                    #0 = {
                      scale = fixp:"1";
                      name = str:"Bone17";
                      translation = xpoint3:"15.7513275146484375,0,0";
                      rotation = {
                        0 = xpoint3:"0.96675741672515869140625,-0.12666629254817962646484375,-0.22211654484272003173828125";
                        1 = xpoint3:"0.1138403415679931640625,0.991052567958831787109375,-0.06967942416667938232421875";
                        2 = xpoint3:"0.22895519435405731201171875,0.0420772768557071685791015625,0.97252714633941650390625";
                      }
                    }
                  }
                }
              }
            }
          }
        }
        #6 = {
          scale = fixp:"1";
          name = str:"Bone10";
          translation = xpoint3:"78.1116180419921875,-41.638622283935546875,-22.3182315826416015625";
          rotation = {
            0 = xpoint3:"0.813598215579986572265625,-0.2108518183231353759765625,0.541848242282867431640625";
            1 = xpoint3:"0.1602176129817962646484375,0.97714996337890625,0.13967208564281463623046875";
            2 = xpoint3:"-0.558917105197906494140625,-0.0268233232200145721435546875,0.82878959178924560546875";
          }
          #0 = {
            scale = fixp:"1";
            name = str:"Bone18";
            translation = xpoint3:"30.8343296051025390625,0,0";
            rotation = {
              0 = xpoint3:"0.890139877796173095703125,-0.4534776508808135986328125,0.044821612536907196044921875";
              1 = xpoint3:"0.4431111514568328857421875,0.8843250274658203125,0.14704357087612152099609375";
              2 = xpoint3:"-0.106317840516567230224609375,-0.11102838814258575439453125,0.988113939762115478515625";
            }
            #0 = {
              scale = fixp:"1";
              name = str:"Bone19";
              translation = xpoint3:"32.84346771240234375,0,0";
              rotation = {
                0 = xpoint3:"0.979906022548675537109375,-0.0221837721765041351318359375,0.1982221901416778564453125";
                1 = xpoint3:"-0.0171801745891571044921875,0.980715334415435791015625,0.194685161113739013671875";
                2 = xpoint3:"-0.1987183988094329833984375,-0.1941786706447601318359375,0.960627734661102294921875";
              }
            }
          }
        }
        #7 = {
          scale = fixp:"1";
          name = str:"pt_chest";
          translation = xpoint3:"-3.463739871978759765625,-10.85734462738037109375,43.5487823486328125";
          rotation = {
            0 = xpoint3:"1,0,0";
            1 = xpoint3:"0,0.932303369045257568359375,-0.3616771996021270751953125";
            2 = xpoint3:"0,0.3616771996021270751953125,0.932303369045257568359375";
          }
        }
      }
      #1 = {
        scale = fixp:"1";
        name = str:"pt_center";
        translation = xpoint3:"-0.2997493743896484375,-0.862169563770294189453125,4.345434665679931640625";
        rotation = {
          0 = xpoint3:"1,0,0";
          1 = xpoint3:"0,0.97710788249969482421875,-0.2127444744110107421875";
          2 = xpoint3:"0,0.2127444744110107421875,0.97710788249969482421875";
        }
      }
    }
    #1 = {
      scale = fixp:"1";
      name = str:"pt_ground";
      translation = xpoint3:"0,0,0";
      rotation = {
        0 = xpoint3:"1,0,0";
        1 = xpoint3:"0,1,0";
        2 = xpoint3:"0,0,1";
      }
    }
    #2 = {
      scale = fixp:"1";
      name = str:"pt_top";
      translation = xpoint3:"0,0,397.701324462890625";
      rotation = {
        0 = xpoint3:"1,0,0";
        1 = xpoint3:"0,1,0";
        2 = xpoint3:"0,0,1";
      }
    }
    #3 = {
      scale = fixp:"1";
      name = str:"pt_aim";
      translation = xpoint3:"0,1.82622516155242919921875,314.35345458984375";
      rotation = {
        0 = xpoint3:"1,0,0";
        1 = xpoint3:"0,1,0";
        2 = xpoint3:"0,0,1";
      }
    }
  }
}