model = {
  file = str:"data\models\lifeforms\arachnoid\arachnoid.nif";
  animation = {
    loop = fixp:"0";
    duration = fixp:"12";
  }
  #0 = {
    scale = fixp:"1";
    name = str:"arachnoid";
    translation = xpoint3:"0,0,0";
    rotation = {
      0 = xpoint3:"1,0,0";
      1 = xpoint3:"0,1,0";
      2 = xpoint3:"0,0,1";
    }
  }
  #2 = {
    scale = fixp:"1";
    name = str:"ROOT";
    translation = xpoint3:"0,0,0";
    rotation = {
      0 = xpoint3:"1,0,0";
      1 = xpoint3:"0,1,0";
      2 = xpoint3:"0,0,1";
    }
    #2 = {
      scale = fixp:"1";
      name = str:"ROOT NonAccum";
      translation = xpoint3:"0,0,0";
      rotation = {
        0 = xpoint3:"1,0,0";
        1 = xpoint3:"0,1,0";
        2 = xpoint3:"0,0,1";
      }
      #0 = {
        scale = fixp:"1";
        name = str:"Bip01";
        translation = xpoint3:"0,30.294986724853515625,49.708721160888671875";
        rotation = {
          0 = xpoint3:"0,0,-0.999999940395355224609375";
          1 = xpoint3:"-0.999999940395355224609375,0,0";
          2 = xpoint3:"0,0.999999940395355224609375,0";
        }
        #0 = {
          scale = fixp:"1";
          name = str:"Box01";
          translation = xpoint3:"0,0,0";
          rotation = {
            0 = xpoint3:"0,-0.99999988079071044921875,0";
            1 = xpoint3:"0,0,0.99999988079071044921875";
            2 = xpoint3:"-0.99999988079071044921875,0,0";
          }
          #0 = {
            scale = fixp:"1";
            name = str:"Bone16";
            translation = xpoint3:"30.5314693450927734375,-38.269855499267578125,-17.5260143280029296875";
            rotation = {
              0 = xpoint3:"0.513162136077880859375,0.4974348545074462890625,-0.698939740657806396484375";
              1 = xpoint3:"-0.29037988185882568359375,0.86738109588623046875,0.403902351856231689453125";
              2 = xpoint3:"0.807240784168243408203125,-0.00401924550533294677734375,0.58970391750335693359375";
            }
            #0 = {
              scale = fixp:"1";
              name = str:"Bone17";
              translation = xpoint3:"77.2119903564453125,0,0";
              rotation = {
                0 = xpoint3:"-0.17113707959651947021484375,0.291862785816192626953125,0.94012165069580078125";
                1 = xpoint3:"-0.115863583981990814208984375,0.942436516284942626953125,-0.3135370910167694091796875";
                2 = xpoint3:"-0.97754192352294921875,-0.1629293859004974365234375,-0.12739606201648712158203125";
              }
              #0 = {
                scale = fixp:"1";
                name = str:"Bone18";
                translation = xpoint3:"132.2328948974609375,0,0";
                rotation = {
                  0 = xpoint3:"0.828994095325469970703125,0.00599060952663421630859375,-0.559003353118896484375";
                  1 = xpoint3:"0.102790214121341705322265625,0.981274425983428955078125,0.16281116008758544921875";
                  2 = xpoint3:"0.54950416088104248046875,-0.192451059818267822265625,0.812856853008270263671875";
                }
              }
              #1 = {
                scale = fixp:"1";
                name = str:"pt_foot";
                translation = xpoint3:"128.2801055908203125,0.696992576122283935546875,3.47902393341064453125";
                rotation = {
                  0 = xpoint3:"0.514887154102325439453125,-0.4255574643611907958984375,-0.744172036647796630859375";
                  1 = xpoint3:"0.73734581470489501953125,0.662646591663360595703125,0.13122729957103729248046875";
                  2 = xpoint3:"0.437278330326080322265625,-0.616279423236846923828125,0.65497124195098876953125";
                }
              }
              #2 = {
                scale = fixp:"1";
                name = str:"pt_footprint05";
                translation = xpoint3:"132.2329864501953125,0,0";
                rotation = {
                  0 = xpoint3:"0.5148870944976806640625,-0.425557434558868408203125,-0.74417209625244140625";
                  1 = xpoint3:"0.737345755100250244140625,0.662646710872650146484375,0.131227195262908935546875";
                  2 = xpoint3:"0.4372784793376922607421875,-0.6162793636322021484375,0.654971182346343994140625";
                }
              }
            }
          }
          #1 = {
            scale = fixp:"1";
            name = str:"Bone19";
            translation = xpoint3:"33.5053863525390625,-17.8241214752197265625,-17.526012420654296875";
            rotation = {
              0 = xpoint3:"0.5906341075897216796875,-0.010152719914913177490234375,-0.806507408618927001953125";
              1 = xpoint3:"0.0060633160173892974853515625,0.999948441982269287109375,-0.008143790997564792633056640625";
              2 = xpoint3:"0.806548535823822021484375,0,0.590665280818939208984375";
            }
            #0 = {
              scale = fixp:"1";
              name = str:"Bone20";
              translation = xpoint3:"113.2314300537109375,0,0";
              rotation = {
                0 = xpoint3:"-0.31741440296173095703125,0.3649661540985107421875,0.87414872646331787109375";
                1 = xpoint3:"-0.11772103607654571533203125,0.900475561618804931640625,-0.4184986650943756103515625";
                2 = xpoint3:"-0.93993508815765380859375,-0.2362182438373565673828125,-0.24273331463336944580078125";
              }
              #0 = {
                scale = fixp:"1";
                name = str:"Bone21";
                translation = xpoint3:"152.084503173828125,0,0";
                rotation = {
                  0 = xpoint3:"0.6971037387847900390625,0.00754411518573760986328125,-0.716623961925506591796875";
                  1 = xpoint3:"0.18088869750499725341796875,0.965741634368896484375,0.1859373152256011962890625";
                  2 = xpoint3:"0.693459570407867431640625,-0.2592999935150146484375,0.671863973140716552734375";
                }
              }
              #1 = {
                scale = fixp:"1";
                name = str:"pt_foot@#0";
                translation = xpoint3:"147.782012939453125,0.821890056133270263671875,2.9781916141510009765625";
                rotation = {
                  0 = xpoint3:"0.5724170207977294921875,-0.11206690967082977294921875,-0.81226825714111328125";
                  1 = xpoint3:"0.39725017547607421875,0.904499232769012451171875,0.155156075954437255859375";
                  2 = xpoint3:"0.71730816364288330078125,-0.41148769855499267578125,0.562269389629364013671875";
                }
              }
              #2 = {
                scale = fixp:"1";
                name = str:"pt_footprint06";
                translation = xpoint3:"152.1187896728515625,-0.0065221204422414302825927734375,-0.0237926431000232696533203125";
                rotation = {
                  0 = xpoint3:"0.57241761684417724609375,-0.112067304551601409912109375,-0.812267780303955078125";
                  1 = xpoint3:"0.3972502648830413818359375,0.904499232769012451171875,0.15515606105327606201171875";
                  2 = xpoint3:"0.71730768680572509765625,-0.4114876687526702880859375,0.56227004528045654296875";
                }
              }
            }
          }
          #2 = {
            scale = fixp:"1";
            name = str:"Bone22";
            translation = xpoint3:"30.1597156524658203125,3.736821651458740234375,-17.5260028839111328125";
            rotation = {
              0 = xpoint3:"0.3806331455707550048828125,-0.731965482234954833984375,-0.564310371875762939453125";
              1 = xpoint3:"0.418548285961151123046875,0.68095433712005615234375,-0.60054600238800048828125";
              2 = xpoint3:"0.824037015438079833984375,-0.0080449879169464111328125,0.56592261791229248046875";
            }
            #0 = {
              scale = fixp:"1";
              name = str:"Bone23";
              translation = xpoint3:"87.67401123046875,0,0";
              rotation = {
                0 = xpoint3:"-0.282345831394195556640625,0.57901895046234130859375,0.7636470794677734375";
                1 = xpoint3:"-0.2337400615215301513671875,0.731228291988372802734375,-0.640531599521636962890625";
                2 = xpoint3:"-0.92940056324005126953125,-0.360072433948516845703125,-0.07077075541019439697265625";
              }
              #0 = {
                scale = fixp:"1";
                name = str:"Bone24";
                translation = xpoint3:"137.82891845703125,0,0";
                rotation = {
                  0 = xpoint3:"0.77758944034576416015625,0,-0.628515660762786865234375";
                  1 = xpoint3:"0.25628745555877685546875,0.913149356842041015625,0.3167791068553924560546875";
                  2 = xpoint3:"0.573889076709747314453125,-0.4074705541133880615234375,0.71006929874420166015625";
                }
              }
              #1 = {
                scale = fixp:"1";
                name = str:"pt_foot@#1";
                translation = xpoint3:"133.8282012939453125,1.4156208038330078125,3.140686511993408203125";
                rotation = {
                  0 = xpoint3:"0.5888736248016357421875,0.2810800075531005859375,-0.757774293422698974609375";
                  1 = xpoint3:"-0.1116987764835357666015625,0.956884443759918212890625,0.2681334316730499267578125";
                  2 = xpoint3:"0.800469338893890380859375,-0.0732542574405670166015625,0.5948803424835205078125";
                }
              }
              #2 = {
                scale = fixp:"1";
                name = str:"pt_footprint04";
                translation = xpoint3:"137.8289642333984375,0,0";
                rotation = {
                  0 = xpoint3:"0.5888729095458984375,0.2810794413089752197265625,-0.757775008678436279296875";
                  1 = xpoint3:"-0.111697785556316375732421875,0.956884562969207763671875,0.2681333720684051513671875";
                  2 = xpoint3:"0.800470054149627685546875,-0.073254682123661041259765625,0.5948793888092041015625";
                }
              }
            }
          }
          #3 = {
            scale = fixp:"1";
            name = str:"Bone03";
            translation = xpoint3:"-29.6898593902587890625,3.365988254547119140625,-17.5260028839111328125";
            rotation = {
              0 = xpoint3:"-0.39592993259429931640625,-0.72472679615020751953125,0.562125027179718017578125";
              1 = xpoint3:"0.4227832257747650146484375,-0.687244415283203125,-0.588643133640289306640625";
              2 = xpoint3:"0.813921272754669189453125,0.004171431064605712890625,0.58043587207794189453125";
            }
            #0 = {
              scale = fixp:"1";
              name = str:"Bone06";
              translation = xpoint3:"87.69837188720703125,0,0";
              rotation = {
                0 = xpoint3:"-0.272313892841339111328125,-0.562797486782073974609375,0.779267370700836181640625";
                1 = xpoint3:"0.22202156484127044677734375,0.75199186801910400390625,0.620366573333740234375";
                2 = xpoint3:"-0.935256659984588623046875,0.342647373676300048828125,-0.07950477302074432373046875";
              }
              #0 = {
                scale = fixp:"1";
                name = str:"pt_foot@#2";
                translation = xpoint3:"131.5120849609375,-1.39183223247528076171875,3.2056620121002197265625";
                rotation = {
                  0 = xpoint3:"-0.579173564910888671875,0.282761991024017333984375,-0.764593780040740966796875";
                  1 = xpoint3:"-0.12880225479602813720703125,-0.957876741886138916015625,-0.2566752135753631591796875";
                  2 = xpoint3:"-0.804964601993560791015625,-0.0501780919730663299560546875,0.5911972522735595703125";
                }
              }
              #1 = {
                scale = fixp:"1";
                name = str:"pt_footprint01";
                translation = xpoint3:"135.657867431640625,0,0";
                rotation = {
                  0 = xpoint3:"-0.579173505306243896484375,0.2827620208263397216796875,-0.764593780040740966796875";
                  1 = xpoint3:"-0.12880225479602813720703125,-0.957876682281494140625,-0.256675243377685546875";
                  2 = xpoint3:"-0.804964601993560791015625,-0.05017809569835662841796875,0.591197192668914794921875";
                }
              }
            }
          }
          #4 = {
            scale = fixp:"1";
            name = str:"Bone10";
            translation = xpoint3:"-29.690181732177734375,-19.6821231842041015625,-17.5259952545166015625";
            rotation = {
              0 = xpoint3:"-0.608772754669189453125,-0.029316194355487823486328125,0.7913291454315185546875";
              1 = xpoint3:"0.018236510455608367919921875,-0.998118698596954345703125,-0.0229578204452991485595703125";
              2 = xpoint3:"0.7916619777679443359375,0,0.610496461391448974609375";
            }
            #0 = {
              scale = fixp:"1";
              name = str:"Bone11";
              translation = xpoint3:"119.410369873046875,0,0";
              rotation = {
                0 = xpoint3:"-0.31486475467681884765625,-0.394367694854736328125,0.862221777439117431640625";
                1 = xpoint3:"0.12424576282501220703125,0.884418904781341552734375,0.449664890766143798828125";
                2 = xpoint3:"-0.939954936504364013671875,0.249218046665191650390625,-0.2293278872966766357421875";
              }
              #0 = {
                scale = fixp:"1";
                name = str:"pt_foot@#3";
                translation = xpoint3:"149.43017578125,-0.84844911098480224609375,2.8794033527374267578125";
                rotation = {
                  0 = xpoint3:"-0.555910050868988037109375,-0.1084358394145965576171875,-0.8241393566131591796875";
                  1 = xpoint3:"0.412271022796630859375,-0.8968868255615234375,-0.16008324921131134033203125";
                  2 = xpoint3:"-0.721800982952117919921875,-0.4287606775760650634765625,0.54329335689544677734375";
                }
              }
              #1 = {
                scale = fixp:"1";
                name = str:"pt_footprint02";
                translation = xpoint3:"153.79779052734375,0,0";
                rotation = {
                  0 = xpoint3:"-0.55590999126434326171875,-0.1084349453449249267578125,-0.824139535427093505859375";
                  1 = xpoint3:"0.4122706949710845947265625,-0.8968868255615234375,-0.16008396446704864501953125";
                  2 = xpoint3:"-0.721801221370697021484375,-0.428760826587677001953125,0.54329288005828857421875";
                }
              }
            }
          }
          #5 = {
            scale = fixp:"1";
            name = str:"Bone13";
            translation = xpoint3:"-29.31848907470703125,-38.269817352294921875,-17.525997161865234375";
            rotation = {
              0 = xpoint3:"-0.4717948436737060546875,0.49151575565338134765625,0.7305381298065185546875";
              1 = xpoint3:"-0.271319806575775146484375,-0.86929786205291748046875,0.4098705947399139404296875";
              2 = xpoint3:"0.8376510143280029296875,-0.0045405328273773193359375,0.54558289051055908203125";
            }
            #0 = {
              scale = fixp:"1";
              name = str:"Bone14";
              translation = xpoint3:"80.88558197021484375,0,0";
              rotation = {
                0 = xpoint3:"-0.23485372960567474365234375,-0.3133648335933685302734375,0.91915953159332275390625";
                1 = xpoint3:"0.1130280792713165283203125,0.931268155574798583984375,0.3462145626544952392578125";
                2 = xpoint3:"-0.96450841426849365234375,0.1855864822864532470703125,-0.183205425739288330078125";
              }
              #0 = {
                scale = fixp:"1";
                name = str:"pt_foot@#4";
                translation = xpoint3:"134.103790283203125,-0.827853679656982421875,3.4531128406524658203125";
                rotation = {
                  0 = xpoint3:"-0.512564122676849365234375,-0.4067849218845367431640625,-0.756177246570587158203125";
                  1 = xpoint3:"0.745132267475128173828125,-0.648342072963714599609375,-0.1563023626804351806640625";
                  2 = xpoint3:"-0.426680088043212890625,-0.643567025661468505859375,0.635425508022308349609375";
                }
              }
              #1 = {
                scale = fixp:"1";
                name = str:"pt_footprint03";
                translation = xpoint3:"138.1055450439453125,0,0.090826280415058135986328125";
                rotation = {
                  0 = xpoint3:"-0.51256430149078369140625,-0.406785428524017333984375,-0.756176888942718505859375";
                  1 = xpoint3:"0.745132505893707275390625,-0.648341834545135498046875,-0.15630246698856353759765625";
                  2 = xpoint3:"-0.4266795217990875244140625,-0.643567025661468505859375,0.63542592525482177734375";
                }
              }
            }
          }
          #6 = {
            scale = fixp:"1";
            name = str:"Bone01";
            translation = xpoint3:"-7.44385051727294921875,-50.561767578125,11.90649318695068359375";
            rotation = {
              0 = xpoint3:"-0.173633754253387451171875,-0.002254962921142578125,-0.984807789325714111328125";
              1 = xpoint3:"-0.9847247600555419921875,-0.01278889179229736328125,0.1736483275890350341796875";
              2 = xpoint3:"-0.012986123561859130859375,0.99991571903228759765625,0";
            }
            #0 = {
              scale = fixp:"1";
              name = str:"Bone02";
              translation = xpoint3:"12.3286380767822265625,0,0";
              rotation = {
                0 = xpoint3:"0.419448673725128173828125,0.907414615154266357421875,-0.02572189271450042724609375";
                1 = xpoint3:"-0.905667841434478759765625,0.4202364981174468994140625,0.0562770031392574310302734375";
                2 = xpoint3:"0.0618758499622344970703125,0,0.9980838298797607421875";
              }
            }
          }
          #7 = {
            scale = fixp:"1";
            name = str:"Bone04";
            translation = xpoint3:"7.579705715179443359375,-50.561767578125,11.906494140625";
            rotation = {
              0 = xpoint3:"-0.173633396625518798828125,-0.002254784107208251953125,-0.9848077297210693359375";
              1 = xpoint3:"0.98472464084625244140625,0.012788593769073486328125,-0.1736480891704559326171875";
              2 = xpoint3:"0.0129857957363128662109375,-0.999915599822998046875,0";
            }
            #0 = {
              scale = fixp:"1";
              name = str:"Bone05";
              translation = xpoint3:"-12.32863521575927734375,0,0";
              rotation = {
                0 = xpoint3:"0.419448673725128173828125,0.907414615154266357421875,-0.02572189271450042724609375";
                1 = xpoint3:"-0.905667841434478759765625,0.4202364981174468994140625,0.0562770031392574310302734375";
                2 = xpoint3:"0.0618758499622344970703125,0,0.9980838298797607421875";
              }
            }
          }
          #8 = {
            scale = fixp:"1";
            name = str:"Bone25";
            translation = xpoint3:"-14.78792572021484375,-52.1428680419921875,-4.06805419921875";
            rotation = {
              0 = xpoint3:"-0.2762109339237213134765625,0.95827758312225341796875,0.07356123626232147216796875";
              1 = xpoint3:"-0.9260005950927734375,-0.285838663578033447265625,0.2466148436069488525390625";
              2 = xpoint3:"0.257352173328399658203125,0,0.966317653656005859375";
            }
            #0 = {
              scale = fixp:"1";
              name = str:"Bone26";
              translation = xpoint3:"59.88579559326171875,0,0";
              rotation = {
                0 = xpoint3:"0.956230640411376953125,-0.16594682633876800537109375,0.24100746214389801025390625";
                1 = xpoint3:"0.14303819835186004638671875,0.983613491058349609375,0.10974781215190887451171875";
                2 = xpoint3:"-0.255270481109619140625,-0.07047094404697418212890625,0.964298069477081298828125";
              }
              #0 = {
                scale = fixp:"1";
                name = str:"Bone27";
                translation = xpoint3:"34.5586700439453125,0,0";
                rotation = {
                  0 = xpoint3:"0.851047992706298828125,-0.05396442115306854248046875,0.522307455539703369140625";
                  1 = xpoint3:"0.054166354238986968994140625,0.998420774936676025390625,0.01489741913974285125732421875";
                  2 = xpoint3:"-0.522286593914031982421875,0.01561307348310947418212890625,0.852627098560333251953125";
                }
              }
            }
          }
          #9 = {
            scale = fixp:"1";
            name = str:"Bone33";
            translation = xpoint3:"-15.78772449493408203125,-50.143280029296875,-18.0841541290283203125";
            rotation = {
              0 = xpoint3:"-0.41327965259552001953125,0.908741772174835205078125,-0.05821080505847930908203125";
              1 = xpoint3:"-0.866177976131439208984375,-0.4120360314846038818359375,-0.2827760875225067138671875";
              2 = xpoint3:"-0.280955374240875244140625,-0.066444672644138336181640625,0.957417964935302734375";
            }
            #0 = {
              scale = fixp:"1";
              name = str:"Bone34";
              translation = xpoint3:"44.137172698974609375,0,0";
              rotation = {
                0 = xpoint3:"0.984744727611541748046875,0.124630428850650787353515625,-0.121429316699504852294921875";
                1 = xpoint3:"-0.1317068040370941162109375,0.989919960498809814453125,-0.05207495391368865966796875";
                2 = xpoint3:"0.113715179264545440673828125,0.06727360188961029052734375,0.9912331104278564453125";
              }
              #0 = {
                scale = fixp:"1";
                name = str:"Bone35";
                translation = xpoint3:"30.7255153656005859375,0,0";
                rotation = {
                  0 = xpoint3:"0.974469363689422607421875,-0.02087291516363620758056640625,-0.22354821860790252685546875";
                  1 = xpoint3:"0.01280267350375652313232421875,0.99921500682830810546875,-0.0374895296990871429443359375";
                  2 = xpoint3:"0.22415526211261749267578125,0.0336703844368457794189453125,0.9739716053009033203125";
                }
                #0 = {
                  scale = fixp:"1";
                  name = str:"Bone36";
                  translation = xpoint3:"29.5160675048828125,0,0";
                  rotation = {
                    0 = xpoint3:"0.96338951587677001953125,-0.138858735561370849609375,-0.22934453189373016357421875";
                    1 = xpoint3:"0.126273453235626220703125,0.98961079120635986328125,-0.06874187290668487548828125";
                    2 = xpoint3:"0.23650725185871124267578125,0.037265069782733917236328125,0.9709148406982421875";
                  }
                  #0 = {
                    scale = fixp:"1";
                    name = str:"Bone37";
                    translation = xpoint3:"26.95948028564453125,0,0";
                    rotation = {
                      0 = xpoint3:"0.92035448551177978515625,-0.36157381534576416015625,-0.149036884307861328125";
                      1 = xpoint3:"0.319658935070037841796875,0.91505014896392822265625,-0.24597026407718658447265625";
                      2 = xpoint3:"0.225312650203704833984375,0.17873884737491607666015625,0.957750797271728515625";
                    }
                    #0 = {
                      scale = fixp:"1";
                      name = str:"Bone38";
                      translation = xpoint3:"26.1437835693359375,0,0";
                      rotation = {
                        0 = xpoint3:"0.936510980129241943359375,-0.3432101905345916748046875,-0.071790717542171478271484375";
                        1 = xpoint3:"0.2811196744441986083984375,0.85729992389678955078125,-0.4312871396541595458984375";
                        2 = xpoint3:"0.209568321704864501953125,0.3837233483791351318359375,0.899353921413421630859375";
                      }
                    }
                  }
                }
              }
            }
          }
          #10 = {
            scale = fixp:"1";
            name = str:"Bone07";
            translation = xpoint3:"0,-56.16522216796875,-14.34967708587646484375";
            rotation = {
              0 = xpoint3:"0,0,-0.99999988079071044921875";
              1 = xpoint3:"-0.77724456787109375,0.629198491573333740234375,0";
              2 = xpoint3:"0.6291983127593994140625,0.77724456787109375,0";
            }
            #0 = {
              scale = fixp:"1";
              name = str:"Bone08";
              translation = xpoint3:"12.976879119873046875,0,0";
              rotation = {
                0 = xpoint3:"0.807647287845611572265625,-0.589665949344635009765625,0";
                1 = xpoint3:"0.589665949344635009765625,0.807647287845611572265625,0";
                2 = xpoint3:"0,0,1";
              }
            }
          }
          #11 = {
            scale = fixp:"1";
            name = str:"Bone40";
            translation = xpoint3:"17.8720493316650390625,-49.476734161376953125,-18.0841541290283203125";
            rotation = {
              0 = xpoint3:"0.448299407958984375,0.893794476985931396484375,0.01261524856090545654296875";
              1 = xpoint3:"-0.855717241764068603515625,0.4331953823566436767578125,-0.28300154209136962890625";
              2 = xpoint3:"-0.258410036563873291015625,0.116074331104755401611328125,0.95903646945953369140625";
            }
            #0 = {
              scale = fixp:"1";
              name = str:"Bone41";
              translation = xpoint3:"44.575382232666015625,0,0";
              rotation = {
                0 = xpoint3:"0.9954593181610107421875,-0.0896845757961273193359375,-0.0318970382213592529296875";
                1 = xpoint3:"0.0897171199321746826171875,0.995967209339141845703125,0";
                2 = xpoint3:"0.03180539608001708984375,-0.002451130189001560211181640625,0.99949109554290771484375";
              }
              #0 = {
                scale = fixp:"1";
                name = str:"Bone42";
                translation = xpoint3:"30.981113433837890625,0,0";
                rotation = {
                  0 = xpoint3:"0.959313690662384033203125,0.01342173852026462554931640625,-0.2820232212543487548828125";
                  1 = xpoint3:"0.02580736018717288970947265625,0.9905197620391845703125,0.1349245011806488037109375";
                  2 = xpoint3:"0.2811605036258697509765625,-0.136713206768035888671875,0.9498727321624755859375";
                }
                #0 = {
                  scale = fixp:"1";
                  name = str:"Bone43";
                  translation = xpoint3:"27.8610382080078125,0,0";
                  rotation = {
                    0 = xpoint3:"0.974840700626373291015625,0.077282033860683441162109375,-0.20907677710056304931640625";
                    1 = xpoint3:"-0.0571500472724437713623046875,0.993275940418243408203125,0.10068161785602569580078125";
                    2 = xpoint3:"0.21545182168483734130859375,-0.0861997902393341064453125,0.972702503204345703125";
                  }
                  #0 = {
                    scale = fixp:"1";
                    name = str:"Bone44";
                    translation = xpoint3:"28.233264923095703125,0,0";
                    rotation = {
                      0 = xpoint3:"0.89516866207122802734375,0.4080590307712554931640625,-0.1793346107006072998046875";
                      1 = xpoint3:"-0.3810385167598724365234375,0.909332573413848876953125,0.1671045720577239990234375";
                      2 = xpoint3:"0.231263339519500732421875,-0.08125336468219757080078125,0.9694921970367431640625";
                    }
                    #0 = {
                      scale = fixp:"1";
                      name = str:"Bone45";
                      translation = xpoint3:"24.654857635498046875,0,0";
                      rotation = {
                        0 = xpoint3:"0.92971169948577880859375,0.3320627510547637939453125,-0.159281075000762939453125";
                        1 = xpoint3:"-0.3365048468112945556640625,0.941681206226348876953125,0";
                        2 = xpoint3:"0.1496683061122894287109375,0.0545051097869873046875,0.98723280429840087890625";
                      }
                    }
                  }
                }
              }
            }
          }
          #12 = {
            scale = fixp:"1";
            name = str:"Bone29";
            translation = xpoint3:"15.8724613189697265625,-52.809383392333984375,-4.0680675506591796875";
            rotation = {
              0 = xpoint3:"0.214614450931549072265625,0.97496879100799560546875,-0.058106027543544769287109375";
              1 = xpoint3:"-0.941086292266845703125,0.2223413288593292236328125,0.2547955214977264404296875";
              2 = xpoint3:"0.2613370716571807861328125,0,0.965247571468353271484375";
            }
            #0 = {
              scale = fixp:"1";
              name = str:"Bone30";
              translation = xpoint3:"58.91351318359375,0,0";
              rotation = {
                0 = xpoint3:"0.93211853504180908203125,0.068448133766651153564453125,0.35562610626220703125";
                1 = xpoint3:"-0.01947945542633533477783203125,0.990030944347381591796875,-0.13949652016162872314453125";
                2 = xpoint3:"-0.36162912845611572265625,0.12309987843036651611328125,0.924159526824951171875";
              }
              #0 = {
                scale = fixp:"1";
                name = str:"Bone31";
                translation = xpoint3:"36.1785430908203125,0,0";
                rotation = {
                  0 = xpoint3:"0.81831443309783935546875,0.14518268406391143798828125,0.55613267421722412109375";
                  1 = xpoint3:"-0.15386341512203216552734375,0.987592518329620361328125,-0.03141818940639495849609375";
                  2 = xpoint3:"-0.55379378795623779296875,-0.05985851585865020751953125,0.830499470233917236328125";
                }
              }
            }
          }
          #13 = {
            scale = fixp:"1";
            name = str:"pt_chest ";
            translation = xpoint3:"0.416164398193359375,-43.64687347412109375,-0.1252610981464385986328125";
            rotation = {
              0 = xpoint3:"0,0.999948203563690185546875,0.0101594068109989166259765625";
              1 = xpoint3:"0,-0.010159082710742950439453125,0.999948203563690185546875";
              2 = xpoint3:"0.999999701976776123046875,0,0";
            }
          }
          #14 = {
            scale = fixp:"1";
            name = str:"pt_head";
            translation = xpoint3:"-0.02365679852664470672607421875,-44.854736328125,10.1234722137451171875";
            rotation = {
              0 = xpoint3:"0,-0.998295128345489501953125,-0.0583680979907512664794921875";
              1 = xpoint3:"0,-0.0583681054413318634033203125,0.998295128345489501953125";
              2 = xpoint3:"-1,0,0";
            }
          }
        }
        #1 = {
          scale = fixp:"1";
          name = str:"Box02";
          translation = xpoint3:"0,0,0";
          rotation = {
            0 = xpoint3:"0,-0.99999988079071044921875,0";
            1 = xpoint3:"0,0,0.99999988079071044921875";
            2 = xpoint3:"-0.99999988079071044921875,0,0";
          }
        }
        #2 = {
          scale = fixp:"1";
          name = str:"pt_center";
          translation = xpoint3:"18.22432708740234375,-0.244240343570709228515625,-0.026158809661865234375";
          rotation = {
            0 = xpoint3:"0,1,0";
            1 = xpoint3:"0,0,-1";
            2 = xpoint3:"-1,0,0";
          }
        }
        #3 = {
          scale = fixp:"1";
          name = str:"pt_cast";
          translation = xpoint3:"80.34539031982421875,-10.4755077362060546875,0.15727996826171875";
          rotation = {
            0 = xpoint3:"0,1,0";
            1 = xpoint3:"0,0,-1";
            2 = xpoint3:"-1,0,0";
          }
        }
      }
      #1 = {
        scale = fixp:"1";
        name = str:"pt_top";
        translation = xpoint3:"0.005111217498779296875,4.523616790771484375,132.4990234375";
        rotation = {
          0 = xpoint3:"1,0,0";
          1 = xpoint3:"0,1,0";
          2 = xpoint3:"0,0,1";
        }
      }
      #2 = {
        scale = fixp:"1";
        name = str:"pt_ground";
        translation = xpoint3:"0,0,0";
        rotation = {
          0 = xpoint3:"1,0,0";
          1 = xpoint3:"0,1,0";
          2 = xpoint3:"0,0,1";
        }
      }
    }
  }
}