model = {
  file = str:"data\terrain\embelishments\small_round_stones\stones_small13.nif";
  animation = {
    loop = fixp:"0";
    duration = fixp:"0";
  }
  #0 = {
    scale = fixp:"1";
    name = str:"Plane01";
    translation = xpoint3:"3.758148193359375,-8.1475830078125,0";
    rotation = {
      0 = xpoint3:"1,0,0";
      1 = xpoint3:"0,1,0";
      2 = xpoint3:"0,0,1";
    }
  }
  #1 = {
    scale = fixp:"1";
    name = str:"Object11";
    translation = xpoint3:"734.8197021484375,94.57122802734375,5.6457576751708984375";
    rotation = {
      0 = xpoint3:"0.977186739444732666015625,-0.02311122231185436248779296875,-0.21112062036991119384765625";
      1 = xpoint3:"-0.02258998341858386993408203125,-0.999732911586761474609375,0.0048807035200297832489013671875";
      2 = xpoint3:"-0.2111770212650299072265625,0,-0.977447807788848876953125";
    }
  }
  #2 = {
    scale = fixp:"1";
    name = str:"stones small 12";
    translation = xpoint3:"900.1378173828125,770.08270263671875,6.18604373931884765625";
    rotation = {
      0 = xpoint3:"1,0,0";
      1 = xpoint3:"0,1,0";
      2 = xpoint3:"0,0,1";
    }
  }
  #3 = {
    scale = fixp:"1";
    name = str:"small stones 13";
    translation = xpoint3:"11.4219970703125,18.433837890625,8.1458530426025390625";
    rotation = {
      0 = xpoint3:"0.977186739444732666015625,-0.02311122231185436248779296875,-0.21112062036991119384765625";
      1 = xpoint3:"-0.02258998341858386993408203125,-0.999732911586761474609375,0.0048807035200297832489013671875";
      2 = xpoint3:"-0.2111770212650299072265625,0,-0.977447807788848876953125";
    }
  }
  #4 = {
    scale = fixp:"1";
    name = str:"small stones 14";
    translation = xpoint3:"-0.756103515625,18.32684326171875,1.434169292449951171875";
    rotation = {
      0 = xpoint3:"0.977186739444732666015625,-0.02311122231185436248779296875,-0.21112062036991119384765625";
      1 = xpoint3:"-0.02258998341858386993408203125,-0.999732911586761474609375,0.0048807035200297832489013671875";
      2 = xpoint3:"-0.2111770212650299072265625,0,-0.977447807788848876953125";
    }
  }
  #5 = {
    scale = fixp:"1";
    name = str:"small stones 15";
    translation = xpoint3:"15.8896026611328125,-2.01456451416015625,-5.2571239471435546875";
    rotation = {
      0 = xpoint3:"0.977186739444732666015625,-0.02311122231185436248779296875,-0.21112062036991119384765625";
      1 = xpoint3:"-0.02258998341858386993408203125,-0.999732911586761474609375,0.0048807035200297832489013671875";
      2 = xpoint3:"-0.2111770212650299072265625,0,-0.977447807788848876953125";
    }
  }
  #6 = {
    scale = fixp:"1";
    name = str:"small stones 16";
    translation = xpoint3:"16.00847625732421875,-11.65349578857421875,7.443139553070068359375";
    rotation = {
      0 = xpoint3:"0.977186739444732666015625,-0.02311122231185436248779296875,-0.21112062036991119384765625";
      1 = xpoint3:"-0.02258998341858386993408203125,-0.999732911586761474609375,0.0048807035200297832489013671875";
      2 = xpoint3:"-0.2111770212650299072265625,0,-0.977447807788848876953125";
    }
  }
  #7 = {
    scale = fixp:"1";
    name = str:"small stones 17";
    translation = xpoint3:"4.02154541015625,-15.32501220703125,8.11911678314208984375";
    rotation = {
      0 = xpoint3:"0.977186739444732666015625,-0.02311122231185436248779296875,-0.21112062036991119384765625";
      1 = xpoint3:"-0.02258998341858386993408203125,-0.999732911586761474609375,0.0048807035200297832489013671875";
      2 = xpoint3:"-0.2111770212650299072265625,0,-0.977447807788848876953125";
    }
  }
  #8 = {
    scale = fixp:"1";
    name = str:"small stones 18";
    translation = xpoint3:"14.87860870361328125,-8.3860321044921875,16.2169895172119140625";
    rotation = {
      0 = xpoint3:"0.977186739444732666015625,-0.02311122231185436248779296875,-0.21112062036991119384765625";
      1 = xpoint3:"-0.02258998341858386993408203125,-0.999732911586761474609375,0.0048807035200297832489013671875";
      2 = xpoint3:"-0.2111770212650299072265625,0,-0.977447807788848876953125";
    }
  }
  #9 = {
    scale = fixp:"1";
    name = str:"small stones 19";
    translation = xpoint3:"13.324859619140625,-6.00902557373046875,7.308737277984619140625";
    rotation = {
      0 = xpoint3:"1,0,0";
      1 = xpoint3:"0,1,0";
      2 = xpoint3:"0,0,1";
    }
  }
  #10 = {
    scale = fixp:"1";
    name = str:"small stones 20";
    translation = xpoint3:"1.685611724853515625,-10.5654296875,7.622874736785888671875";
    rotation = {
      0 = xpoint3:"1,0,0";
      1 = xpoint3:"0,1,0";
      2 = xpoint3:"0,0,1";
    }
  }
  #11 = {
    scale = fixp:"1";
    name = str:"Stones small 03";
    translation = xpoint3:"-548.263916015625,1080.9969482421875,9.219158172607421875";
    rotation = {
      0 = xpoint3:"1,0,0";
      1 = xpoint3:"0,1,0";
      2 = xpoint3:"0,0,1";
    }
  }
  #12 = {
    scale = fixp:"1";
    name = str:"Stones small 04";
    translation = xpoint3:"-175.448974609375,1064.2757568359375,6.5254154205322265625";
    rotation = {
      0 = xpoint3:"1,0,0";
      1 = xpoint3:"0,1,0";
      2 = xpoint3:"0,0,1";
    }
  }
  #13 = {
    scale = fixp:"1";
    name = str:"Stones small 05";
    translation = xpoint3:"-1035.2454833984375,1054.7186279296875,6.5254154205322265625";
    rotation = {
      0 = xpoint3:"1,0,0";
      1 = xpoint3:"0,1,0";
      2 = xpoint3:"0,0,1";
    }
  }
  #14 = {
    scale = fixp:"1";
    name = str:"Stones small 06";
    translation = xpoint3:"-323.707275390625,754.4825439453125,5.3937053680419921875";
    rotation = {
      0 = xpoint3:"1,0,0";
      1 = xpoint3:"0,1,0";
      2 = xpoint3:"0,0,1";
    }
  }
  #15 = {
    scale = fixp:"1";
    name = str:"Stones small 07";
    translation = xpoint3:"-596.6219482421875,769.5501708984375,5.3937053680419921875";
    rotation = {
      0 = xpoint3:"1,0,0";
      1 = xpoint3:"0,1,0";
      2 = xpoint3:"0,0,1";
    }
  }
  #16 = {
    scale = fixp:"1";
    name = str:"Stones small 08";
    translation = xpoint3:"-860.824462890625,754.552001953125,5.3937053680419921875";
    rotation = {
      0 = xpoint3:"1,0,0";
      1 = xpoint3:"0,1,0";
      2 = xpoint3:"0,0,1";
    }
  }
  #17 = {
    scale = fixp:"1";
    name = str:"Stones small 09";
    translation = xpoint3:"-1089.383544921875,749.5390625,5.3937053680419921875";
    rotation = {
      0 = xpoint3:"1,0,0";
      1 = xpoint3:"0,1,0";
      2 = xpoint3:"0,0,1";
    }
  }
  #18 = {
    scale = fixp:"1";
    name = str:"Stones small 10";
    translation = xpoint3:"-863.583251953125,1000.4923095703125,5.3937053680419921875";
    rotation = {
      0 = xpoint3:"1,0,0";
      1 = xpoint3:"0,1,0";
      2 = xpoint3:"0,0,1";
    }
  }
  #19 = {
    scale = fixp:"1";
    name = str:"Stones small 11";
    translation = xpoint3:"-630.5579833984375,1362.3487548828125,5.3937053680419921875";
    rotation = {
      0 = xpoint3:"1,0,0";
      1 = xpoint3:"0,1,0";
      2 = xpoint3:"0,0,1";
    }
  }
  #20 = {
    scale = fixp:"1";
    name = str:"Group01";
    translation = xpoint3:"-1032.6083984375,1438.7724609375,17.518360137939453125";
    rotation = {
      0 = xpoint3:"1,0,0";
      1 = xpoint3:"0,1,0";
      2 = xpoint3:"0,0,1";
    }
    #0 = {
      scale = fixp:"1";
      name = str:"Object07";
      translation = xpoint3:"231.902587890625,-30.405517578125,-12.1246547698974609375";
      rotation = {
        0 = xpoint3:"1,0,0";
        1 = xpoint3:"0,1,0";
        2 = xpoint3:"0,0,1";
      }
    }
    #1 = {
      scale = fixp:"1";
      name = str:"Object08";
      translation = xpoint3:"-4.77783203125,46.684814453125,-12.1246547698974609375";
      rotation = {
        0 = xpoint3:"1,0,0";
        1 = xpoint3:"0,1,0";
        2 = xpoint3:"0,0,1";
      }
    }
    #2 = {
      scale = fixp:"1";
      name = str:"Object09";
      translation = xpoint3:"150.755126953125,-77.74169921875,-12.1246547698974609375";
      rotation = {
        0 = xpoint3:"1,0,0";
        1 = xpoint3:"0,1,0";
        2 = xpoint3:"0,0,1";
      }
    }
    #3 = {
      scale = fixp:"1";
      name = str:"Object10";
      translation = xpoint3:"-38.8251953125,-41.7139892578125,-12.1246547698974609375";
      rotation = {
        0 = xpoint3:"1,0,0";
        1 = xpoint3:"0,1,0";
        2 = xpoint3:"0,0,1";
      }
    }
    #4 = {
      scale = fixp:"1";
      name = str:"Stones small 12";
      translation = xpoint3:"-141.97265625,-41.719970703125,-12.1246547698974609375";
      rotation = {
        0 = xpoint3:"1,0,0";
        1 = xpoint3:"0,1,0";
        2 = xpoint3:"0,0,1";
      }
    }
  }
}