model = {
  file = str:"data\models\units\harvester\harvester_die.nif";
  animation = {
    loop = fixp:"2.5";
    duration = fixp:"26";
  }
  #0 = {
    scale = fixp:"1";
    name = str:"ROOT";
    translation = xpoint3:"0,0,0";
    rotation = {
      0 = xpoint3:"1,0,0";
      1 = xpoint3:"0,1,0";
      2 = xpoint3:"0,0,1";
    }
    #0 = {
      scale = fixp:"1";
      name = str:"pt_ground";
      translation = xpoint3:"0,0,0";
      rotation = {
        0 = xpoint3:"1,0,0";
        1 = xpoint3:"0,1,0";
        2 = xpoint3:"0,0,1";
      }
    }
  }
  #1 = {
    scale = fixp:"1";
    name = str:"pt_top";
    translation = xpoint3:"-1.08189165592193603515625,-3.6229054927825927734375,329.430023193359375";
    rotation = {
      0 = xpoint3:"0,0,1";
      1 = xpoint3:"0,-1,0";
      2 = xpoint3:"1,0,0";
    }
  }
  #3 = {
    scale = fixp:"1";
    name = str:"pt_shoot_1";
    translation = xpoint3:"-75.552398681640625,-64.4526519775390625,158.616668701171875";
    rotation = {
      0 = xpoint3:"0.997905731201171875,0.02103077434003353118896484375,-0.0611708499491214752197265625";
      1 = xpoint3:"-0.0515119023621082305908203125,0.830348670482635498046875,-0.554858148097991943359375";
      2 = xpoint3:"0.0391240380704402923583984375,0.556847155094146728515625,0.829693019390106201171875";
    }
  }
  #4 = {
    scale = fixp:"1";
    name = str:"pt_hand";
    translation = xpoint3:"-74.1639556884765625,-43.320941925048828125,169.1206512451171875";
    rotation = {
      0 = xpoint3:"0.999984562397003173828125,-0.004797420464456081390380859375,-0.00280608050525188446044921875";
      1 = xpoint3:"0.0048043127171695232391357421875,0.9999854564666748046875,0.0024546529166400432586669921875";
      2 = xpoint3:"0.00279426388442516326904296875,-0.00246809609234333038330078125,0.999993026256561279296875";
    }
  }
  #5 = {
    scale = fixp:"1";
    name = str:"pt_shoot_2";
    translation = xpoint3:"77.06103515625,-69.80670928955078125,168.249725341796875";
    rotation = {
      0 = xpoint3:"0.912793099880218505859375,0.0427450202405452728271484375,-0.406179249286651611328125";
      1 = xpoint3:"-0.18471042811870574951171875,0.93019592761993408203125,-0.3172027170658111572265625";
      2 = xpoint3:"0.36426746845245361328125,0.3645659983158111572265625,0.856971919536590576171875";
    }
  }
  #6 = {
    scale = fixp:"1";
    name = str:"pt_hand";
    translation = xpoint3:"79.17873382568359375,-47.835796356201171875,176.2796173095703125";
    rotation = {
      0 = xpoint3:"0.999836742877960205078125,0.017549268901348114013671875,-0.004301638342440128326416015625";
      1 = xpoint3:"-0.017484046518802642822265625,0.999738216400146484375,0.01475779712200164794921875";
      2 = xpoint3:"0.004559501074254512786865234375,-0.0146801769733428955078125,0.99988186359405517578125";
    }
  }
  #7 = {
    scale = fixp:"1";
    name = str:"pt_head";
    translation = xpoint3:"-4.8183231353759765625,-42.7112579345703125,254.8744659423828125";
    rotation = {
      0 = xpoint3:"0.999993383884429931640625,0,0.00362654891796410083770751953125";
      1 = xpoint3:"0.00131781888194382190704345703125,0.958486080169677734375,-0.285136163234710693359375";
      2 = xpoint3:"-0.00339158507995307445526123046875,0.2851390838623046875,0.958480179309844970703125";
    }
  }
  #8 = {
    scale = fixp:"1";
    name = str:"pt_foot";
    translation = xpoint3:"-56.6542510986328125,2.70040225982666015625,12.88740634918212890625";
    rotation = {
      0 = xpoint3:"0.91992473602294921875,0.3920937478542327880859375,0";
      1 = xpoint3:"-0.3920938968658447265625,0.919925212860107421875,0";
      2 = xpoint3:"0,0,0.999999523162841796875";
    }
  }
  #9 = {
    scale = fixp:"1";
    name = str:"pt_foot";
    translation = xpoint3:"57.3926849365234375,-49.946319580078125,12.88676738739013671875";
    rotation = {
      0 = xpoint3:"0.93969428539276123046875,-0.3420155942440032958984375,0";
      1 = xpoint3:"0.3420155942440032958984375,0.93969428539276123046875,0";
      2 = xpoint3:"0,0,1";
    }
  }
  #10 = {
    scale = fixp:"1";
    name = str:"pt_chest ";
    translation = xpoint3:"-2.2350368499755859375,-19.192546844482421875,223.0210113525390625";
    rotation = {
      0 = xpoint3:"0.999999701976776123046875,0,0";
      1 = xpoint3:"0,0.943113863468170166015625,-0.3324694335460662841796875";
      2 = xpoint3:"0,0.3324691355228424072265625,0.943113982677459716796875";
    }
  }
  #11 = {
    scale = fixp:"1";
    name = str:"pt_center";
    translation = xpoint3:"0.380823612213134765625,-2.950717449188232421875,178.4312286376953125";
    rotation = {
      0 = xpoint3:"1,0,0";
      1 = xpoint3:"0,1,0";
      2 = xpoint3:"0,0,1";
    }
  }
  #12 = {
    scale = fixp:"1";
    name = str:"pt_cast";
    translation = xpoint3:"0.836338043212890625,-67.19037628173828125,204.4365692138671875";
    rotation = {
      0 = xpoint3:"1,0,0";
      1 = xpoint3:"0,1,0";
      2 = xpoint3:"0,0,1";
    }
  }
  #13 = {
    scale = fixp:"1";
    name = str:"Part01";
    translation = xpoint3:"52.29811859130859375,-51.171253204345703125,92.3539276123046875";
    rotation = {
      0 = xpoint3:"1,0,0";
      1 = xpoint3:"0,1,0";
      2 = xpoint3:"0,0,1";
    }
  }
  #14 = {
    scale = fixp:"1";
    name = str:"Part02";
    translation = xpoint3:"-53.680965423583984375,-18.8248195648193359375,82.06937408447265625";
    rotation = {
      0 = xpoint3:"1,0,0";
      1 = xpoint3:"0,1,0";
      2 = xpoint3:"0,0,1";
    }
  }
  #15 = {
    scale = fixp:"1";
    name = str:"Part03";
    translation = xpoint3:"-65.41802978515625,22.90045166015625,207.1874542236328125";
    rotation = {
      0 = xpoint3:"1,0,0";
      1 = xpoint3:"0,1,0";
      2 = xpoint3:"0,0,1";
    }
  }
  #16 = {
    scale = fixp:"1";
    name = str:"Part04";
    translation = xpoint3:"61.4522247314453125,15.723819732666015625,217.270751953125";
    rotation = {
      0 = xpoint3:"1,0,0";
      1 = xpoint3:"0,1,0";
      2 = xpoint3:"0,0,1";
    }
  }
  #17 = {
    scale = fixp:"1";
    name = str:"Part05";
    translation = xpoint3:"79.7950286865234375,-15.338245391845703125,229.874786376953125";
    rotation = {
      0 = xpoint3:"1,0,0";
      1 = xpoint3:"0,1,0";
      2 = xpoint3:"0,0,1";
    }
  }
  #18 = {
    scale = fixp:"1";
    name = str:"Part06";
    translation = xpoint3:"-74.7092132568359375,-19.3649444580078125,223.452484130859375";
    rotation = {
      0 = xpoint3:"1,0,0";
      1 = xpoint3:"0,1,0";
      2 = xpoint3:"0,0,1";
    }
  }
  #19 = {
    scale = fixp:"1";
    name = str:"Part07";
    translation = xpoint3:"-1.726856231689453125,0.88126373291015625,120.698577880859375";
    rotation = {
      0 = xpoint3:"1,0,0";
      1 = xpoint3:"0,0.98383510112762451171875,0.17907662689685821533203125";
      2 = xpoint3:"0,-0.17907662689685821533203125,0.98383510112762451171875";
    }
  }
  #20 = {
    scale = fixp:"1";
    name = str:"Part08";
    translation = xpoint3:"-1.726856231689453125,-11.2744312286376953125,251.6527557373046875";
    rotation = {
      0 = xpoint3:"1,0,0";
      1 = xpoint3:"0,0.4230192601680755615234375,0.906120717525482177734375";
      2 = xpoint3:"0,-0.906120717525482177734375,0.4230192601680755615234375";
    }
  }
  #21 = {
    scale = fixp:"1";
    name = str:"Part09";
    translation = xpoint3:"-3.117239475250244140625,67.58876800537109375,234.4175262451171875";
    rotation = {
      0 = xpoint3:"1,0,0";
      1 = xpoint3:"0,1,0";
      2 = xpoint3:"0,0,1";
    }
  }
  #23 = {
    scale = fixp:"1";
    name = str:"Plane02";
    translation = xpoint3:"0.3850278556346893310546875,-0.070237167179584503173828125,60.000003814697265625";
    rotation = {
      0 = xpoint3:"0.1736479699611663818359375,0.984807789325714111328125,0";
      1 = xpoint3:"-0.984807789325714111328125,0.1736479699611663818359375,0";
      2 = xpoint3:"0,0,1";
    }
  }
  #24 = {
    scale = fixp:"1";
    name = str:"Plane01";
    translation = xpoint3:"0,0,0";
    rotation = {
      0 = xpoint3:"1,0,0";
      1 = xpoint3:"0,0,-1";
      2 = xpoint3:"0,1,0";
    }
  }
}