model = {
  file = str:"data\models\units\mech_destroyer\mech_destroyer.nif";
  animation = {
    loop = fixp:"0";
    duration = fixp:"29.3000011444091796875";
  }
  #1 = {
    scale = fixp:"1";
    name = str:"ROOT";
    translation = xpoint3:"0,0,0";
    rotation = {
      0 = xpoint3:"1,0,0";
      1 = xpoint3:"0,1,0";
      2 = xpoint3:"0,0,1";
    }
    #0 = {
      scale = fixp:"1";
      name = str:"Bip01";
      translation = xpoint3:"0.381264388561248779296875,-27.6998043060302734375,587.41387939453125";
      rotation = {
        0 = xpoint3:"1,0,0";
        1 = xpoint3:"0,1,0";
        2 = xpoint3:"0,0,1";
      }
      #0 = {
        scale = fixp:"1";
        name = str:"Box01";
        translation = xpoint3:"0,0,0";
        rotation = {
          0 = xpoint3:"1,0,0";
          1 = xpoint3:"0,0.939469397068023681640625,0.342632770538330078125";
          2 = xpoint3:"0,-0.342632770538330078125,0.939469397068023681640625";
        }
        #0 = {
          scale = fixp:"1";
          name = str:"Bone01";
          translation = xpoint3:"-290.38916015625,-0.960128247737884521484375,0.084194429218769073486328125";
          rotation = {
            0 = xpoint3:"0,0,-0.99927437305450439453125";
            1 = xpoint3:"0.927813351154327392578125,-0.370369374752044677734375,0";
            2 = xpoint3:"-0.3710950911045074462890625,-0.927813351154327392578125,0";
          }
          #0 = {
            scale = fixp:"1";
            name = str:"Bone02";
            translation = xpoint3:"261.464599609375,0,0";
            rotation = {
              0 = xpoint3:"0.276738822460174560546875,-0.9603989124298095703125,0";
              1 = xpoint3:"0.9603989124298095703125,0.276738822460174560546875,0";
              2 = xpoint3:"0,0,1";
            }
            #0 = {
              scale = fixp:"1";
              name = str:"Bone08";
              translation = xpoint3:"460.914093017578125,0.00223452062346041202545166015625,0";
              rotation = {
                0 = xpoint3:"-0.4268810749053955078125,0.903162181377410888671875,0";
                1 = xpoint3:"-0.903162181377410888671875,-0.4268810749053955078125,0";
                2 = xpoint3:"0,0,1";
              }
              #0 = {
                scale = fixp:"1";
                name = str:"Bone04";
                translation = xpoint3:"23.8982143402099609375,-125.9685821533203125,97.2100372314453125";
                rotation = {
                  0 = xpoint3:"-0.85886287689208984375,-0.512205600738525390625,0";
                  1 = xpoint3:"0.512205600738525390625,-0.85886287689208984375,0";
                  2 = xpoint3:"0,0,1";
                }
                #0 = {
                  scale = fixp:"1";
                  name = str:"Bone05";
                  translation = xpoint3:"180.4293670654296875,0,0";
                  rotation = {
                    0 = xpoint3:"0.995394766330718994140625,-0.09586064517498016357421875,0";
                    1 = xpoint3:"0.09586064517498016357421875,0.995394766330718994140625,0";
                    2 = xpoint3:"0,0,1";
                  }
                }
              }
              #1 = {
                scale = fixp:"1";
                name = str:"Bone09";
                translation = xpoint3:"23.898242950439453125,-125.9685821533203125,-106.828155517578125";
                rotation = {
                  0 = xpoint3:"-0.85886287689208984375,-0.512205600738525390625,0";
                  1 = xpoint3:"0.512205600738525390625,-0.85886287689208984375,0";
                  2 = xpoint3:"0,0,1";
                }
                #0 = {
                  scale = fixp:"1";
                  name = str:"Bone10";
                  translation = xpoint3:"180.4293670654296875,0,0";
                  rotation = {
                    0 = xpoint3:"0.995394766330718994140625,-0.09586064517498016357421875,0";
                    1 = xpoint3:"0.09586064517498016357421875,0.995394766330718994140625,0";
                    2 = xpoint3:"0,0,1";
                  }
                }
              }
            }
            #1 = {
              scale = fixp:"1";
              name = str:"Bone07";
              translation = xpoint3:"240.6611175537109375,-166.501739501953125,0";
              rotation = {
                0 = xpoint3:"0.343618571758270263671875,0.939109325408935546875,0";
                1 = xpoint3:"-0.939109325408935546875,0.343618571758270263671875,0";
                2 = xpoint3:"0,0,1";
              }
            }
          }
          #1 = {
            scale = fixp:"1";
            name = str:"Bone06";
            translation = xpoint3:"8.440975189208984375,0.14482343196868896484375,119.92949676513671875";
            rotation = {
              0 = xpoint3:"-0.679437458515167236328125,-0.5316894054412841796875,0.50563943386077880859375";
              1 = xpoint3:"0.3944381177425384521484375,0.316413462162017822265625,0.862728893756866455078125";
              2 = xpoint3:"-0.61869490146636962890625,0.785613715648651123046875,-0.005264632403850555419921875";
            }
          }
        }
        #1 = {
          scale = fixp:"1";
          name = str:"Bone11";
          translation = xpoint3:"280.3590087890625,-0.960128247737884521484375,0.084194429218769073486328125";
          rotation = {
            0 = xpoint3:"0,0,-0.99927425384521484375";
            1 = xpoint3:"0.92781341075897216796875,-0.370369255542755126953125,0";
            2 = xpoint3:"-0.3710949122905731201171875,-0.92781341075897216796875,0";
          }
          #0 = {
            scale = fixp:"1";
            name = str:"Bone12";
            translation = xpoint3:"261.46466064453125,0,0";
            rotation = {
              0 = xpoint3:"0.276738703250885009765625,-0.9603989124298095703125,0";
              1 = xpoint3:"0.9603989124298095703125,0.276738703250885009765625,0";
              2 = xpoint3:"0,0,1";
            }
            #0 = {
              scale = fixp:"1";
              name = str:"Bone29";
              translation = xpoint3:"460.912109375,0.00144430226646363735198974609375,0";
              rotation = {
                0 = xpoint3:"-0.4302470684051513671875,0.901560842990875244140625,0";
                1 = xpoint3:"-0.901560842990875244140625,-0.4302470684051513671875,0";
                2 = xpoint3:"0,0,1";
              }
              #0 = {
                scale = fixp:"1";
                name = str:"Bone14";
                translation = xpoint3:"24.36635589599609375,-125.877655029296875,-106.8281402587890625";
                rotation = {
                  0 = xpoint3:"-0.86076867580413818359375,-0.508996188640594482421875,0";
                  1 = xpoint3:"0.508996188640594482421875,-0.86076867580413818359375,0";
                  2 = xpoint3:"0,0,1";
                }
                #0 = {
                  scale = fixp:"1";
                  name = str:"Bone15";
                  translation = xpoint3:"180.429412841796875,0,0";
                  rotation = {
                    0 = xpoint3:"0.995394766330718994140625,-0.09586064517498016357421875,0";
                    1 = xpoint3:"0.09586064517498016357421875,0.995394766330718994140625,0";
                    2 = xpoint3:"0,0,1";
                  }
                }
              }
              #1 = {
                scale = fixp:"1";
                name = str:"Bone16";
                translation = xpoint3:"24.36632537841796875,-125.877655029296875,97.2100067138671875";
                rotation = {
                  0 = xpoint3:"-0.86076867580413818359375,-0.508996188640594482421875,0";
                  1 = xpoint3:"0.508996188640594482421875,-0.86076867580413818359375,0";
                  2 = xpoint3:"0,0,1";
                }
                #0 = {
                  scale = fixp:"1";
                  name = str:"Bone17";
                  translation = xpoint3:"180.429412841796875,0,0";
                  rotation = {
                    0 = xpoint3:"0.995394766330718994140625,-0.09586064517498016357421875,0";
                    1 = xpoint3:"0.09586064517498016357421875,0.995394766330718994140625,0";
                    2 = xpoint3:"0,0,1";
                  }
                }
              }
            }
            #1 = {
              scale = fixp:"1";
              name = str:"Bone18";
              translation = xpoint3:"240.6891021728515625,-166.538848876953125,0";
              rotation = {
                0 = xpoint3:"0.34377658367156982421875,0.93905150890350341796875,0";
                1 = xpoint3:"-0.93905150890350341796875,0.34377658367156982421875,0";
                2 = xpoint3:"0,0,1";
              }
            }
          }
          #1 = {
            scale = fixp:"1";
            name = str:"Bone21";
            translation = xpoint3:"0.945933520793914794921875,-0.761223137378692626953125,-133.1610870361328125";
            rotation = {
              0 = xpoint3:"-0.655230462551116943359375,0.5566742420196533203125,0.51067316532135009765625";
              1 = xpoint3:"0.390178263187408447265625,-0.3294689655303955078125,0.85977399349212646484375";
              2 = xpoint3:"0.64686489105224609375,0.7626035213470458984375,-0.001324236392974853515625";
            }
          }
        }
        #2 = {
          scale = fixp:"1";
          name = str:"Bone23";
          translation = xpoint3:"-83.46939849853515625,124.03528594970703125,-192.7048797607421875";
          rotation = {
            0 = xpoint3:"0,0,-0.999274551868438720703125";
            1 = xpoint3:"-0.747635364532470703125,-0.662291049957275390625,0";
            2 = xpoint3:"-0.663016498088836669921875,0.747635364532470703125,0";
          }
          #0 = {
            scale = fixp:"1";
            name = str:"Bone_Gun_01";
            translation = xpoint3:"234.2286376953125,-0.00114703015424311161041259765625,0";
            rotation = {
              0 = xpoint3:"0.892014682292938232421875,-0.4518329799175262451171875,0";
              1 = xpoint3:"0.4518329799175262451171875,0.892014682292938232421875,0";
              2 = xpoint3:"0,0,1";
            }
            #0 = {
              scale = fixp:"1";
              name = str:"Dummy01";
              translation = xpoint3:"247.2712554931640625,12.45621776580810546875,-1.591676235198974609375";
              rotation = {
                0 = xpoint3:"0.995975553989410400390625,0.089625097811222076416015625,0";
                1 = xpoint3:"-0.089625097811222076416015625,0.995975553989410400390625,0";
                2 = xpoint3:"0,0,1";
              }
            }
            #1 = {
              scale = fixp:"1";
              name = str:"pt_shoot_1";
              translation = xpoint3:"368.247589111328125,-9.726383209228515625,0.094760440289974212646484375";
              rotation = {
                0 = xpoint3:"0,-0.9955308437347412109375,0.094436757266521453857421875";
                1 = xpoint3:"0,0.094436757266521453857421875,0.9955308437347412109375";
                2 = xpoint3:"-1,0,0";
              }
            }
          }
        }
        #3 = {
          scale = fixp:"1";
          name = str:"Bone26";
          translation = xpoint3:"82.81295013427734375,124.0352630615234375,-192.704925537109375";
          rotation = {
            0 = xpoint3:"0,0,-0.999274551868438720703125";
            1 = xpoint3:"-0.747635364532470703125,-0.662291049957275390625,0";
            2 = xpoint3:"-0.663016498088836669921875,0.747635364532470703125,0";
          }
          #0 = {
            scale = fixp:"1";
            name = str:"Bone_Gun_02";
            translation = xpoint3:"234.2286376953125,-0.00114824925549328327178955078125,0";
            rotation = {
              0 = xpoint3:"0.89201450347900390625,-0.451833426952362060546875,0";
              1 = xpoint3:"0.451833426952362060546875,0.89201450347900390625,0";
              2 = xpoint3:"0,0,1";
            }
            #0 = {
              scale = fixp:"1";
              name = str:"Dummy02";
              translation = xpoint3:"247.271209716796875,12.4562473297119140625,-6.837846279144287109375";
              rotation = {
                0 = xpoint3:"0.995975553989410400390625,0.089625097811222076416015625,0";
                1 = xpoint3:"-0.089625097811222076416015625,0.995975553989410400390625,0";
                2 = xpoint3:"0,0,1";
              }
            }
            #1 = {
              scale = fixp:"1";
              name = str:"pt_shoot_2";
              translation = xpoint3:"368.247528076171875,-9.7263431549072265625,0.724887371063232421875";
              rotation = {
                0 = xpoint3:"0,-0.995530903339385986328125,0.094436191022396087646484375";
                1 = xpoint3:"0,0.094436220824718475341796875,0.995530903339385986328125";
                2 = xpoint3:"-1,0,0";
              }
            }
          }
        }
        #4 = {
          scale = fixp:"1";
          name = str:"Box02";
          translation = xpoint3:"-0.462902247905731201171875,42.32894134521484375,347.88824462890625";
          rotation = {
            0 = xpoint3:"0,0,-0.999999940395355224609375";
            1 = xpoint3:"-0.999999940395355224609375,0,0";
            2 = xpoint3:"0,0.999999940395355224609375,0";
          }
          #0 = {
            scale = fixp:"1";
            name = str:"Box04";
            translation = xpoint3:"0,0,-147.71392822265625";
            rotation = {
              0 = xpoint3:"0.9793102741241455078125,0.20236440002918243408203125,0";
              1 = xpoint3:"-0.20236440002918243408203125,0.9793102741241455078125,0";
              2 = xpoint3:"0,0,1";
            }
          }
          #1 = {
            scale = fixp:"1";
            name = str:"Box03";
            translation = xpoint3:"0,0,147.65277099609375";
            rotation = {
              0 = xpoint3:"0.9793102741241455078125,0.20236440002918243408203125,0";
              1 = xpoint3:"-0.20236440002918243408203125,0.9793102741241455078125,0";
              2 = xpoint3:"0,0,1";
            }
          }
        }
      }
      #1 = {
        scale = fixp:"1";
        name = str:"pt_center";
        translation = xpoint3:"-0.38126289844512939453125,62.09503173828125,38.3583984375";
        rotation = {
          0 = xpoint3:"1,0,0";
          1 = xpoint3:"0,1,0";
          2 = xpoint3:"0,0,1";
        }
      }
      #2 = {
        scale = fixp:"1";
        name = str:"pt_cast_1";
        translation = xpoint3:"-268.34234619140625,-99.0024871826171875,365.4058837890625";
        rotation = {
          0 = xpoint3:"1,0,0";
          1 = xpoint3:"0,1,0";
          2 = xpoint3:"0,0,1";
        }
      }
      #3 = {
        scale = fixp:"1";
        name = str:"pt_cast_2";
        translation = xpoint3:"267.69049072265625,-99.0024871826171875,365.4058837890625";
        rotation = {
          0 = xpoint3:"1,0,0";
          1 = xpoint3:"0,1,0";
          2 = xpoint3:"0,0,1";
        }
      }
    }
    #1 = {
      scale = fixp:"1";
      name = str:"pt_ground";
      translation = xpoint3:"0,0,0";
      rotation = {
        0 = xpoint3:"1,0,0";
        1 = xpoint3:"0,1,0";
        2 = xpoint3:"0,0,1";
      }
    }
    #2 = {
      scale = fixp:"1";
      name = str:"pt_top";
      translation = xpoint3:"0,34.39520263671875,1140.5068359375";
      rotation = {
        0 = xpoint3:"1,0,0";
        1 = xpoint3:"0,1,0";
        2 = xpoint3:"0,0,1";
      }
    }
    #3 = {
      scale = fixp:"1";
      name = str:"pt_aim";
      translation = xpoint3:"0,32.68991851806640625,422.8853759765625";
      rotation = {
        0 = xpoint3:"1,0,0";
        1 = xpoint3:"0,1,0";
        2 = xpoint3:"0,0,1";
      }
    }
  }
  #2 = {
    scale = fixp:"1";
    name = str:"IK Chain01";
    translation = xpoint3:"280.740264892578125,-34.39404296875,-1.53724443912506103515625";
    rotation = {
      0 = xpoint3:"1,0,0";
      1 = xpoint3:"0,1,0";
      2 = xpoint3:"0,0,1";
    }
    #0 = {
      scale = fixp:"1";
      name = str:"pt_foot";
      translation = xpoint3:"-0.4840087890625,74.7434539794921875,84.5536346435546875";
      rotation = {
        0 = xpoint3:"1,0,0";
        1 = xpoint3:"0,1,0";
        2 = xpoint3:"0,0,1";
      }
    }
    #1 = {
      scale = fixp:"1";
      name = str:"pt_footprint01";
      translation = xpoint3:"-0.4840087890625,74.74346160888671875,1.53724575042724609375";
      rotation = {
        0 = xpoint3:"1,0,0";
        1 = xpoint3:"0,1,0";
        2 = xpoint3:"0,0,1";
      }
    }
  }
  #3 = {
    scale = fixp:"1";
    name = str:"IK Chain06";
    translation = xpoint3:"-290.007904052734375,-34.3940277099609375,-1.53724586963653564453125";
    rotation = {
      0 = xpoint3:"1,0,0";
      1 = xpoint3:"0,1,0";
      2 = xpoint3:"0,0,1";
    }
    #0 = {
      scale = fixp:"1";
      name = str:"pt_foot";
      translation = xpoint3:"-0.002685546875,74.743438720703125,84.5536346435546875";
      rotation = {
        0 = xpoint3:"1,0,0";
        1 = xpoint3:"0,1,0";
        2 = xpoint3:"0,0,1";
      }
    }
    #1 = {
      scale = fixp:"1";
      name = str:"pt_footprint02";
      translation = xpoint3:"-0.002685546875,74.74344635009765625,1.537247180938720703125";
      rotation = {
        0 = xpoint3:"1,0,0";
        1 = xpoint3:"0,1,0";
        2 = xpoint3:"0,0,1";
      }
    }
  }
}