model = {
  file = str:"data\models\units\howlinghorror\howlinghorror.nif";
  animation = {
    loop = fixp:"0";
    duration = fixp:"24.3333339691162109375";
  }
  #0 = {
    scale = fixp:"1";
    name = str:"Golem";
    translation = xpoint3:"0,0,0";
    rotation = {
      0 = xpoint3:"1,0,0";
      1 = xpoint3:"0,1,0";
      2 = xpoint3:"0,0,1";
    }
  }
  #1 = {
    scale = fixp:"1";
    name = str:"ROOT";
    translation = xpoint3:"-0.33156585693359375,-0.080715179443359375,0";
    rotation = {
      0 = xpoint3:"1,0,0";
      1 = xpoint3:"0,1,0";
      2 = xpoint3:"0,0,1";
    }
    #2 = {
      scale = fixp:"1";
      name = str:"ROOT NonAccum";
      translation = xpoint3:"0,0,0";
      rotation = {
        0 = xpoint3:"1,0,0";
        1 = xpoint3:"0,1,0";
        2 = xpoint3:"0,0,1";
      }
      #0 = {
        scale = fixp:"1";
        name = str:"Bip01";
        translation = xpoint3:"-0.60468471050262451171875,0.2217235565185546875,132.19366455078125";
        rotation = {
          0 = xpoint3:"1,0,0";
          1 = xpoint3:"0,1,0";
          2 = xpoint3:"0,0,1";
        }
        #0 = {
          scale = fixp:"1";
          name = str:"Box01";
          translation = xpoint3:"0.138367176055908203125,0.082912445068359375,-0.6673583984375";
          rotation = {
            0 = xpoint3:"0.9723017215728759765625,-0.2337293326854705810546875,0";
            1 = xpoint3:"0.2337293326854705810546875,0.9723017215728759765625,0";
            2 = xpoint3:"0,0,1";
          }
          #0 = {
            scale = fixp:"1";
            name = str:"Box02";
            translation = xpoint3:"0,0.3560800850391387939453125,18.0965576171875";
            rotation = {
              0 = xpoint3:"0.972955524921417236328125,0.23038403689861297607421875,0.016754023730754852294921875";
              1 = xpoint3:"-0.22994385659694671630859375,0.972891032695770263671875,-0.024675704538822174072265625";
              2 = xpoint3:"-0.0219847261905670166015625,0.0201558768749237060546875,0.999555110931396484375";
            }
            #0 = {
              scale = fixp:"1";
              name = str:"Box03";
              translation = xpoint3:"0,0,44.962459564208984375";
              rotation = {
                0 = xpoint3:"1,0,0";
                1 = xpoint3:"0,1,0";
                2 = xpoint3:"0,0,1";
              }
              #0 = {
                scale = fixp:"1";
                name = str:"Box04";
                translation = xpoint3:"1.48774230480194091796875,-12.82981967926025390625,35.727436065673828125";
                rotation = {
                  0 = xpoint3:"0.99792766571044921875,-0.0359418392181396484375,-0.0533722080290317535400390625";
                  1 = xpoint3:"-0.04267823696136474609375,0.2510435879230499267578125,-0.96703445911407470703125";
                  2 = xpoint3:"0.0481557510793209075927734375,0.9673082828521728515625,0.248989403247833251953125";
                }
                #0 = {
                  scale = fixp:"1";
                  name = str:"pt_head";
                  translation = xpoint3:"-1.084420680999755859375,-3.873900890350341796875,25.4468593597412109375";
                  rotation = {
                    0 = xpoint3:"0.99888598918914794921875,-0.03981061279773712158203125,0.0253350622951984405517578125";
                    1 = xpoint3:"-0.015447835437953472137451171875,0.23143325746059417724609375,0.97272813320159912109375";
                    2 = xpoint3:"-0.0445882789790630340576171875,-0.972035884857177734375,0.2305604517459869384765625";
                  }
                }
              }
              #1 = {
                scale = fixp:"1";
                name = str:"Bone05";
                translation = xpoint3:"45.83415985107421875,0.4219799339771270751953125,10.3989238739013671875";
                rotation = {
                  0 = xpoint3:"0.821116864681243896484375,0.4323517978191375732421875,0.372262537479400634765625";
                  1 = xpoint3:"0.3693700730800628662109375,0.095153860747814178466796875,-0.92368733882904052734375";
                  2 = xpoint3:"-0.434825479984283447265625,0.89593780040740966796875,-0.0815638005733489990234375";
                }
                #0 = {
                  scale = fixp:"1";
                  name = str:"Bone06";
                  translation = xpoint3:"40.260547637939453125,0,0";
                  rotation = {
                    0 = xpoint3:"0.7467052936553955078125,0.309050858020782470703125,-0.588686048984527587890625";
                    1 = xpoint3:"-0.1631473600864410400390625,0.943522036075592041015625,0.288213789463043212890625";
                    2 = xpoint3:"0.644551455974578857421875,-0.11904542148113250732421875,0.75500071048736572265625";
                  }
                  #0 = {
                    scale = fixp:"1";
                    name = str:"Bone07";
                    translation = xpoint3:"40.484195709228515625,0,0";
                    rotation = {
                      0 = xpoint3:"0.497532427310943603515625,0.84502112865447998046875,-0.1940917670726776123046875";
                      1 = xpoint3:"-0.78767359256744384765625,0.534099638462066650390625,0.3059929907321929931640625";
                      2 = xpoint3:"0.3623569905757904052734375,0,0.931986033916473388671875";
                    }
                    #0 = {
                      scale = fixp:"1";
                      name = str:"Bone08";
                      translation = xpoint3:"63.795436859130859375,0,0";
                      rotation = {
                        0 = xpoint3:"0.98263013362884521484375,-0.066782556474208831787109375,-0.1730689108371734619140625";
                        1 = xpoint3:"0.079845406115055084228515625,0.9943716526031494140625,0.069581218063831329345703125";
                        2 = xpoint3:"0.167443931102752685546875,-0.082200519740581512451171875,0.98243582248687744140625";
                      }
                      #0 = {
                        scale = fixp:"1";
                        name = str:"Bone18";
                        translation = xpoint3:"-3.8981258869171142578125,-26.8865337371826171875,-17.241802215576171875";
                        rotation = {
                          0 = xpoint3:"0.988360226154327392578125,0.07512299716472625732421875,-0.1322899162769317626953125";
                          1 = xpoint3:"-0.06628049910068511962890625,0.995340645313262939453125,0.07002772390842437744140625";
                          2 = xpoint3:"0.136934220790863037109375,-0.0604443736374378204345703125,0.988734304904937744140625";
                        }
                      }
                      #1 = {
                        scale = fixp:"1";
                        name = str:"Bone27";
                        translation = xpoint3:"10.69354343414306640625,15.019824981689453125,29.90456390380859375";
                        rotation = {
                          0 = xpoint3:"0.765684604644775390625,0.4025057256221771240234375,0.501713335514068603515625";
                          1 = xpoint3:"-0.4653415977954864501953125,0.885131180286407470703125,0";
                          2 = xpoint3:"-0.4440543949604034423828125,-0.2335207760334014892578125,0.86503398418426513671875";
                        }
                      }
                      #2 = {
                        scale = fixp:"1";
                        name = str:"Bone14";
                        translation = xpoint3:"4.80943584442138671875,12.10371494293212890625,-27.395549774169921875";
                        rotation = {
                          0 = xpoint3:"0.8399679660797119140625,0.54246616363525390625,0.01357440650463104248046875";
                          1 = xpoint3:"-0.510474681854248046875,0.781452834606170654296875,0.35881328582763671875";
                          2 = xpoint3:"0.184036314487457275390625,-0.308321058750152587890625,0.93331062793731689453125";
                        }
                      }
                      #3 = {
                        scale = fixp:"1";
                        name = str:"Bone10";
                        translation = xpoint3:"13.908771514892578125,32.01340484619140625,3.6022779941558837890625";
                        rotation = {
                          0 = xpoint3:"0.80781304836273193359375,0.52228260040283203125,0.2732379138469696044921875";
                          1 = xpoint3:"-0.5763070583343505859375,0.797133505344390869140625,0.1801340281963348388671875";
                          2 = xpoint3:"-0.123726226389408111572265625,-0.3029835522174835205078125,0.944930016994476318359375";
                        }
                      }
                      #4 = {
                        scale = fixp:"1";
                        name = str:"pt_hand";
                        translation = xpoint3:"7.05903720855712890625,-0.23177002370357513427734375,-0.2291050851345062255859375";
                        rotation = {
                          0 = xpoint3:"-0.059424705803394317626953125,-0.8337619304656982421875,-0.548916757106781005859375";
                          1 = xpoint3:"0.9952850341796875,-0.0072595886886119842529296875,-0.0967209339141845703125";
                          2 = xpoint3:"0.07665733993053436279296875,-0.552076280117034912109375,0.830262243747711181640625";
                        }
                      }
                      #5 = {
                        scale = fixp:"0.1103842258453369140625";
                        name = str:"Point05";
                        translation = xpoint3:"6.507676601409912109375,-0.62857401371002197265625,1.6973302364349365234375";
                        rotation = {
                          0 = xpoint3:"-0.03113424777984619140625,-0.2862429320812225341796875,-0.9576511383056640625";
                          1 = xpoint3:"0.9086587429046630859375,-0.407236635684967041015625,0.0921820104122161865234375";
                          2 = xpoint3:"-0.4163770973682403564453125,-0.86730802059173583984375,0.272776186466217041015625";
                        }
                      }
                    }
                  }
                }
              }
              #2 = {
                scale = fixp:"1";
                name = str:"Bone01";
                translation = xpoint3:"-44.32228851318359375,-0.580008804798126220703125,19.7445278167724609375";
                rotation = {
                  0 = xpoint3:"-0.487921774387359619140625,0.855438888072967529296875,-0.1673243343830108642578125";
                  1 = xpoint3:"0.169840514659881591796875,-0.093979299068450927734375,-0.980170726776123046875";
                  2 = xpoint3:"-0.85494291782379150390625,-0.50774466991424560546875,-0.09835720062255859375";
                }
                #0 = {
                  scale = fixp:"1";
                  name = str:"Bone02";
                  translation = xpoint3:"39.847873687744140625,0.0014929217286407947540283203125,0";
                  rotation = {
                    0 = xpoint3:"0.7830173969268798828125,0.4118473529815673828125,-0.4657795727252960205078125";
                    1 = xpoint3:"-0.44479739665985107421875,0.894501507282257080078125,0.043234728276729583740234375";
                    2 = xpoint3:"0.4344238936901092529296875,0.1734812557697296142578125,0.883748531341552734375";
                  }
                  #0 = {
                    scale = fixp:"1";
                    name = str:"Bone03";
                    translation = xpoint3:"39.077526092529296875,0,0";
                    rotation = {
                      0 = xpoint3:"0.413046777248382568359375,-0.78673553466796875,-0.4578075706958770751953125";
                      1 = xpoint3:"0.584583282470703125,0.61483919620513916015625,-0.528844177722930908203125";
                      2 = xpoint3:"0.697712600231170654296875,-0.04960899055004119873046875,0.714367926120758056640625";
                    }
                    #0 = {
                      scale = fixp:"1";
                      name = str:"Bone04";
                      translation = xpoint3:"48.044811248779296875,0,0";
                      rotation = {
                        0 = xpoint3:"0.986991107463836669921875,0.046293355524539947509765625,-0.15390469133853912353515625";
                        1 = xpoint3:"-0.05958114564418792724609375,0.994778931140899658203125,-0.082809425890445709228515625";
                        2 = xpoint3:"0.14926426112651824951171875,0.090907864272594451904296875,0.9845981597900390625";
                      }
                      #0 = {
                        scale = fixp:"1";
                        name = str:"Bone21";
                        translation = xpoint3:"-9.4151897430419921875,21.826961517333984375,-16.442012786865234375";
                        rotation = {
                          0 = xpoint3:"0.96420991420745849609375,-0.26395308971405029296875,-0.02505925111472606658935546875";
                          1 = xpoint3:"0.259630143642425537109375,0.959114134311676025390625,-0.1126599609851837158203125";
                          2 = xpoint3:"0.053771622478961944580078125,0.10212171077728271484375,0.993317544460296630859375";
                        }
                      }
                      #1 = {
                        scale = fixp:"1";
                        name = str:"Bone25";
                        translation = xpoint3:"-0.621566832065582275390625,-13.12614536285400390625,-24.0341815948486328125";
                        rotation = {
                          0 = xpoint3:"0.8043768405914306640625,-0.48165094852447509765625,0.34783661365509033203125";
                          1 = xpoint3:"0.59159374237060546875,0.703261196613311767578125,-0.39425957202911376953125";
                          2 = xpoint3:"-0.05472452938556671142578125,0.52291119098663330078125,0.850628674030303955078125";
                        }
                      }
                      #2 = {
                        scale = fixp:"1";
                        name = str:"Bone29";
                        translation = xpoint3:"7.537303447723388671875,-14.30842113494873046875,25.5492801666259765625";
                        rotation = {
                          0 = xpoint3:"0.83160579204559326171875,-0.47646999359130859375,0.28532111644744873046875";
                          1 = xpoint3:"0.52861082553863525390625,0.8366343975067138671875,-0.14357388019561767578125";
                          2 = xpoint3:"-0.17030084133148193359375,0.270220696926116943359375,0.947617232799530029296875";
                        }
                      }
                      #3 = {
                        scale = fixp:"1";
                        name = str:"Bone23";
                        translation = xpoint3:"4.599354267120361328125,-26.7555484771728515625,-0.742585837841033935546875";
                        rotation = {
                          0 = xpoint3:"0.932179033756256103515625,-0.34348356723785400390625,0.1142862737178802490234375";
                          1 = xpoint3:"0.361367881298065185546875,0.9015791416168212890625,-0.2378409206867218017578125";
                          2 = xpoint3:"-0.0213436670601367950439453125,0.2630096971988677978515625,0.96455705165863037109375";
                        }
                      }
                      #4 = {
                        scale = fixp:"1";
                        name = str:"pt_hand@#0";
                        translation = xpoint3:"4.5517864227294921875,-0.801331460475921630859375,0.0021391771733760833740234375";
                        rotation = {
                          0 = xpoint3:"0.0134959109127521514892578125,-0.934178769588470458984375,-0.3565499782562255859375";
                          1 = xpoint3:"0.993425190448760986328125,0.0530686937272548675537109375,-0.10144011676311492919921875";
                          2 = xpoint3:"0.11368484795093536376953125,-0.352836668491363525390625,0.928752958774566650390625";
                        }
                      }
                    }
                  }
                }
              }
              #3 = {
                scale = fixp:"1";
                name = str:"Bone09";
                translation = xpoint3:"57.7304229736328125,13.2099018096923828125,46.389209747314453125";
                rotation = {
                  0 = xpoint3:"0.52836930751800537109375,-0.844668686389923095703125,0.0857942402362823486328125";
                  1 = xpoint3:"0.160276472568511962890625,0,-0.98707211017608642578125";
                  2 = xpoint3:"0.83374893665313720703125,0.535289287567138671875,0.1353806555271148681640625";
                }
              }
              #4 = {
                scale = fixp:"1";
                name = str:"Bone11";
                translation = xpoint3:"65.55072021484375,20.825275421142578125,35.791141510009765625";
                rotation = {
                  0 = xpoint3:"0.638952791690826416015625,-0.754395544528961181640625,0.150421679019927978515625";
                  1 = xpoint3:"0.2291545867919921875,0,-0.97338998317718505859375";
                  2 = xpoint3:"0.734321117401123046875,0.65642011165618896484375,0.1728732585906982421875";
                }
              }
              #5 = {
                scale = fixp:"1";
                name = str:"Bone13";
                translation = xpoint3:"70.5785980224609375,13.20706272125244140625,26.603740692138671875";
                rotation = {
                  0 = xpoint3:"0.8176124095916748046875,-0.544620215892791748046875,0.186811983585357666015625";
                  1 = xpoint3:"0.22274453938007354736328125,0,-0.974876821041107177734375";
                  2 = xpoint3:"0.530937612056732177734375,0.838682711124420166015625,0.121311314404010772705078125";
                }
              }
              #6 = {
                scale = fixp:"1";
                name = str:"Bone15";
                translation = xpoint3:"-46.254215240478515625,14.01067066192626953125,54.320323944091796875";
                rotation = {
                  0 = xpoint3:"-0.3249051570892333984375,-0.9447634220123291015625,-0.0431106984615325927734375";
                  1 = xpoint3:"0.1315355002880096435546875,0,-0.99131143093109130859375";
                  2 = xpoint3:"0.93655478954315185546875,-0.3277528285980224609375,0.124270141124725341796875";
                }
              }
              #7 = {
                scale = fixp:"1";
                name = str:"Bone19";
                translation = xpoint3:"-53.144626617431640625,8.90078830718994140625,38.886058807373046875";
                rotation = {
                  0 = xpoint3:"-0.534012258052825927734375,-0.8323428630828857421875,-0.1484455168247222900390625";
                  1 = xpoint3:"0.26782703399658203125,0,-0.96346700191497802734375";
                  2 = xpoint3:"0.80193483829498291015625,-0.5542609691619873046875,0.22292436659336090087890625";
                }
              }
              #8 = {
                scale = fixp:"1";
                name = str:"Bone17";
                translation = xpoint3:"-60.917842864990234375,20.60971832275390625,43.3567352294921875";
                rotation = {
                  0 = xpoint3:"-0.590818941593170166015625,-0.802467525005340576171875,-0.083540618419647216796875";
                  1 = xpoint3:"0.1400053501129150390625,0,-0.99015080928802490234375";
                  2 = xpoint3:"0.794563829898834228515625,-0.59669589996337890625,0.1123496592044830322265625";
                }
              }
              #9 = {
                scale = fixp:"1";
                name = str:"pt_chest";
                translation = xpoint3:"-0.1467157304286956787109375,0.8260972499847412109375,14.0726375579833984375";
                rotation = {
                  0 = xpoint3:"0.99975097179412841796875,0.00383350602351129055023193359375,-0.02198450081050395965576171875";
                  1 = xpoint3:"-0.00339043443091213703155517578125,0.999791085720062255859375,0.02015579678118228912353515625";
                  2 = xpoint3:"0.02205717749893665313720703125,-0.02007623948156833648681640625,0.999555110931396484375";
                }
              }
            }
          }
          #1 = {
            scale = fixp:"1";
            name = str:"Bone12";
            translation = xpoint3:"-32.009510040283203125,7.46438312530517578125,-5.40966796875";
            rotation = {
              0 = xpoint3:"-0.342691123485565185546875,0.81984245777130126953125,-0.456588089466094970703125";
              1 = xpoint3:"-0.52337944507598876953125,-0.57016623020172119140625,-0.63143157958984375";
              2 = xpoint3:"-0.778901994228363037109375,0.0221407115459442138671875,0.626321971416473388671875";
            }
            #0 = {
              scale = fixp:"1";
              name = str:"Bone16";
              translation = xpoint3:"70.06636810302734375,0,0";
              rotation = {
                0 = xpoint3:"0.657643020153045654296875,0.085742302238941192626953125,0.748102366924285888671875";
                1 = xpoint3:"-0.102682448923587799072265625,0.994427144527435302734375,-0.0237245224416255950927734375";
                2 = xpoint3:"-0.745965898036956787109375,-0.0612763874232769012451171875,0.662790119647979736328125";
              }
              #0 = {
                scale = fixp:"1";
                name = str:"Bone20";
                translation = xpoint3:"72.9364166259765625,0,0";
                rotation = {
                  0 = xpoint3:"0.967165648937225341796875,0,-0.2540530264377593994140625";
                  1 = xpoint3:"0.1998861134052276611328125,0.617499887943267822265625,0.7603843212127685546875";
                  2 = xpoint3:"0.1568071544170379638671875,-0.78621804714202880859375,0.59723377227783203125";
                }
              }
            }
          }
          #2 = {
            scale = fixp:"1";
            name = str:"Bone22";
            translation = xpoint3:"23.699687957763671875,-5.927418231964111328125,-5.1274261474609375";
            rotation = {
              0 = xpoint3:"0.36575686931610107421875,0.843683302402496337890625,0.39179074764251708984375";
              1 = xpoint3:"-0.328747570514678955078125,0.511447846889495849609375,-0.793496787548065185546875";
              2 = xpoint3:"-0.87018764019012451171875,0.16096770763397216796875,0.46485078334808349609375";
            }
            #0 = {
              scale = fixp:"1";
              name = str:"Bone24";
              translation = xpoint3:"72.23569488525390625,0,0";
              rotation = {
                0 = xpoint3:"0.561613738536834716796875,-0.19648037850856781005859375,0.803336322307586669921875";
                1 = xpoint3:"0.13823132216930389404296875,0.980007171630859375,0.14300025999546051025390625";
                2 = xpoint3:"-0.815380871295928955078125,0.0308614857494831085205078125,0.577571332454681396484375";
              }
              #0 = {
                scale = fixp:"1";
                name = str:"Bone26";
                translation = xpoint3:"75.1976165771484375,0,0";
                rotation = {
                  0 = xpoint3:"0.964932143688201904296875,0,-0.2624023854732513427734375";
                  1 = xpoint3:"-0.2181411683559417724609375,0.556110799312591552734375,-0.80156791210174560546875";
                  2 = xpoint3:"0.145840466022491455078125,0.83072054386138916015625,0.536620438098907470703125";
                }
              }
            }
          }
        }
        #1 = {
          scale = fixp:"1";
          name = str:"pt_center";
          translation = xpoint3:"1.2078211307525634765625,0.069282054901123046875,39.177490234375";
          rotation = {
            0 = xpoint3:"1,0,0";
            1 = xpoint3:"0,1,0";
            2 = xpoint3:"0,0,1";
          }
        }
      }
      #1 = {
        scale = fixp:"1";
        name = str:"pt_ground";
        translation = xpoint3:"0.33156585693359375,0.080715179443359375,0";
        rotation = {
          0 = xpoint3:"1,0,0";
          1 = xpoint3:"0,1,0";
          2 = xpoint3:"0,0,1";
        }
      }
      #2 = {
        scale = fixp:"1";
        name = str:"pt_top";
        translation = xpoint3:"0.603135406970977783203125,0.28627777099609375,317.7451171875";
        rotation = {
          0 = xpoint3:"1,0,0";
          1 = xpoint3:"0,1,0";
          2 = xpoint3:"0,0,1";
        }
      }
    }
  }
  #2 = {
    scale = fixp:"1";
    name = str:"IK Chain01";
    translation = xpoint3:"-49.484283447265625,-27.585872650146484375,-0.1247093677520751953125";
    rotation = {
      0 = xpoint3:"1,0,0";
      1 = xpoint3:"0,1,0";
      2 = xpoint3:"0,0,1";
    }
    #0 = {
      scale = fixp:"1";
      name = str:"pt_footprint02";
      translation = xpoint3:"-0.19652557373046875,-0.0465240478515625,0.0931529998779296875";
      rotation = {
        0 = xpoint3:"1,0,0";
        1 = xpoint3:"0,1,0";
        2 = xpoint3:"0,0,1";
      }
    }
    #1 = {
      scale = fixp:"1";
      name = str:"pt_foot";
      translation = xpoint3:"-0.19652557373046875,-0.0465240478515625,6.3772068023681640625";
      rotation = {
        0 = xpoint3:"1,0,0";
        1 = xpoint3:"0,1,0";
        2 = xpoint3:"0,0,1";
      }
    }
  }
  #3 = {
    scale = fixp:"1";
    name = str:"IK Chain02";
    translation = xpoint3:"45.59612274169921875,22.1368408203125,-0.08439350128173828125";
    rotation = {
      0 = xpoint3:"1,0,0";
      1 = xpoint3:"0,1,0";
      2 = xpoint3:"0,0,1";
    }
    #0 = {
      scale = fixp:"1";
      name = str:"pt_footprint01";
      translation = xpoint3:"-0.26027679443359375,-0.1122684478759765625,0.0528392791748046875";
      rotation = {
        0 = xpoint3:"1,0,0";
        1 = xpoint3:"0,1,0";
        2 = xpoint3:"0,0,1";
      }
    }
    #1 = {
      scale = fixp:"1";
      name = str:"pt_foot";
      translation = xpoint3:"-0.26027679443359375,-0.1122722625732421875,6.336893558502197265625";
      rotation = {
        0 = xpoint3:"1,0,0";
        1 = xpoint3:"0,1,0";
        2 = xpoint3:"0,0,1";
      }
    }
  }
  #5 = {
    scale = fixp:"1";
    name = str:"stone";
    translation = xpoint3:"7.1985340118408203125,-116.024078369140625,16.5281352996826171875";
    rotation = {
      0 = xpoint3:"0.3997294008731842041015625,0.19670285284519195556640625,-0.8952789306640625";
      1 = xpoint3:"-0.13258801400661468505859375,0.9788396358489990234375,0.15586340427398681640625";
      2 = xpoint3:"0.90699326992034912109375,0.0564000867307186126708984375,0.417351424694061279296875";
    }
  }
}