model = {
  file = str:"data\models\units\howlinghorror\howlinghorror_die.nif";
  animation = {
    loop = fixp:"0";
    duration = fixp:"1.5";
  }
  #1 = {
    scale = fixp:"1";
    name = str:"Part01";
    translation = xpoint3:"-3.969750881195068359375,-8.416164398193359375,153.830780029296875";
    rotation = {
      0 = xpoint3:"1,0,0";
      1 = xpoint3:"0,0.982621967792510986328125,0.18561805784702301025390625";
      2 = xpoint3:"0,-0.18561805784702301025390625,0.982621967792510986328125";
    }
  }
  #2 = {
    scale = fixp:"1";
    name = str:"Part02";
    translation = xpoint3:"-3.969750881195068359375,-4.690853118896484375,98.7801055908203125";
    rotation = {
      0 = xpoint3:"1,0,0";
      1 = xpoint3:"0,0.982621967792510986328125,0.18561805784702301025390625";
      2 = xpoint3:"0,-0.18561805784702301025390625,0.982621967792510986328125";
    }
  }
  #3 = {
    scale = fixp:"1";
    name = str:"Part03";
    translation = xpoint3:"25.668758392333984375,-3.664755344390869140625,132.2166748046875";
    rotation = {
      0 = xpoint3:"-0.975735366344451904296875,-0.02122684754431247711181640625,0.217921793460845947265625";
      1 = xpoint3:"-0.107318349182605743408203125,0.9139010906219482421875,-0.391493976116180419921875";
      2 = xpoint3:"-0.1908487975597381591796875,-0.405381500720977783203125,-0.894003689289093017578125";
    }
  }
  #4 = {
    scale = fixp:"1";
    name = str:"Part04";
    translation = xpoint3:"-27.187957763671875,6.9762935638427734375,139.712310791015625";
    rotation = {
      0 = xpoint3:"-0.95356118679046630859375,-0.20607630908489227294921875,-0.21966718137264251708984375";
      1 = xpoint3:"-0.064316116273403167724609375,0.851798951625823974609375,-0.519905745983123779296875";
      2 = xpoint3:"0.2942525446414947509765625,-0.48163378238677978515625,-0.8254964351654052734375";
    }
  }
  #5 = {
    scale = fixp:"1";
    name = str:"Part05";
    translation = xpoint3:"51.85283660888671875,-31.72800445556640625,60.18152618408203125";
    rotation = {
      0 = xpoint3:"-0.83110868930816650390625,-0.549687802791595458984375,-0.084271453320980072021484375";
      1 = xpoint3:"-0.44859218597412109375,0.573119699954986572265625,0.68578338623046875";
      2 = xpoint3:"-0.328669130802154541015625,0.607764065265655517578125,-0.722910404205322265625";
    }
  }
  #6 = {
    scale = fixp:"1";
    name = str:"Part06";
    translation = xpoint3:"-52.721820831298828125,-43.78913116455078125,77.89229583740234375";
    rotation = {
      0 = xpoint3:"-0.999090373516082763671875,0,0.0426424480974674224853515625";
      1 = xpoint3:"0.00910137593746185302734375,0.9769575595855712890625,0.21323950588703155517578125";
      2 = xpoint3:"-0.0416598506271839141845703125,0.21343363821506500244140625,-0.976068973541259765625";
    }
  }
  #7 = {
    scale = fixp:"1";
    name = str:"Part07";
    translation = xpoint3:"38.399692535400390625,11.91495418548583984375,197.465179443359375";
    rotation = {
      0 = xpoint3:"0.3045134842395782470703125,0.3016526997089385986328125,0.903480589389801025390625";
      1 = xpoint3:"0.8378031253814697265625,0.3664464056491851806640625,-0.4047257900238037109375";
      2 = xpoint3:"-0.4531638324260711669921875,0.88018333911895751953125,-0.14113771915435791015625";
    }
  }
  #8 = {
    scale = fixp:"1";
    name = str:"Part08";
    translation = xpoint3:"76.532501220703125,-9.257404327392578125,197.465179443359375";
    rotation = {
      0 = xpoint3:"0.02841615490615367889404296875,0.17251075804233551025390625,0.984597623348236083984375";
      1 = xpoint3:"0.8909742832183837890625,0.442173421382904052734375,-0.10318703949451446533203125";
      2 = xpoint3:"-0.4531637728214263916015625,0.88018333911895751953125,-0.14113776385784149169921875";
    }
  }
  #9 = {
    scale = fixp:"1";
    name = str:"Part09";
    translation = xpoint3:"121.11279296875,-18.342418670654296875,196.5982666015625";
    rotation = {
      0 = xpoint3:"0.45204317569732666015625,-0.885183751583099365234375,0.11003048717975616455078125";
      1 = xpoint3:"0.890974104404449462890625,0.442173779010772705078125,-0.103186972439289093017578125";
      2 = xpoint3:"0.04268683493137359619140625,0.1446792781352996826171875,0.988557398319244384765625";
    }
  }
  #10 = {
    scale = fixp:"1";
    name = str:"Part10";
    translation = xpoint3:"139.3643035888671875,1.4974915981292724609375,270.16424560546875";
    rotation = {
      0 = xpoint3:"0.857891738414764404296875,-0.4534908235073089599609375,-0.24159429967403411865234375";
      1 = xpoint3:"0.312642395496368408203125,0.83382236957550048828125,-0.4549670517444610595703125";
      2 = xpoint3:"0.407770097255706787109375,0.3147798478603363037109375,0.8571097850799560546875";
    }
  }
  #11 = {
    scale = fixp:"1";
    name = str:"Part11";
    translation = xpoint3:"157.55352783203125,-19.378696441650390625,268.442901611328125";
    rotation = {
      0 = xpoint3:"0.891130149364471435546875,-0.435820043087005615234375,-0.12628538906574249267578125";
      1 = xpoint3:"0.3966352045536041259765625,0.88336277008056640625,-0.2497012615203857421875";
      2 = xpoint3:"0.22038061916828155517578125,0.1724270880222320556640625,0.9600527286529541015625";
    }
  }
  #12 = {
    scale = fixp:"1";
    name = str:"Part12";
    translation = xpoint3:"147.70849609375,-53.5755767822265625,259.2147216796875";
    rotation = {
      0 = xpoint3:"0.89996635913848876953125,-0.4336011111736297607421875,-0.0452835150063037872314453125";
      1 = xpoint3:"0.430009186267852783203125,0.89998424053192138671875,-0.071557439863681793212890625";
      2 = xpoint3:"0.071781836450099945068359375,0.0449269600212574005126953125,0.996408045291900634765625";
    }
  }
  #13 = {
    scale = fixp:"1";
    name = str:"Part13";
    translation = xpoint3:"107.798126220703125,-53.251888275146484375,259.2147216796875";
    rotation = {
      0 = xpoint3:"0.90533673763275146484375,-0.4246940910816192626953125,0";
      1 = xpoint3:"0.4225636422634124755859375,0.900929629802703857421875,0.098821826279163360595703125";
      2 = xpoint3:"-0.04248951375484466552734375,-0.089222915470600128173828125,0.995104968547821044921875";
    }
  }
  #14 = {
    scale = fixp:"1";
    name = str:"Part14";
    translation = xpoint3:"-49.0558624267578125,4.107464313507080078125,221.018157958984375";
    rotation = {
      0 = xpoint3:"0.4866355359554290771484375,-0.7160799503326416015625,-0.50041520595550537109375";
      1 = xpoint3:"-0.86566770076751708984375,-0.4723042547702789306640625,-0.1659762859344482421875";
      2 = xpoint3:"-0.117495931684970855712890625,0.513963222503662109375,-0.849727332592010498046875";
    }
  }
  #15 = {
    scale = fixp:"1";
    name = str:"Part15";
    translation = xpoint3:"-72.7885284423828125,-7.7595500946044921875,183.61285400390625";
    rotation = {
      0 = xpoint3:"0.350648701190948486328125,0.03044212050735950469970703125,-0.93601214885711669921875";
      1 = xpoint3:"-0.81956577301025390625,-0.473656594753265380859375,-0.3224304020404815673828125";
      2 = xpoint3:"-0.4531637728214263916015625,0.88018333911895751953125,-0.1411377489566802978515625";
    }
  }
  #16 = {
    scale = fixp:"1";
    name = str:"Part16";
    translation = xpoint3:"-124.126922607421875,4.00794219970703125,160.981109619140625";
    rotation = {
      0 = xpoint3:"0.4164406359195709228515625,-0.90915715694427490234375,0.0032297973521053791046142578125";
      1 = xpoint3:"0.845654904842376708984375,0.386044025421142578125,-0.36856186389923095703125";
      2 = xpoint3:"0.33383381366729736328125,0.1562154293060302734375,0.9295976161956787109375";
    }
  }
  #17 = {
    scale = fixp:"1";
    name = str:"Part17";
    translation = xpoint3:"-125.04436492919921875,-4.589363574981689453125,233.8647003173828125";
    rotation = {
      0 = xpoint3:"0.943035304546356201171875,-0.329830348491668701171875,0.0435471944510936737060546875";
      1 = xpoint3:"0.3326509892940521240234375,0.93687689304351806640625,-0.1077267825603485107421875";
      2 = xpoint3:"-0.0052667944692075252532958984375,0.116076171398162841796875,0.993226349353790283203125";
    }
  }
  #18 = {
    scale = fixp:"1";
    name = str:"Part18";
    translation = xpoint3:"-147.707305908203125,-11.7722339630126953125,228.9984588623046875";
    rotation = {
      0 = xpoint3:"0.8911302089691162109375,-0.4358198642730712890625,-0.12628526985645294189453125";
      1 = xpoint3:"0.3625845015048980712890625,0.85128414630889892578125,-0.3792726695537567138671875";
      2 = xpoint3:"0.2727992236614227294921875,0.2921922504901885986328125,0.91662657260894775390625";
    }
  }
  #19 = {
    scale = fixp:"1";
    name = str:"Part19";
    translation = xpoint3:"-147.9134979248046875,-41.919025421142578125,214.956146240234375";
    rotation = {
      0 = xpoint3:"0.9143598079681396484375,-0.403893530368804931640625,0.0285682417452335357666015625";
      1 = xpoint3:"0.3795363605022430419921875,0.830360710620880126953125,-0.4079868495464324951171875";
      2 = xpoint3:"0.141061305999755859375,0.3838894665241241455078125,0.912540733814239501953125";
    }
  }
  #20 = {
    scale = fixp:"1";
    name = str:"Part20";
    translation = xpoint3:"-111.2950897216796875,-50.1649627685546875,213.230743408203125";
    rotation = {
      0 = xpoint3:"0.905336797237396240234375,-0.4246939718723297119140625,0";
      1 = xpoint3:"0.39166796207427978515625,0.834406554698944091796875,-0.3877652585506439208984375";
      2 = xpoint3:"0.1641996204853057861328125,0.3512843549251556396484375,0.921757996082305908203125";
    }
  }
  #21 = {
    scale = fixp:"1";
    name = str:"Part21";
    translation = xpoint3:"51.872318267822265625,14.89865875244140625,230.3878936767578125";
    rotation = {
      0 = xpoint3:"0.918308258056640625,-0.14132229983806610107421875,0.369780957698822021484375";
      1 = xpoint3:"-0.113673172891139984130859375,0.80062973499298095703125,0.5882775783538818359375";
      2 = xpoint3:"-0.37919437885284423828125,-0.58225429058074951171875,0.7191603183746337890625";
    }
  }
  #22 = {
    scale = fixp:"1";
    name = str:"Part22";
    translation = xpoint3:"-45.472637176513671875,12.858394622802734375,237.3113250732421875";
    rotation = {
      0 = xpoint3:"0.63534963130950927734375,-0.683444440364837646484375,-0.359492123126983642578125";
      1 = xpoint3:"0.682429134845733642578125,0.27904379367828369140625,0.675592362880706787109375";
      2 = xpoint3:"-0.361415803432464599609375,-0.674565255641937255859375,0.6436927318572998046875";
    }
  }
  #23 = {
    scale = fixp:"1";
    name = str:"pt_head";
    translation = xpoint3:"-1.0844199657440185546875,-3.873912334442138671875,25.446849822998046875";
    rotation = {
      0 = xpoint3:"0.99888598918914794921875,-0.0398106090724468231201171875,0.02533505856990814208984375";
      1 = xpoint3:"-0.015447832643985748291015625,0.23143325746059417724609375,0.97272813320159912109375";
      2 = xpoint3:"-0.044588275253772735595703125,-0.972035884857177734375,0.2305604517459869384765625";
    }
  }
  #24 = {
    scale = fixp:"1";
    name = str:"pt_hand";
    translation = xpoint3:"7.059035778045654296875,-0.2317659854888916015625,-0.2291011810302734375";
    rotation = {
      0 = xpoint3:"-0.0594247244298458099365234375,-0.8337619304656982421875,-0.54891681671142578125";
      1 = xpoint3:"0.9952850341796875,-0.007259598933160305023193359375,-0.0967209637165069580078125";
      2 = xpoint3:"0.076657332479953765869140625,-0.5520763397216796875,0.830262243747711181640625";
    }
  }
  #25 = {
    scale = fixp:"1";
    name = str:"pt_hand";
    translation = xpoint3:"4.55178070068359375,-0.801334381103515625,0.00213623046875";
    rotation = {
      0 = xpoint3:"0.013495937921106815338134765625,-0.934178769588470458984375,-0.3565499782562255859375";
      1 = xpoint3:"0.993425190448760986328125,0.053068719804286956787109375,-0.1014401018619537353515625";
      2 = xpoint3:"0.113684840500354766845703125,-0.3528366982936859130859375,0.928752958774566650390625";
    }
  }
  #26 = {
    scale = fixp:"1";
    name = str:"pt_chest";
    translation = xpoint3:"-0.1467156708240509033203125,0.826097190380096435546875,14.072643280029296875";
    rotation = {
      0 = xpoint3:"0.99975097179412841796875,0.003833505325019359588623046875,-0.02198449708521366119384765625";
      1 = xpoint3:"-0.00339043396525084972381591796875,0.999791085720062255859375,0.020155794918537139892578125";
      2 = xpoint3:"0.02205717377364635467529296875,-0.020076237618923187255859375,0.999555110931396484375";
    }
  }
  #27 = {
    scale = fixp:"1";
    name = str:"pt_center";
    translation = xpoint3:"1.2078211307525634765625,0.069282054901123046875,39.177490234375";
    rotation = {
      0 = xpoint3:"1,0,0";
      1 = xpoint3:"0,1,0";
      2 = xpoint3:"0,0,1";
    }
  }
  #28 = {
    scale = fixp:"1";
    name = str:"pt_ground";
    translation = xpoint3:"0.33156585693359375,0.080715179443359375,0";
    rotation = {
      0 = xpoint3:"1,0,0";
      1 = xpoint3:"0,1,0";
      2 = xpoint3:"0,0,1";
    }
  }
  #29 = {
    scale = fixp:"1";
    name = str:"pt_top";
    translation = xpoint3:"0.603135406970977783203125,0.28627777099609375,317.7451171875";
    rotation = {
      0 = xpoint3:"1,0,0";
      1 = xpoint3:"0,1,0";
      2 = xpoint3:"0,0,1";
    }
  }
  #30 = {
    scale = fixp:"1";
    name = str:"pt_footprint02";
    translation = xpoint3:"-0.19652557373046875,-0.046523571014404296875,0.0931529998779296875";
    rotation = {
      0 = xpoint3:"1,0,0";
      1 = xpoint3:"0,1,0";
      2 = xpoint3:"0,0,1";
    }
  }
  #31 = {
    scale = fixp:"1";
    name = str:"pt_foot";
    translation = xpoint3:"-0.19652557373046875,-0.046524338424205780029296875,6.377207279205322265625";
    rotation = {
      0 = xpoint3:"1,0,0";
      1 = xpoint3:"0,1,0";
      2 = xpoint3:"0,0,1";
    }
  }
  #32 = {
    scale = fixp:"1";
    name = str:"pt_footprint01";
    translation = xpoint3:"-0.26027679443359375,-0.112268924713134765625,0.0528392791748046875";
    rotation = {
      0 = xpoint3:"1,0,0";
      1 = xpoint3:"0,1,0";
      2 = xpoint3:"0,0,1";
    }
  }
  #33 = {
    scale = fixp:"1";
    name = str:"pt_foot";
    translation = xpoint3:"-0.26027679443359375,-0.112272553145885467529296875,6.336893558502197265625";
    rotation = {
      0 = xpoint3:"1,0,0";
      1 = xpoint3:"0,1,0";
      2 = xpoint3:"0,0,1";
    }
  }
  #34 = {
    scale = fixp:"1";
    name = str:"ROOT";
    translation = xpoint3:"0,0,0";
    rotation = {
      0 = xpoint3:"1,0,0";
      1 = xpoint3:"0,1,0";
      2 = xpoint3:"0,0,1";
    }
  }
  #35 = {
    scale = fixp:"1";
    name = str:"PCloud01-Emitter";
    translation = xpoint3:"0,0,127.9486846923828125";
    rotation = {
      0 = xpoint3:"1,0,0";
      1 = xpoint3:"0,1,0";
      2 = xpoint3:"0,0,1";
    }
  }
  #36 = {
    scale = fixp:"1";
    name = str:"Gravity01";
    translation = xpoint3:"768.3076171875,-246.8575439453125,0";
    rotation = {
      0 = xpoint3:"1,0,0";
      1 = xpoint3:"0,-1,0";
      2 = xpoint3:"0,0,-1";
    }
  }
  #37 = {
    scale = fixp:"1";
    name = str:"PCloud02Debris-Emitter";
    translation = xpoint3:"0,0,132.4466705322265625";
    rotation = {
      0 = xpoint3:"1,0,0";
      1 = xpoint3:"0,1,0";
      2 = xpoint3:"0,0,1";
    }
  }
}