model = {
  file = str:"data\models\lifeforms\insect\insect.nif";
  animation = {
    loop = fixp:"0";
    duration = fixp:"10.16666698455810546875";
  }
  #2 = {
    scale = fixp:"1";
    name = str:"ROOT";
    translation = xpoint3:"0,0,0";
    rotation = {
      0 = xpoint3:"1,0,0";
      1 = xpoint3:"0,1,0";
      2 = xpoint3:"0,0,1";
    }
    #3 = {
      scale = fixp:"1";
      name = str:"ROOT NonAccum";
      translation = xpoint3:"0,0,0";
      rotation = {
        0 = xpoint3:"1,0,0";
        1 = xpoint3:"0,1,0";
        2 = xpoint3:"0,0,1";
      }
      #0 = {
        scale = fixp:"1";
        name = str:"Bip01";
        translation = xpoint3:"0.097972869873046875,-0.010933399200439453125,74.9221649169921875";
        rotation = {
          0 = xpoint3:"1,0,0";
          1 = xpoint3:"0,1,0";
          2 = xpoint3:"0,0,1";
        }
        #0 = {
          scale = fixp:"1";
          name = str:"Box01";
          translation = xpoint3:"0.14717578887939453125,-0.431899547576904296875,0.2447662353515625";
          rotation = {
            0 = xpoint3:"1,0,0";
            1 = xpoint3:"0,1,0";
            2 = xpoint3:"0,0,1";
          }
          #0 = {
            scale = fixp:"1";
            name = str:"Bone02";
            translation = xpoint3:"-7.4104785919189453125,0.06890964508056640625,0.143280029296875";
            rotation = {
              0 = xpoint3:"-0.830153405666351318359375,-0.526834189891815185546875,0.17502899467945098876953125";
              1 = xpoint3:"-0.15078127384185791015625,-0.08832423388957977294921875,-0.983811199665069580078125";
              2 = xpoint3:"0.534279346466064453125,-0.844431936740875244140625,-0.00472544133663177490234375";
            }
            #0 = {
              scale = fixp:"1";
              name = str:"Bone03";
              translation = xpoint3:"30.9726276397705078125,0,0";
              rotation = {
                0 = xpoint3:"-0.3270515501499176025390625,-0.939493656158447265625,0.091994822025299072265625";
                1 = xpoint3:"0.9436204433441162109375,-0.3226510584354400634765625,0.059643350541591644287109375";
                2 = xpoint3:"-0.0263046510517597198486328125,0.106435157358646392822265625,0.993967235088348388671875";
              }
            }
          }
          #1 = {
            scale = fixp:"1";
            name = str:"Bone10";
            translation = xpoint3:"-7.894805908203125,4.3720073699951171875,0.93524169921875";
            rotation = {
              0 = xpoint3:"-0.67453682422637939453125,0.0278001129627227783203125,-0.736068665981292724609375";
              1 = xpoint3:"0.73368918895721435546875,0.1146967709064483642578125,-0.668775022029876708984375";
              2 = xpoint3:"0.0653460025787353515625,-0.992364346981048583984375,-0.0967021882534027099609375";
            }
            #0 = {
              scale = fixp:"1";
              name = str:"Bone11";
              translation = xpoint3:"44.7936248779296875,0,0";
              rotation = {
                0 = xpoint3:"0.1886715590953826904296875,-0.980299174785614013671875,0.0473198406398296356201171875";
                1 = xpoint3:"0.979540884494781494140625,0.18509332835674285888671875,-0.071116305887699127197265625";
                2 = xpoint3:"0.0610352866351604461669921875,0.0597611032426357269287109375,0.99634230136871337890625";
              }
            }
          }
          #2 = {
            scale = fixp:"1";
            name = str:"Bone14";
            translation = xpoint3:"7.11236095428466796875,4.68368434906005859375,0.7589263916015625";
            rotation = {
              0 = xpoint3:"0.667986333370208740234375,0.0134017467498779296875,-0.74372899532318115234375";
              1 = xpoint3:"0.738584339618682861328125,0.107456028461456298828125,0.664568245410919189453125";
              2 = xpoint3:"0.0883488953113555908203125,-0.993467748165130615234375,0.06208884716033935546875";
            }
            #0 = {
              scale = fixp:"1";
              name = str:"Bone15";
              translation = xpoint3:"45.26629638671875,0,0";
              rotation = {
                0 = xpoint3:"0.1747471392154693603515625,-0.97340762615203857421875,-0.14402602612972259521484375";
                1 = xpoint3:"0.98289883136749267578125,0.16574631631374359130859375,0.072300411760807037353515625";
                2 = xpoint3:"-0.0466443337500095367431640625,-0.154256761074066162109375,0.98691952228546142578125";
              }
            }
          }
          #3 = {
            scale = fixp:"1";
            name = str:"Bone18";
            translation = xpoint3:"7.0523891448974609375,-0.319200038909912109375,0.4805908203125";
            rotation = {
              0 = xpoint3:"0.848356783390045166015625,0.51137673854827880859375,0.13625209033489227294921875";
              1 = xpoint3:"-0.1382196247577667236328125,-0.033698432147502899169921875,0.9890701770782470703125";
              2 = xpoint3:"0.51084840297698974609375,-0.85782182216644287109375,0.0422591269016265869140625";
            }
            #0 = {
              scale = fixp:"1";
              name = str:"Bone19";
              translation = xpoint3:"31.73296356201171875,0,0";
              rotation = {
                0 = xpoint3:"-0.3010492622852325439453125,-0.9404842853546142578125,-0.151560306549072265625";
                1 = xpoint3:"0.95252954959869384765625,-0.29934513568878173828125,-0.034558348357677459716796875";
                2 = xpoint3:"-0.012986652553081512451171875,-0.154906928539276123046875,0.987834751605987548828125";
              }
            }
          }
          #4 = {
            scale = fixp:"1";
            name = str:"Bone31";
            translation = xpoint3:"-0.059664249420166015625,-32.79717254638671875,-2.9364471435546875";
            rotation = {
              0 = xpoint3:"-0.0224659442901611328125,0.999747693538665771484375,0";
              1 = xpoint3:"-0.999747693538665771484375,-0.0224659442901611328125,0";
              2 = xpoint3:"0,0,1";
            }
            #0 = {
              scale = fixp:"1";
              name = str:"pt_head";
              translation = xpoint3:"6.01365184783935546875,-0.0053977905772626399993896484375,0.13137386739253997802734375";
              rotation = {
                0 = xpoint3:"0,0.01833058707416057586669921875,-0.999831974506378173828125";
                1 = xpoint3:"0,-0.999831974506378173828125,-0.01833058707416057586669921875";
                2 = xpoint3:"-1,0,0";
              }
            }
          }
          #5 = {
            scale = fixp:"1";
            name = str:"Bone25";
            translation = xpoint3:"-0.24514865875244140625,9.20973300933837890625,0.254638671875";
            rotation = {
              0 = xpoint3:"0,0,-0.999274432659149169921875";
              1 = xpoint3:"0.891232073307037353515625,-0.451220095157623291015625,0";
              2 = xpoint3:"-0.451945602893829345703125,-0.891232013702392578125,0";
            }
            #0 = {
              scale = fixp:"1";
              name = str:"Bone26";
              translation = xpoint3:"20.33712005615234375,0,0";
              rotation = {
                0 = xpoint3:"0.51195991039276123046875,-0.858596980571746826171875,0";
                1 = xpoint3:"0.858596980571746826171875,0.51195991039276123046875,0";
                2 = xpoint3:"0,0,1";
              }
              #0 = {
                scale = fixp:"1";
                name = str:"Bone27";
                translation = xpoint3:"21.3355770111083984375,0,0";
                rotation = {
                  0 = xpoint3:"0.63215935230255126953125,-0.774493873119354248046875,0";
                  1 = xpoint3:"0.774493873119354248046875,0.63215935230255126953125,0";
                  2 = xpoint3:"0,0,1";
                }
                #0 = {
                  scale = fixp:"1";
                  name = str:"Bone28";
                  translation = xpoint3:"20.5362758636474609375,0,0";
                  rotation = {
                    0 = xpoint3:"0.6315386295318603515625,-0.77499949932098388671875,0";
                    1 = xpoint3:"0.77499949932098388671875,0.6315386295318603515625,0";
                    2 = xpoint3:"0,0,1";
                  }
                  #0 = {
                    scale = fixp:"1";
                    name = str:"Bone29";
                    translation = xpoint3:"21.4831409454345703125,0,0";
                    rotation = {
                      0 = xpoint3:"0.89348280429840087890625,-0.4489252865314483642578125,0";
                      1 = xpoint3:"0.4489252865314483642578125,0.89348280429840087890625,0";
                      2 = xpoint3:"0,0,1";
                    }
                  }
                }
              }
            }
          }
          #6 = {
            scale = fixp:"1";
            name = str:"Bone22";
            translation = xpoint3:"7.08879756927490234375,-4.71265888214111328125,0.187408447265625";
            rotation = {
              0 = xpoint3:"0.4542176723480224609375,0.03185403347015380859375,0.889876186847686767578125";
              1 = xpoint3:"-0.885149896144866943359375,-0.09190452098846435546875,0.454399287700653076171875";
              2 = xpoint3:"0.0969741344451904296875,-0.994461834430694580078125,-0.01309587061405181884765625";
            }
            #0 = {
              scale = fixp:"1";
              name = str:"Bone23";
              translation = xpoint3:"40.7371673583984375,0,0";
              rotation = {
                0 = xpoint3:"0.115888513624668121337890625,-0.991717398166656494140625,-0.042232334613800048828125";
                1 = xpoint3:"0.990145266056060791015625,0.118495814502239227294921875,-0.06551258265972137451171875";
                2 = xpoint3:"0.06999446451663970947265625,-0.03429640829563140869140625,0.996955394744873046875";
              }
            }
          }
          #7 = {
            scale = fixp:"1";
            name = str:"Bone06";
            translation = xpoint3:"-6.760089874267578125,-5.024822235107421875,0.37186431884765625";
            rotation = {
              0 = xpoint3:"-0.471898853778839111328125,-0.001216351985931396484375,0.88043963909149169921875";
              1 = xpoint3:"-0.876644134521484375,-0.091320931911468505859375,-0.47071421146392822265625";
              2 = xpoint3:"0.08167326450347900390625,-0.99502527713775634765625,0.0431935787200927734375";
            }
            #0 = {
              scale = fixp:"1";
              name = str:"Bone07";
              translation = xpoint3:"42.11234283447265625,0,0";
              rotation = {
                0 = xpoint3:"0.156787931919097900390625,-0.966906249523162841796875,0.198207795619964599609375";
                1 = xpoint3:"0.982751071453094482421875,0.17157606780529022216796875,0.05966447293758392333984375";
                2 = xpoint3:"-0.09162032604217529296875,0.18561221659183502197265625,0.978326320648193359375";
              }
            }
          }
          #8 = {
            scale = fixp:"1";
            name = str:"pt_chest ";
            translation = xpoint3:"-0.2955491244792938232421875,-16.16015625,-0.864837646484375";
            rotation = {
              0 = xpoint3:"0.00273699127137660980224609375,0.0101607851684093475341796875,-0.999944627285003662109375";
              1 = xpoint3:"0.99999606609344482421875,0,0.0027311337180435657501220703125";
              2 = xpoint3:"0,-0.999948203563690185546875,-0.010162350721657276153564453125";
            }
          }
        }
        #1 = {
          scale = fixp:"1";
          name = str:"pt_cast";
          translation = xpoint3:"0.81531131267547607421875,-17.64208984375,-13.57452392578125";
          rotation = {
            0 = xpoint3:"1,0,0";
            1 = xpoint3:"0,0.974180161952972412109375,-0.22577191889286041259765625";
            2 = xpoint3:"0,0.22577191889286041259765625,0.974180161952972412109375";
          }
        }
        #2 = {
          scale = fixp:"1";
          name = str:"pt_center";
          translation = xpoint3:"0.1494138538837432861328125,-2.800367832183837890625,4.5536651611328125";
          rotation = {
            0 = xpoint3:"1,0,0";
            1 = xpoint3:"0,0.999999701976776123046875,0";
            2 = xpoint3:"0,0,0.999999701976776123046875";
          }
        }
      }
      #1 = {
        scale = fixp:"1";
        name = str:"pt_aim";
        translation = xpoint3:"0.340777873992919921875,-149.508575439453125,39.156620025634765625";
        rotation = {
          0 = xpoint3:"1,0,0";
          1 = xpoint3:"0,1,0";
          2 = xpoint3:"0,0,1";
        }
      }
      #2 = {
        scale = fixp:"1";
        name = str:"pt_top";
        translation = xpoint3:"0.0019989013671875,0.521837174892425537109375,121.08782196044921875";
        rotation = {
          0 = xpoint3:"0,0,1";
          1 = xpoint3:"0,1,0";
          2 = xpoint3:"-1,0,0";
        }
      }
      #3 = {
        scale = fixp:"1";
        name = str:"pt_ground";
        translation = xpoint3:"0,0,0";
        rotation = {
          0 = xpoint3:"1,0,0";
          1 = xpoint3:"0,-1,0";
          2 = xpoint3:"0,0,-1";
        }
      }
    }
  }
}